   1.0000000e+03   1.5000000e+01
   1.0000000e+02  -1.0500000e+02
   1.0000000e+02  -1.5000000e+01
   2.5000000e+01  -7.5000000e+01
   5.0000000e+02   4.5000000e+01
   5.0000000e+02  -7.5000000e+01
   1.0000000e+03   1.5000000e+01
   2.5000000e+01  -1.0500000e+02
   5.0000000e+01  -1.5000000e+01
   2.0000000e+02  -7.5000000e+01
   2.5000000e+01  -1.5000000e+01
   2.5000000e+01  -1.0500000e+02
   2.0000000e+02   4.5000000e+01
   2.5000000e+01  -1.0500000e+02
   5.0000000e+01  -1.5000000e+01
   5.0000000e+01  -7.5000000e+01
   5.0000000e+01  -4.5000000e+01
   2.5000000e+01   4.5000000e+01
   1.0000000e+03   1.5000000e+01
   2.5000000e+01  -7.5000000e+01
   2.5000000e+01  -1.5000000e+01
   1.0000000e+03  -4.5000000e+01
   1.0000000e+02  -1.0500000e+02
   5.0000000e+01  -4.5000000e+01
   2.5000000e+01  -1.0500000e+02
   2.5000000e+01   4.5000000e+01
   2.5000000e+01  -4.5000000e+01
   2.5000000e+01  -7.5000000e+01
   2.5000000e+01  -1.0500000e+02
   2.5000000e+01   1.5000000e+01
   5.0000000e+02   4.5000000e+01
   2.5000000e+01  -1.0500000e+02
   2.5000000e+01   4.5000000e+01
   2.5000000e+01  -7.5000000e+01
   1.0000000e+03   1.5000000e+01
   2.5000000e+01  -4.5000000e+01
   2.5000000e+01  -1.5000000e+01
   5.0000000e+01  -1.0500000e+02
   2.5000000e+01   4.5000000e+01
   5.0000000e+01  -4.5000000e+01
   2.5000000e+01  -1.0500000e+02
   2.5000000e+01  -4.5000000e+01
   2.5000000e+01  -1.0500000e+02
   2.5000000e+01  -7.5000000e+01
   2.5000000e+01  -4.5000000e+01
   2.0000000e+02   4.5000000e+01
   2.5000000e+01  -1.0500000e+02
   2.5000000e+01   1.5000000e+01
   2.5000000e+01  -1.0500000e+02
   2.5000000e+01   1.5000000e+01
   2.5000000e+01  -4.5000000e+01
