   4.3200000e+02   2.9649707e+01
   9.0000000e+01  -1.0965452e+02
   4.4500000e+02  -1.1317386e+00
   2.8500000e+02  -1.1849413e+02
   1.3300000e+02   5.8752359e+01
   2.0800000e+02  -8.8987724e+01
   2.4500000e+02   3.9042237e+01
   2.4000000e+01  -1.1093807e+02
   3.9000000e+01  -2.3585355e+01
   8.8000000e+01  -8.9702869e+01
   2.7000000e+01  -1.7144891e+01
   2.3000000e+01  -8.5652965e+01
   3.1500000e+02   1.4682182e+01
   5.7000000e+01  -1.1300776e+02
   3.3000000e+01  -3.5796207e+01
   2.0800000e+02   5.9812082e+01
   3.2000000e+01  -8.8663202e+01
   2.0000000e+01  -4.2065595e+01
   2.1000000e+01   1.9794314e+01
   4.8000000e+01  -1.0476563e+02
   3.0000000e+01  -4.7085609e+01
   2.4000000e+01   3.4189400e+01
   3.1000000e+01  -8.8806209e+01
   2.2000000e+01   1.2998879e+01
   8.9000000e+01   5.9433296e+01
   2.3000000e+01  -5.9055776e+01
   3.2000000e+01  -2.7246774e+01
   1.0100000e+02  -1.1316162e+02
   3.0000000e+01  -4.6062568e+01
   2.5000000e+01  -6.1532723e+01
   2.0000000e+01  -1.7122833e+01
   2.2000000e+01  -1.1726303e+02
   2.0000000e+01  -8.6096711e+01
   1.0100000e+02   5.9828480e+01
   2.0000000e+01  -1.0547794e+02
   2.3000000e+01   5.9767395e+01
   2.0000000e+01  -1.0849672e+02
   2.0000000e+01   8.3914223e+00
   2.0000000e+01  -5.3781239e+01
   2.0000000e+01  -2.1871434e+01
   2.4000000e+01  -9.8366432e+01
   2.0000000e+01  -8.7128549e+00
   4.0000000e+01  -1.0349597e+02
   2.1000000e+01   1.9122160e+01
   2.2000000e+01  -4.0351632e+01
   2.2400000e+02   4.6636128e+01
   2.5000000e+01  -9.0478500e+01
   1.7700000e+02   2.6051685e+01
   2.9100000e+02   2.0538819e+01
   7.5000000e+01  -1.4520359e+01
   2.8000000e+01  -3.0336905e+01
