   7.4100000e+02   2.9000000e+01
   2.0000000e+01  -1.1400000e+02
   2.3000000e+01  -6.4000000e+01
   6.2700000e+02  -1.3000000e+01
   1.1700000e+02  -1.1000000e+02
   1.1280000e+03  -3.0000000e+00
   2.2000000e+01  -1.1700000e+02
   1.0800000e+02   6.0000000e+01
   2.1800000e+02  -8.8000000e+01
   3.1000000e+02   2.1000000e+01
   9.1000000e+01  -8.9000000e+01
   5.0000000e+01  -4.5000000e+01
   1.5100000e+02  -8.9000000e+01
   4.3000000e+01  -2.7000000e+01
   2.0000000e+01  -5.9000000e+01
   2.4000000e+02   5.8000000e+01
   5.9000000e+01  -9.0000000e+01
   4.6500000e+02  -4.4000000e+01
   3.9000000e+01  -2.5000000e+01
   2.0000000e+01  -1.1400000e+02
   2.1900000e+02   5.8000000e+01
   4.1900000e+02  -6.0000000e+01
   6.0000000e+01  -1.1900000e+02
   2.1000000e+01  -3.6000000e+01
   3.1500000e+02   5.6000000e+01
   3.3000000e+01  -9.0000000e+01
   2.4300000e+02  -2.5000000e+01
   2.2000000e+01  -1.0200000e+02
   2.4000000e+01   1.1000000e+01
   2.1000000e+01  -5.9000000e+01
   1.0100000e+02   6.0000000e+01
   2.0000000e+01  -9.2000000e+01
   2.0000000e+01   2.9000000e+01
   2.0000000e+01  -3.0000000e+00
   2.2000000e+01  -1.1500000e+02
   2.0000000e+01  -1.3000000e+01
   5.0000000e+01  -1.2000000e+02
   2.4000000e+01  -3.9000000e+01
   2.4000000e+01  -8.8000000e+01
   2.0000000e+01  -8.4000000e+01
   2.0000000e+01   8.0000000e+00
   2.2000000e+01  -1.0200000e+02
   3.2600000e+02   5.4000000e+01
   5.0000000e+01  -8.2000000e+01
   1.8600000e+02   5.2000000e+01
   2.9000000e+01  -1.1900000e+02
   3.2000000e+01  -1.9000000e+01
   2.0000000e+01  -5.9000000e+01
   2.6000000e+01  -1.1300000e+02
   4.0000000e+01   1.5000000e+01
   2.2000000e+01  -7.6000000e+01
