   1.1760000e+03   2.8622307e+01
   4.2900000e+02  -8.8693576e+01
   9.1000000e+01  -7.9785260e+00
   7.6000000e+01   5.7458875e+01
   3.6000000e+01  -1.1022439e+02
   3.6000000e+01  -2.2147095e+01
   4.1000000e+01  -9.6220219e+01
   6.4000000e+01   5.6773706e+01
   2.3600000e+02  -8.2212468e+01
   2.9000000e+01  -1.9714219e+01
   2.0000000e+01  -1.1329105e+02
   2.0000000e+01  -3.4313259e+01
   1.0300000e+02   5.9982272e+01
   2.0000000e+01  -1.1391694e+02
   4.6000000e+01  -1.2805855e+01
   2.1100000e+02  -5.9686791e+01
   2.2000000e+01   2.2342381e+01
   7.0400000e+02  -6.9881113e+01
   2.1000000e+01   2.8297975e+01
   3.5000000e+01  -8.9072535e+01
   2.9000000e+01  -4.8094571e+01
   2.1000000e+01  -1.1757385e+02
   1.1500000e+02   5.9633123e+01
   2.9000000e+01  -5.6653042e+01
   1.3400000e+02   5.9409837e+01
   3.7000000e+01  -8.7881452e+01
   6.3000000e+01  -2.6074834e+01
   2.0000000e+01   5.2153472e+01
   2.4000000e+01  -5.9074373e+01
   2.0000000e+01  -2.3451014e+00
   2.3000000e+01  -2.4991297e+01
   2.1000000e+01  -1.0565209e+02
   2.0000000e+01   2.9953801e+01
   1.8400000e+02   5.8154651e+00
   4.3000000e+01  -9.8646600e+01
   4.0000000e+01   4.6006875e+01
   2.5000000e+01  -1.1948141e+02
   8.9000000e+01   1.5984884e+01
   2.1000000e+02  -5.6652858e+01
   2.4000000e+01   5.6535515e+01
   2.4000000e+01  -1.1156039e+02
   2.0000000e+01  -5.7843118e+01
   3.5000000e+01  -1.1838544e+02
   2.3000000e+01  -7.7590911e-02
   2.0000000e+01  -8.4863857e+01
   2.1000000e+01  -6.7766854e+01
   2.0000000e+01  -9.6283822e+00
   2.0000000e+01  -1.0303365e+02
   2.1000000e+01  -5.6375785e+00
   2.1000000e+01  -2.2939948e+01
   2.0000000e+01  -5.9414121e+01
