   6.9900000e+02   2.9670943e+01
   2.0400000e+02  -9.7548567e+01
   2.1600000e+02  -2.9668149e+01
   1.1000000e+02   5.9692025e+01
   1.1300000e+02  -8.9971578e+01
   2.5000000e+01  -9.7360810e+00
   4.5000000e+01  -1.0121134e+02
   2.4000000e+01   4.4585218e+00
   3.5000000e+01  -8.9483515e+01
   4.5700000e+02   5.6361921e+01
   3.8500000e+02  -8.9853924e+01
   2.4000000e+01  -1.3777504e+01
   2.0000000e+01  -1.1644084e+02
   2.1000000e+01  -3.1435714e+01
   2.0000000e+01  -6.0948099e+01
   1.1700000e+02   5.9630282e+01
   7.6500000e+02  -5.6143560e+01
   2.1000000e+01  -7.5714723e+01
   2.0000000e+01   5.0102192e+01
   1.0800000e+02  -8.9096429e+01
   2.0000000e+01   1.9931744e+01
   3.7000000e+01  -5.4203554e+01
   2.5000000e+01  -2.4631110e+01
   2.0000000e+01  -9.5914062e+01
   1.3900000e+02  -3.0044994e+01
   4.4000000e+01   5.4030131e+01
   1.2400000e+02  -9.8595027e+01
   1.0500000e+02   5.9932065e+01
   4.1000000e+01  -9.4950383e+01
   2.1000000e+01   4.6708115e+01
   2.0000000e+01  -9.6017958e+01
   2.4000000e+01  -7.5246543e+00
   2.0000000e+01  -4.2031320e+01
   6.7100000e+02   2.9959296e+01
   7.6000000e+01  -5.6291250e+01
   3.0000000e+01  -5.2430970e+00
   3.6000000e+01  -9.5036123e+01
   2.0000000e+01   9.0709773e+00
   2.6000000e+01  -3.8321065e+01
   2.0000000e+01  -9.4962547e+01
   2.0000000e+01   1.2765051e+01
   2.1000000e+01   3.4717568e+01
   2.2000000e+01  -2.8591178e+01
   2.0000000e+01  -1.1464855e+02
   2.1000000e+01  -3.9491615e+01
   4.1000000e+01  -1.1886472e+02
   2.0000000e+01   4.2843638e+01
   2.1000000e+01   3.2079576e+01
   1.2700000e+02   5.9844123e+01
   2.0000000e+01  -8.3742806e+01
   2.4000000e+01   3.8017674e+01
