   5.2300000e+02   2.6000000e+01
   2.0000000e+01  -9.3000000e+01
   4.6900000e+02   2.5000000e+01
   2.8700000e+02  -9.1000000e+01
   1.3560000e+03   2.7000000e+01
   1.2300000e+03  -8.8000000e+01
   1.6100000e+02   4.9000000e+01
   1.9800000e+02  -8.5000000e+01
   2.8200000e+02  -9.0000000e+00
   7.1000000e+02  -5.6000000e+01
   3.9000000e+02  -1.2000000e+02
   4.8200000e+02  -1.1000000e+01
   6.7000000e+01  -8.5000000e+01
   3.1000000e+01   9.0000000e+00
   3.0000000e+01  -1.1300000e+02
   7.4200000e+02  -3.3000000e+01
   1.8800000e+02   3.1000000e+01
   2.3900000e+02  -8.7000000e+01
   1.4600000e+02   5.7000000e+01
   2.3000000e+01  -6.0000000e+01
   2.5000000e+01  -2.4000000e+01
   1.7810000e+03  -3.4000000e+01
   1.0400000e+02  -5.8000000e+01
   2.3100000e+02  -9.0000000e+00
   3.1000000e+01  -9.0000000e+01
   8.5000000e+01   5.9000000e+01
   2.6000000e+01  -1.0300000e+02
   1.3720000e+03   2.5000000e+01
   4.3400000e+02  -5.3000000e+01
   2.3100000e+02   6.0000000e+00
   4.7000000e+01  -1.1100000e+02
   3.0500000e+02  -4.2000000e+01
   5.5000000e+01  -1.3000000e+01
   1.0580000e+03  -1.1000000e+02
   1.4500000e+02   3.3000000e+01
   3.5800000e+02  -6.0000000e+01
   3.1000000e+01   6.0000000e+01
   2.0000000e+01   5.0000000e+00
   2.0000000e+01  -4.3000000e+01
   9.1000000e+01  -8.8000000e+01
   4.1800000e+02  -2.9000000e+01
   8.5500000e+02  -6.1000000e+01
   8.4000000e+01   6.0000000e+01
   2.6000000e+01  -9.0000000e+01
   2.0000000e+01  -2.3000000e+01
   5.1900000e+02  -1.3000000e+01
   1.1610000e+03  -8.0000000e+01
   3.6500000e+02  -5.7000000e+01
   1.2900000e+02   6.0000000e+01
   2.2000000e+01   4.5000000e+01
   2.1000000e+01  -7.7000000e+01
   5.4300000e+02   3.6000000e+01
   8.0000000e+01  -9.0000000e+01
   2.6200000e+02   3.7000000e+01
