   2.8500000e+02   2.9000000e+01
   8.4000000e+01  -7.3000000e+01
   4.2600000e+02   2.9000000e+01
   4.3000000e+02  -1.0800000e+02
   3.0000000e+01  -4.6000000e+01
   5.4000000e+01  -6.0000000e+00
   3.7000000e+01  -1.1900000e+02
   6.9900000e+02   3.5000000e+01
   1.8400000e+02  -9.0000000e+01
   8.2000000e+01  -5.6000000e+01
   5.4000000e+01  -1.7000000e+01
   5.0300000e+02  -1.0400000e+02
   1.3900000e+02   5.8000000e+01
   2.9100000e+02  -6.0000000e+01
   2.8000000e+01  -2.2000000e+01
   2.0000000e+01  -4.4000000e+01
   1.4200000e+02  -9.0000000e+01
   2.0000000e+01  -3.1000000e+01
   2.0000000e+01   4.3000000e+01
   2.2000000e+01  -3.7000000e+01
   3.5000000e+01  -1.2000000e+02
   6.2000000e+01  -1.0000000e+00
   2.0000000e+01  -6.1000000e+01
   2.2000000e+01  -8.8000000e+01
   2.2600000e+02   6.0000000e+01
   3.0000000e+01   2.3000000e+01
   3.3000000e+01  -9.0000000e+01
   1.6000000e+02   1.6000000e+01
   2.6000000e+01   5.6000000e+01
   2.6700000e+02  -5.7000000e+01
   1.9200000e+02   3.8000000e+01
   2.1000000e+01  -7.0000000e+01
   1.0000000e+02  -9.2000000e+01
   2.9000000e+01   6.0000000e+01
   2.2000000e+01  -1.2000000e+01
   2.1000000e+01  -9.2000000e+01
   2.3000000e+01   6.0000000e+00
   4.4000000e+01  -8.8000000e+01
   2.1000000e+01  -5.0000000e+00
   2.1000000e+01   2.6000000e+01
   2.0000000e+01  -1.1800000e+02
   2.2000000e+01   3.0000000e+00
   2.1000000e+01   3.8000000e+01
   3.6000000e+01  -1.1900000e+02
   2.1000000e+01  -7.9000000e+01
   2.3000000e+01   1.0000000e+01
   2.2000000e+01  -6.2000000e+01
   2.0000000e+01  -6.3000000e+01
   1.3300000e+02   6.0000000e+01
   2.0000000e+01  -1.0000000e+01
   2.5000000e+01  -7.5000000e+01
   6.0800000e+02  -4.0000000e+00
   2.0000000e+01  -1.0600000e+02
   4.7000000e+01  -5.0000000e+00
