   2.8000000e+01   4.0000000e+00
   1.1200000e+02   5.6000000e+01
   7.3000000e+01  -1.1000000e+02
   1.0000000e+02   6.0000000e+01
   3.4300000e+02  -9.0000000e+01
   3.5000000e+01  -9.0000000e+00
   3.8000000e+01   6.0000000e+01
   8.0000000e+01  -9.0000000e+01
   2.9000000e+01  -1.5000000e+01
   2.1000000e+01  -1.1700000e+02
   5.2600000e+02   4.0000000e+00
   2.2000000e+01  -8.4000000e+01
   6.8000000e+01  -3.2000000e+01
   5.6000000e+01   5.9000000e+01
   1.3600000e+02  -5.9000000e+01
   6.0900000e+02  -2.9000000e+01
   5.0000000e+01  -1.2000000e+02
   4.8000000e+01  -4.8000000e+01
   2.5000000e+01  -6.8000000e+01
   2.9000000e+01  -1.1000000e+02
   2.6000000e+01  -1.0000000e+00
   1.4300000e+02   5.9000000e+01
   6.0000000e+01  -9.0000000e+01
   1.3100000e+02   1.4000000e+01
   3.6000000e+01  -1.1900000e+02
   2.0000000e+01  -1.0000000e+01
   2.2000000e+01  -6.0000000e+00
   4.2000000e+01  -1.1100000e+02
   1.1600000e+02   6.0000000e+01
   2.2000000e+01  -6.0000000e+01
   2.5500000e+02  -6.0000000e+00
   4.1000000e+01  -9.4000000e+01
   2.4000000e+01   4.1000000e+01
   1.6400000e+02   6.0000000e+01
   2.8000000e+01  -9.3000000e+01
   2.7200000e+02   2.7000000e+01
   2.5000000e+01  -1.2000000e+02
   2.0000000e+01   2.9000000e+01
   2.0000000e+01  -5.4000000e+01
   2.6000000e+01  -4.2000000e+01
   3.9900000e+02  -2.9000000e+01
   2.2000000e+01  -5.7000000e+01
   5.0600000e+02   3.5000000e+01
   2.5000000e+01  -1.0300000e+02
   1.0300000e+02   2.5000000e+01
   2.7000000e+01  -7.5000000e+01
   3.3000000e+02  -3.0000000e+00
   1.1400000e+02  -2.3000000e+01
   2.0000000e+01   1.0000000e+01
   2.2000000e+01  -9.2000000e+01
   2.0000000e+01  -2.7000000e+01
   2.3000000e+01  -1.0000000e+02
   2.1000000e+01  -4.3000000e+01
   2.4000000e+01   4.1000000e+01
