   7.6600000e+02  -2.9000000e+01
   4.4000000e+02   5.6000000e+01
   8.6000000e+01  -9.0000000e+01
   1.3000000e+02  -3.0000000e+00
   2.2600000e+02  -9.7000000e+01
   4.0300000e+02   2.8000000e+01
   4.4800000e+02  -7.0000000e+01
   9.4700000e+02   2.1000000e+01
   1.8400000e+02  -8.8000000e+01
   3.3400000e+02  -1.4000000e+01
   3.9000000e+01  -9.1000000e+01
   1.1000000e+02   5.4000000e+01
   6.4900000e+02  -5.8000000e+01
   4.6000000e+01  -1.1900000e+02
   2.2000000e+01   1.5000000e+01
   2.1000000e+01  -1.1200000e+02
   2.4000000e+01  -3.3000000e+01
   2.4000000e+01  -8.3000000e+01
   5.6000000e+02   5.2000000e+01
   6.1900000e+02  -3.7000000e+01
   2.1000000e+01  -1.1000000e+01
   4.5000000e+01  -1.1700000e+02
   3.2000000e+01  -1.8000000e+01
   2.1000000e+01  -6.3000000e+01
   1.7100000e+02  -1.0000000e+01
   2.8000000e+01  -5.8000000e+01
   2.0700000e+02   4.5000000e+01
   3.0000000e+01  -1.1100000e+02
   2.6000000e+01   1.9000000e+01
   2.7000000e+01  -4.3000000e+01
   4.9000000e+01   5.8000000e+01
   2.0000000e+01  -9.3000000e+01
   7.1000000e+01   5.6000000e+01
   4.3000000e+01   2.2000000e+01
   3.1000000e+01  -5.9000000e+01
   2.0000000e+01   2.9000000e+01
   5.4000000e+01   3.5000000e+01
   3.2000000e+01  -9.3000000e+01
   3.7000000e+01  -1.9000000e+01
   2.3000000e+01  -1.1300000e+02
   2.8000000e+01   3.8000000e+01
   1.6600000e+02   4.2000000e+01
   2.6000000e+01  -6.7000000e+01
   2.0000000e+01  -1.1600000e+02
   2.1000000e+01  -5.4000000e+01
   2.1000000e+01  -4.4000000e+01
   2.1000000e+01   2.0000000e+00
   2.0000000e+01  -3.3000000e+01
   4.5000000e+01  -1.2000000e+02
   6.8000000e+01   6.0000000e+01
   2.1000000e+01  -1.1200000e+02
   2.2000000e+01   1.3000000e+01
   2.1000000e+01   2.4000000e+01
   2.0000000e+01   2.4000000e+01
