   7.4200000e+02   2.9000000e+01
   4.8800000e+02  -1.0900000e+02
   1.7100000e+02   5.7000000e+01
   3.5100000e+02  -9.0000000e+01
   8.2000000e+01  -3.7000000e+01
   1.0600000e+02  -1.0000000e+00
   2.3000000e+02   2.0000000e+01
   2.6000000e+01  -9.4000000e+01
   5.9000000e+01   4.9000000e+01
   3.1000000e+01  -1.1200000e+02
   6.6500000e+02   1.9000000e+01
   1.5500000e+02  -8.7000000e+01
   3.0000000e+01  -1.0000000e+00
   2.3000000e+01  -6.4000000e+01
   3.0000000e+01  -1.1900000e+02
   4.3000000e+01  -1.3000000e+01
   2.4000000e+01  -1.2000000e+02
   4.9000000e+01  -5.4000000e+01
   1.3100000e+02   5.8000000e+01
   4.8300000e+02  -4.2000000e+01
   2.5000000e+01  -9.0000000e+01
   2.5000000e+01   2.6000000e+01
   2.1000000e+01  -6.0000000e+01
   2.0000000e+01  -3.0000000e+00
   8.8600000e+02   2.3000000e+01
   5.3000000e+01  -5.9000000e+01
   2.3000000e+01   5.9000000e+01
   2.7000000e+01  -1.1700000e+02
   3.6000000e+01  -4.2000000e+01
   2.1000000e+01  -6.2000000e+01
   3.0000000e+01   6.0000000e+01
   2.0000000e+01  -2.0000000e+00
   2.9000000e+01  -9.0000000e+01
   2.2000000e+01   5.7000000e+01
   2.0000000e+01  -6.3000000e+01
   2.1000000e+01   5.0000000e+00
   4.4000000e+01  -1.2000000e+02
   2.8000000e+01  -8.3000000e+01
   2.0000000e+01  -1.1200000e+02
   2.5000000e+01   1.4000000e+01
   2.0000000e+01  -6.8000000e+01
   2.8000000e+01  -8.1000000e+01
   6.2000000e+02   4.9000000e+01
   4.7000000e+01  -2.3000000e+01
   3.5000000e+01  -9.0000000e+01
   2.6000000e+02   6.0000000e+00
   1.3900000e+02  -2.0000000e+01
   1.7900000e+02  -8.9000000e+01
   1.1900000e+02   1.8000000e+01
   8.9000000e+01  -0.0000000e+00
   3.1000000e+02   5.9000000e+01
   3.5000000e+01  -9.1000000e+01
   1.0300000e+02  -2.5000000e+01
   6.3000000e+01  -2.8000000e+01
