   6.3900000e+02   2.4000000e+01
   2.1800000e+02   2.8000000e+01
   2.3000000e+01  -1.3000000e+01
   1.5100000e+02  -9.0000000e+01
   3.6300000e+02  -7.0000000e+00
   2.0000000e+01  -1.1900000e+02
   4.2200000e+02   4.6000000e+01
   7.7000000e+01  -8.8000000e+01
   9.3000000e+01  -5.6000000e+01
   3.4000000e+01  -2.3000000e+01
   8.4000000e+01  -1.1600000e+02
   4.0800000e+02  -6.0000000e+00
   2.8000000e+01  -7.7000000e+01
   3.3600000e+02   3.7000000e+01
   3.8100000e+02  -6.0000000e+01
   7.7000000e+01  -5.0000000e+00
   2.6000000e+01  -9.0000000e+01
   8.9000000e+01   5.9000000e+01
   6.6000000e+01  -1.1000000e+02
   2.3000000e+01  -0.0000000e+00
   2.3000000e+01  -5.8000000e+01
   2.9600000e+02   5.4000000e+01
   2.2000000e+01  -6.0000000e+01
   2.1000000e+01   3.0000000e+00
   2.3000000e+01  -7.0000000e+00
   2.2000000e+01  -5.3000000e+01
   2.9000000e+01  -9.3000000e+01
   2.0000000e+01   3.8000000e+01
   6.5000000e+01  -1.2000000e+02
   2.6000000e+01  -3.9000000e+01
   2.1000000e+01   1.0000000e+01
   2.1000000e+01  -1.0500000e+02
   2.0000000e+01   2.5000000e+01
   2.2000000e+01  -1.1200000e+02
   2.1000000e+01  -1.2000000e+02
   2.0000000e+01   4.4000000e+01
   2.2000000e+01  -7.1000000e+01
   2.0000000e+01   3.3000000e+01
   9.9000000e+01   5.4000000e+01
   2.1000000e+01  -1.1200000e+02
   2.3000000e+01  -0.0000000e+00
   2.0000000e+01   2.0000000e+01
   1.6900000e+02  -8.4000000e+01
   2.1000000e+02  -4.1000000e+01
   1.3900000e+02  -1.5000000e+01
   1.1900000e+02   5.9000000e+01
   5.1000000e+01  -9.0000000e+01
   5.3000000e+01  -2.2000000e+01
   4.3000000e+01  -1.1200000e+02
   4.0000000e+01  -5.8000000e+01
   5.6000000e+01   1.8000000e+01
   2.2000000e+01   5.6000000e+01
   3.4000000e+01  -3.7000000e+01
   5.3000000e+01  -2.9000000e+01
