   4.7600000e+02  -5.0000000e+00
   1.1500000e+02   6.0000000e+01
   1.1100000e+02  -9.0000000e+01
   3.5600000e+02   2.9000000e+01
   1.1200000e+02  -1.0900000e+02
   6.5300000e+02   9.0000000e+00
   4.5000000e+01  -1.1300000e+02
   8.4000000e+01  -2.2000000e+01
   3.0100000e+02  -1.1100000e+02
   4.0000000e+01  -3.6000000e+01
   2.7600000e+02   2.7000000e+01
   2.7000000e+02  -8.9000000e+01
   1.4400000e+02   6.0000000e+01
   2.1000000e+01  -8.5000000e+01
   2.1000000e+01   2.5000000e+01
   2.1000000e+02  -6.0000000e+01
   4.2600000e+02  -3.0000000e+01
   7.2000000e+01  -8.5000000e+01
   1.1400000e+02   5.5000000e+01
   5.0000000e+01  -1.0000000e+00
   2.8500000e+02  -6.0000000e+01
   3.3000000e+01  -1.1300000e+02
   7.1200000e+02  -2.1000000e+01
   2.3500000e+02  -5.7000000e+01
   2.1000000e+01   1.4000000e+01
   2.3000000e+01  -5.9000000e+01
   2.0000000e+01  -7.6000000e+01
   2.3000000e+01   1.8000000e+01
   2.7000000e+01  -9.0000000e+01
   2.0000000e+01   5.9000000e+01
   3.1000000e+01  -7.4000000e+01
   2.0000000e+01   5.5000000e+01
   2.7000000e+01  -4.5000000e+01
   6.9000000e+01  -1.1400000e+02
   2.0000000e+01   5.0000000e+00
   2.3000000e+01  -7.0000000e+01
   1.2300000e+02  -2.1000000e+01
   6.0000000e+01   3.3000000e+01
   1.3600000e+02   1.5000000e+01
   2.8600000e+02   5.1000000e+01
   3.5000000e+01  -1.1200000e+02
   1.0300000e+02  -1.1000000e+01
   2.3000000e+01  -1.1900000e+02
   2.1000000e+01   2.9000000e+01
   2.0000000e+01   4.7000000e+01
   2.1000000e+01  -1.1200000e+02
   2.1000000e+01  -4.4000000e+01
   2.3000000e+01  -8.6000000e+01
   2.4000000e+01  -1.4000000e+01
   2.0000000e+01  -1.2000000e+01
   1.1000000e+02   6.0000000e+01
   8.4000000e+01   2.8000000e+01
   2.2000000e+01  -7.6000000e+01
   2.0000000e+01  -5.0000000e+00
