   7.2000000e+02   2.9000000e+01
   1.6500000e+02  -9.0000000e+01
   7.0200000e+02   4.7000000e+01
   6.4000000e+01  -9.0000000e+01
   2.3000000e+01  -1.0000000e+00
   6.0000000e+01  -1.0900000e+02
   4.8000000e+01  -3.0000000e+00
   2.1000000e+01  -8.9000000e+01
   2.6000000e+01  -1.2000000e+02
   2.9000000e+01  -5.0000000e+00
   2.0000000e+01  -1.1900000e+02
   2.5000000e+01  -3.9000000e+01
   2.2000000e+01  -9.0000000e+01
   1.6100000e+02   5.6000000e+01
   2.1000000e+01   2.9000000e+01
   7.5700000e+02  -5.6000000e+01
   4.3000000e+01   2.1000000e+01
   2.0000000e+01  -8.4000000e+01
   2.0000000e+01  -2.0000000e+00
   2.0000000e+01  -1.1500000e+02
   3.1000000e+01  -4.8000000e+01
   1.8000000e+02   2.9000000e+01
   2.0000000e+01  -4.8000000e+01
   4.0300000e+02  -2.9000000e+01
   6.6600000e+02  -5.2000000e+01
   3.7500000e+02  -1.1000000e+02
   2.8000000e+02   4.8000000e+01
   7.5000000e+01  -2.1000000e+01
   2.5700000e+02  -5.9000000e+01
   2.0000000e+01   4.3000000e+01
   2.8000000e+01  -1.0300000e+02
   2.5000000e+01   7.0000000e+00
   2.4000000e+01   5.3000000e+01
   2.4000000e+01   4.0000000e+01
   3.8000000e+01  -9.8000000e+01
   2.5000000e+01  -7.0000000e+00
   3.9000000e+01   1.9000000e+01
   2.1000000e+01  -2.3000000e+01
   2.0000000e+01  -9.9000000e+01
   2.0000000e+01   1.0000000e+00
   2.1000000e+01  -1.1400000e+02
   2.3000000e+01   1.5000000e+01
   3.3000000e+01  -7.8000000e+01
   3.2000000e+01   6.0000000e+01
   2.0000000e+01  -9.4000000e+01
   2.3000000e+01  -4.3000000e+01
   2.0000000e+01  -1.1400000e+02
   1.7300000e+02  -8.9000000e+01
   2.0000000e+01  -7.0000000e+01
   3.9000000e+01   5.3000000e+01
   5.5000000e+01   6.0000000e+01
   2.8000000e+01   1.3000000e+01
   2.0000000e+01  -9.3000000e+01
   2.0000000e+01   2.0000000e+00
