   8.8200000e+02   2.5000000e+01
   1.3000000e+02  -9.5000000e+01
   1.3100000e+02  -2.2000000e+01
   6.0000000e+02   4.7000000e+01
   3.9700000e+02  -8.9000000e+01
   4.0000000e+01  -4.6000000e+01
   6.2000000e+01   6.0000000e+01
   1.5000000e+02  -9.0000000e+01
   2.0000000e+01   2.7000000e+01
   3.5000000e+01  -1.1800000e+02
   3.3000000e+01  -1.1000000e+01
   2.4000000e+01  -1.1300000e+02
   4.9000000e+01  -4.5000000e+01
   7.9100000e+02   3.3000000e+01
   2.6000000e+01  -6.0000000e+01
   2.4000000e+01  -1.9000000e+01
   1.0800000e+02  -9.0000000e+01
   2.0000000e+01  -2.0000000e+00
   1.6200000e+02  -5.8000000e+01
   8.4000000e+02  -2.9000000e+01
   7.1000000e+01  -8.0000000e+01
   3.0800000e+02   4.3000000e+01
   3.6000000e+01  -9.6000000e+01
   2.0000000e+01   3.9000000e+01
   2.3700000e+02  -6.0000000e+01
   2.4000000e+01   1.5000000e+01
   2.1000000e+01  -1.2000000e+02
   2.1000000e+01  -8.2000000e+01
   2.7000000e+01  -1.8000000e+01
   2.3000000e+01  -8.9000000e+01
   2.1000000e+01   5.0000000e+00
   4.0000000e+01  -1.1600000e+02
   6.5000000e+01  -2.0000000e+01
   3.9000000e+01  -8.9000000e+01
   4.4000000e+01   4.8000000e+01
   4.7000000e+01  -3.8000000e+01
   1.7200000e+02   6.0000000e+01
   2.5000000e+01  -9.2000000e+01
   2.5000000e+01   2.5000000e+01
   2.1800000e+02   2.6000000e+01
   3.3000000e+01  -1.8000000e+01
   4.0000000e+01  -1.1800000e+02
   3.2000000e+01   5.2000000e+01
   2.0000000e+01  -7.3000000e+01
   3.5000000e+01   6.0000000e+01
   2.1000000e+01  -5.3000000e+01
   2.1000000e+01  -1.1200000e+02
   2.0000000e+01  -3.0000000e+01
   2.6000000e+01  -1.0000000e+01
   1.2700000e+02   6.0000000e+01
   2.0000000e+01  -9.3000000e+01
   2.1000000e+01   6.0000000e+01
   2.0000000e+01  -1.1300000e+02
   3.6200000e+02  -3.5000000e+01
