   2.4000000e+01  -1.6000000e+01
   3.7600000e+02  -1.5000000e+01
   6.7600000e+02   2.8000000e+01
   4.8000000e+01  -1.1100000e+02
   9.7400000e+02   2.8000000e+01
   2.0100000e+02  -9.0000000e+01
   3.7000000e+01  -1.7000000e+01
   3.6000000e+02  -1.1200000e+02
   6.4500000e+02   2.9000000e+01
   8.8000000e+01  -8.7000000e+01
   4.2000000e+01  -1.2000000e+02
   5.4000000e+01  -5.2000000e+01
   2.1000000e+01  -9.0000000e+01
   2.4000000e+01  -3.8000000e+01
   2.3000000e+01  -1.1600000e+02
   1.1300000e+02   6.0000000e+01
   3.3600000e+02  -5.4000000e+01
   2.9000000e+01  -2.6000000e+01
   3.1000000e+01   4.2000000e+01
   7.0000000e+01  -1.0000000e+02
   3.0100000e+02  -5.0000000e+00
   5.4000000e+01  -8.8000000e+01
   3.2000000e+01  -4.6000000e+01
   2.1000000e+01  -9.0000000e+01
   2.1100000e+02   2.9000000e+01
   2.3500000e+02  -5.7000000e+01
   4.5500000e+02   4.9000000e+01
   8.8000000e+01  -8.9000000e+01
   5.7000000e+01   6.0000000e+01
   2.5500000e+02  -5.7000000e+01
   2.0000000e+01   2.6000000e+01
   3.7000000e+01  -2.9000000e+01
   3.7000000e+01  -7.1000000e+01
   3.4000000e+01   2.5000000e+01
   2.0000000e+01  -1.1200000e+02
   2.0000000e+01   3.0000000e+01
   2.1000000e+01  -1.1300000e+02
   2.0000000e+01  -8.8000000e+01
   4.0000000e+01  -2.5000000e+01
   2.3000000e+01  -3.5000000e+01
   2.0000000e+01  -1.1300000e+02
   2.4000000e+01  -6.3000000e+01
   3.7000000e+01  -1.0500000e+02
   2.2000000e+01  -4.0000000e+00
   2.1000000e+01  -1.1400000e+02
   2.2000000e+01  -6.4000000e+01
   2.0000000e+01  -7.1000000e+01
   2.0000000e+01   3.0000000e+00
   1.3200000e+02   6.0000000e+01
   2.1000000e+01   3.6000000e+01
   2.2000000e+01  -1.0000000e+01
   2.1000000e+01  -0.0000000e+00
   2.2000000e+01  -7.9000000e+01
   2.1000000e+01   2.3000000e+01
