   8.5000000e+02   2.7000000e+01
   2.5300000e+02  -9.4000000e+01
   3.0000000e+01  -3.0000000e+00
   1.3000000e+02   6.0000000e+01
   1.4200000e+02  -8.9000000e+01
   1.1700000e+02  -2.8000000e+01
   3.0000000e+01  -9.4000000e+01
   3.7000000e+02  -5.4000000e+01
   4.1000000e+01   5.5000000e+01
   1.1400000e+02  -8.9000000e+01
   2.4000000e+01   3.0000000e+00
   5.9000000e+01  -7.1000000e+01
   2.0000000e+01  -3.0000000e+00
   2.8000000e+01  -1.2000000e+02
   2.0000000e+01  -3.2000000e+01
   2.0000000e+01  -6.5000000e+01
   2.1000000e+01   1.8000000e+01
   2.2000000e+01  -1.0100000e+02
   9.6100000e+02   3.8000000e+01
   1.5600000e+02  -6.0000000e+01
   2.0000000e+01   2.5000000e+01
   3.7000000e+01  -9.0000000e+01
   1.0200000e+02  -2.8000000e+01
   7.7000000e+01  -5.6000000e+01
   5.0000000e+01   6.0000000e+01
   2.0000000e+01  -2.0000000e+00
   2.0000000e+01  -1.1200000e+02
   3.7000000e+01  -2.3000000e+01
   2.1000000e+01  -3.9000000e+01
   1.1200000e+02  -1.1800000e+02
   5.7000000e+01  -8.8000000e+01
   2.6300000e+02   2.6000000e+01
   2.4500000e+02  -5.0000000e+01
   3.4000000e+02   3.0000000e+01
   4.1000000e+01  -9.3000000e+01
   5.0000000e+01   2.7000000e+01
   4.5000000e+01  -6.9000000e+01
   2.2000000e+01   2.1000000e+01
   2.1000000e+01  -1.1800000e+02
   2.0000000e+01  -3.2000000e+01
   2.1000000e+01  -2.2000000e+01
   2.2000000e+01  -4.7000000e+01
   3.6000000e+01  -1.0200000e+02
   9.3000000e+01   3.0000000e+01
   2.0000000e+01  -1.1600000e+02
   2.3000000e+01  -1.0000000e+00
   2.5000000e+01  -6.1000000e+01
   2.0000000e+01   3.5000000e+01
   2.7000000e+02   4.2000000e+01
   4.4100000e+02   4.6000000e+01
   4.6200000e+02  -7.4000000e+01
   1.6400000e+02   6.0000000e+01
   2.8000000e+01  -9.0000000e+01
   2.6000000e+01   3.7000000e+01
