   5.8000000e+02   2.9000000e+01
   8.7600000e+02  -1.0000000e+00
   1.7500000e+02  -8.8000000e+01
   7.0800000e+02   2.5000000e+01
   1.5600000e+02  -9.9000000e+01
   5.0000000e+01  -2.8000000e+01
   3.4000000e+01   4.5000000e+01
   3.1000000e+01  -1.2000000e+02
   2.5000000e+01  -5.0000000e+00
   8.0000000e+01  -6.1000000e+01
   2.9000000e+01  -1.1000000e+02
   2.9000000e+01  -4.2000000e+01
   1.4100000e+02   6.0000000e+01
   5.1000000e+01  -8.8000000e+01
   3.1600000e+02   2.9000000e+01
   6.3000000e+02  -6.0000000e+01
   2.2000000e+01  -1.0700000e+02
   4.0800000e+02  -2.9000000e+01
   8.0000000e+01  -7.6000000e+01
   1.9400000e+02   5.9000000e+01
   6.2900000e+02  -9.0000000e+01
   4.6000000e+01   6.0000000e+01
   3.6000000e+01  -1.0800000e+02
   2.2000000e+01   4.0000000e+01
   1.5500000e+02  -6.0000000e+01
   2.1000000e+01  -4.9000000e+01
   1.0000000e+02   6.0000000e+01
   2.3000000e+01  -4.0000000e+00
   2.3000000e+01  -5.9000000e+01
   2.3000000e+01  -1.6000000e+01
   8.5000000e+01  -8.9000000e+01
   2.0000000e+01   5.8000000e+01
   2.4000000e+01  -7.9000000e+01
   2.0000000e+01   4.0000000e+00
   2.1000000e+01  -3.4000000e+01
   2.0000000e+01  -1.6000000e+01
   2.5000000e+01  -1.1200000e+02
   4.5000000e+01   1.3000000e+01
   5.8000000e+01  -9.0000000e+01
   1.8500000e+02  -3.9000000e+01
   3.7000000e+01  -4.0000000e+01
   3.3400000e+02  -7.3000000e+01
   2.1000000e+01  -1.0000000e+01
   2.0000000e+01  -6.0000000e+01
   2.3000000e+01  -8.4000000e+01
   2.7000000e+01  -1.8000000e+01
   2.2000000e+01  -1.1900000e+02
   2.2000000e+01  -8.2000000e+01
   1.8300000e+02   5.9000000e+01
   2.0000000e+01  -9.4000000e+01
   3.3000000e+01   4.4000000e+01
   5.2000000e+01  -1.1800000e+02
   2.2000000e+01  -3.4000000e+01
   2.9000000e+01   1.3000000e+01
