   3.9100000e+02   5.4000000e+01
   3.8700000e+02  -9.0000000e+01
   3.8600000e+02   2.9000000e+01
   6.6100000e+02  -1.0200000e+02
   2.1500000e+02  -2.4000000e+01
   6.2000000e+02  -9.6000000e+01
   2.0800000e+02  -4.9000000e+01
   7.8200000e+02   2.8000000e+01
   5.2000000e+01  -5.7000000e+01
   3.0300000e+02  -7.8000000e+01
   1.1200000e+02  -5.0000000e+00
   8.7900000e+02  -9.8000000e+01
   2.0000000e+01  -1.0400000e+02
   1.0600000e+02   5.7000000e+01
   4.1000000e+01  -1.0200000e+02
   5.0700000e+02  -8.0000000e+00
   3.6600000e+02  -4.4000000e+01
   3.6400000e+02  -6.6000000e+01
   1.7200000e+02   5.8000000e+01
   2.1000000e+01  -1.1200000e+02
   7.1000000e+01   4.0000000e+00
   9.9000000e+01  -7.0000000e+01
   2.9700000e+02  -5.9000000e+01
   7.0500000e+02   1.2000000e+01
   4.3000000e+01  -9.0000000e+01
   2.0000000e+01  -1.0000000e+01
   2.0000000e+01  -1.1700000e+02
   4.1500000e+02   4.5000000e+01
   8.6800000e+02   1.2000000e+01
   4.8100000e+02  -5.8000000e+01
   3.8000000e+01  -1.2000000e+02
   2.0000000e+01   1.9000000e+01
   2.0000000e+01  -7.4000000e+01
   5.6500000e+02  -1.0000000e+00
   3.7000000e+01  -1.1100000e+02
   5.5400000e+02  -3.6000000e+01
   1.2600000e+02   6.0000000e+01
   2.0000000e+01  -9.7000000e+01
   4.1000000e+01  -1.6000000e+01
   2.3000000e+01  -9.7000000e+01
   9.0700000e+02   5.2000000e+01
   1.5900000e+02  -1.7000000e+01
   3.9000000e+01  -7.6000000e+01
   9.3000000e+01   4.5000000e+01
   3.8000000e+01  -7.5000000e+01
   3.7400000e+02  -9.0000000e+00
   1.7300000e+02  -9.1000000e+01
   5.2800000e+02  -5.9000000e+01
   2.0000000e+01  -1.1800000e+02
   2.0000000e+01   1.5000000e+01
   2.0000000e+01  -6.7000000e+01
   6.5000000e+02  -3.5000000e+01
   8.6700000e+02   7.0000000e+00
   2.9400000e+02  -6.2000000e+01
