   1.0790000e+03   2.9000000e+01
   2.2000000e+01   5.7000000e+01
   2.4400000e+02  -9.0000000e+01
   7.1000000e+01   5.9000000e+01
   2.9000000e+02  -1.0700000e+02
   2.4000000e+01  -5.0000000e+00
   1.0700000e+02  -6.8000000e+01
   6.6100000e+02   2.9000000e+01
   7.1000000e+01  -8.9000000e+01
   2.4000000e+01  -6.0000000e+00
   2.4000000e+01  -1.1100000e+02
   2.6000000e+01  -4.3000000e+01
   2.1000000e+01   2.1000000e+01
   2.3000000e+01  -3.3000000e+01
   5.3000000e+01  -9.0000000e+01
   3.7000000e+01  -2.0000000e+01
   3.5000000e+01  -1.1100000e+02
   3.5000000e+01  -4.0000000e+01
   7.2800000e+02   1.9000000e+01
   2.0000000e+01  -9.3000000e+01
   3.8700000e+02   3.8000000e+01
   5.2000000e+01  -3.0000000e+01
   2.0000000e+01  -6.0000000e+01
   2.2000000e+01  -2.1000000e+01
   4.3000000e+01  -5.7000000e+01
   8.2000000e+01   5.3000000e+01
   2.8000000e+01  -1.1800000e+02
   4.7000000e+01   2.9000000e+01
   2.2000000e+01  -4.3000000e+01
   3.5000000e+01  -6.0000000e+01
   1.0200000e+02  -8.8000000e+01
   3.3000000e+01  -1.9000000e+01
   2.6000000e+01  -6.0000000e+01
   2.1000000e+01  -9.3000000e+01
   2.3000000e+01   2.8000000e+01
   2.1000000e+01  -8.8000000e+01
   3.4000000e+01  -1.1400000e+02
   2.5000000e+01  -4.2000000e+01
   2.3000000e+01  -1.1600000e+02
   2.0000000e+01   5.7000000e+01
   2.0000000e+01  -1.1500000e+02
   2.1000000e+01  -2.2000000e+01
   8.6200000e+02  -8.8000000e+01
   2.9300000e+02   5.9000000e+01
   3.4000000e+01  -8.9000000e+01
   5.7000000e+01   5.0000000e+00
   9.3000000e+01  -7.9000000e+01
   3.4000000e+01   2.8000000e+01
   2.1000000e+01  -3.4000000e+01
   2.3000000e+01  -9.3000000e+01
   2.6000000e+01   3.6000000e+01
   2.0000000e+01  -1.4000000e+01
   2.8000000e+01  -9.0000000e+01
   2.1000000e+01  -2.7000000e+01
