   6.5000000e+01  -1.8000000e+01
   2.1000000e+01  -1.1300000e+02
   1.1220000e+03   2.9000000e+01
   3.7500000e+02  -7.9000000e+01
   2.9200000e+02   3.4000000e+01
   2.4700000e+02  -1.0600000e+02
   7.0000000e+01  -4.0000000e+01
   6.8000000e+01   5.2000000e+01
   5.4000000e+01  -3.3000000e+01
   4.2000000e+01  -9.9000000e+01
   4.8000000e+01  -4.0000000e+00
   6.4000000e+01  -8.9000000e+01
   2.0000000e+01  -4.6000000e+01
   2.0000000e+01  -1.0000000e+00
   6.4000000e+01   5.4000000e+01
   4.5000000e+01  -8.9000000e+01
   1.4000000e+02   5.1000000e+01
   3.0200000e+02  -5.8000000e+01
   1.3700000e+02   2.9000000e+01
   5.4000000e+01  -1.1600000e+02
   3.3000000e+01   3.1000000e+01
   3.3000000e+01  -1.1400000e+02
   2.3000000e+01  -0.0000000e+00
   2.8000000e+01  -7.0000000e+01
   2.0000000e+01  -1.1200000e+02
   9.9000000e+01   5.9000000e+01
   2.9000000e+01  -9.0000000e+01
   3.7100000e+02  -2.9000000e+01
   2.0000000e+01  -3.1000000e+01
   2.0000000e+01  -1.6000000e+01
   2.0000000e+01  -1.1900000e+02
   2.1000000e+01   6.0000000e+00
   9.6000000e+01   6.0000000e+01
   2.2000000e+01  -1.1000000e+01
   2.1500000e+02  -5.7000000e+01
   2.1000000e+01   1.2000000e+01
   6.8000000e+01  -4.7000000e+01
   4.9000000e+01  -9.7000000e+01
   7.4000000e+01  -2.6000000e+01
   3.2800000e+02   5.0000000e+00
   3.1500000e+02  -6.6000000e+01
   9.9000000e+02  -4.5000000e+01
   5.0600000e+02   5.0000000e+01
   3.7000000e+01  -9.0000000e+01
   5.1500000e+02   5.4000000e+01
   2.0000000e+01   4.6000000e+01
   4.8100000e+02  -7.8000000e+01
   2.0000000e+01  -1.0000000e+00
   2.1000000e+01  -4.9000000e+01
   3.8000000e+01  -1.1800000e+02
   2.0000000e+01  -4.3000000e+01
   2.1000000e+01  -4.1000000e+01
   2.0000000e+01  -1.8000000e+01
   2.3000000e+01  -8.6000000e+01
