   8.4100000e+02   2.7000000e+01
   5.9000000e+01  -1.1000000e+02
   4.5800000e+02   4.0000000e+01
   1.1130000e+03  -6.0000000e+01
   5.2100000e+02   2.6000000e+01
   3.1600000e+02  -8.7000000e+01
   3.0000000e+01  -1.8000000e+01
   2.1000000e+01  -1.2000000e+02
   2.6000000e+01  -3.0000000e+00
   2.6000000e+01  -1.1400000e+02
   1.8300000e+02   5.8000000e+01
   1.5000000e+02  -9.0000000e+01
   2.3000000e+01  -3.0000000e+00
   4.1000000e+01  -1.1800000e+02
   2.8000000e+01  -8.7000000e+01
   2.5000000e+01  -3.4000000e+01
   4.3000000e+01   4.7000000e+01
   5.1600000e+02  -6.9000000e+01
   8.3000000e+01   6.0000000e+01
   2.8000000e+01  -9.0000000e+01
   5.2000000e+01  -1.0000000e+00
   1.3500000e+02  -5.2000000e+01
   4.4000000e+01  -1.1000000e+02
   1.6100000e+02  -0.0000000e+00
   1.5000000e+02   5.9000000e+01
   2.1000000e+01  -1.1300000e+02
   5.4800000e+02   5.1000000e+01
   4.0000000e+01  -8.9000000e+01
   2.1000000e+01   2.2000000e+01
   2.0000000e+01  -4.9000000e+01
   2.0000000e+01   7.0000000e+00
   3.0000000e+01  -1.1700000e+02
   8.1000000e+01   6.0000000e+01
   2.0000000e+01  -2.9000000e+01
   7.1000000e+01  -1.1900000e+02
   2.1000000e+01  -4.2000000e+01
   2.0000000e+01   3.4000000e+01
   2.1000000e+01  -3.9000000e+01
   2.0000000e+01   2.3000000e+01
   2.7900000e+02  -6.2000000e+01
   2.2000000e+01  -2.0000000e+01
   2.3000000e+01  -7.0000000e+01
   8.7000000e+01   5.6000000e+01
   4.0000000e+01   6.0000000e+01
   2.3000000e+01  -1.1400000e+02
   3.6000000e+01   2.8000000e+01
   2.8000000e+01  -1.1400000e+02
   3.2000000e+01  -4.1000000e+01
   2.4000000e+01   5.3000000e+01
   2.0000000e+01  -6.0000000e+01
   2.0000000e+01  -1.4000000e+01
   2.6000000e+01   3.5000000e+01
   2.2000000e+01  -1.0000000e+00
   2.3000000e+01   3.9000000e+01
