   9.1000000e+01  -1.9000000e+01
   1.5200000e+02   5.9000000e+01
   3.5600000e+02  -9.0000000e+01
   6.5200000e+02   2.9000000e+01
   7.1000000e+01  -1.0800000e+02
   3.3000000e+01  -1.5000000e+01
   3.0000000e+01  -1.1600000e+02
   1.1800000e+02   6.0000000e+01
   1.0220000e+03  -5.9000000e+01
   2.9000000e+01  -1.0000000e+01
   2.5000000e+01  -9.0000000e+01
   2.0000000e+01  -3.2000000e+01
   1.6200000e+02  -9.0000000e+01
   7.8200000e+02   2.4000000e+01
   1.1900000e+02  -7.4000000e+01
   3.9000000e+01  -6.0000000e+00
   7.4900000e+02  -1.1800000e+02
   1.0400000e+02  -4.6000000e+01
   1.3600000e+02   5.8000000e+01
   2.9000000e+01  -9.0000000e+01
   8.8000000e+01  -9.0000000e+00
   2.8600000e+02  -5.9000000e+01
   2.6000000e+02  -4.9000000e+01
   5.4000000e+01  -9.3000000e+01
   1.6100000e+02   6.0000000e+01
   2.0000000e+01  -6.0000000e+00
   3.0000000e+01  -9.0000000e+01
   2.3000000e+01   5.9000000e+01
   2.3000000e+01  -1.2000000e+02
   2.4000000e+01   8.0000000e+00
   5.0000000e+01  -5.3000000e+01
   2.6100000e+02  -1.2000000e+02
   3.1000000e+01   3.6000000e+01
   8.3000000e+01  -1.2000000e+02
   1.1500000e+02   2.7000000e+01
   4.0000000e+01  -8.0000000e+01
   3.2000000e+01  -1.8000000e+01
   1.8400000e+02   5.8000000e+01
   2.5000000e+01  -8.0000000e+01
   4.0000000e+01   3.0000000e+00
   2.7000000e+01  -1.0300000e+02
   6.3000000e+01   9.0000000e+00
   7.7000000e+01  -8.3000000e+01
   7.0000000e+02   4.6000000e+01
   3.8000000e+01  -4.9000000e+01
   6.8000000e+01  -1.1200000e+02
   7.8000000e+01  -2.6000000e+01
   8.2000000e+01  -5.5000000e+01
   1.5100000e+02   2.3000000e+01
   2.2000000e+01  -9.8000000e+01
   1.0700000e+02  -5.4000000e+01
   2.1800000e+02  -4.1000000e+01
   5.4000000e+01   4.5000000e+01
   2.7000000e+02   1.2000000e+01
