   5.6200000e+02   2.9000000e+01
   1.2300000e+02   2.6000000e+01
   1.8300000e+02  -8.8000000e+01
   3.0100000e+02   3.7000000e+01
   1.2500000e+02  -1.0700000e+02
   5.1000000e+01  -9.0000000e+00
   5.8000000e+01  -5.8000000e+01
   1.3200000e+02   5.9000000e+01
   4.8000000e+01  -5.9000000e+01
   4.7500000e+02   2.6000000e+01
   4.1000000e+01  -9.0000000e+01
   3.1000000e+01  -9.0000000e+00
   5.4700000e+02  -5.7000000e+01
   2.0000000e+01   2.9000000e+01
   2.2000000e+01  -1.9000000e+01
   4.0000000e+01  -1.0500000e+02
   5.1800000e+02  -6.0000000e+00
   5.5000000e+01  -7.5000000e+01
   5.0000000e+01  -1.0000000e+00
   1.1200000e+02  -4.4000000e+01
   2.8000000e+01  -1.1400000e+02
   1.9600000e+02   2.0000000e+00
   3.2300000e+02  -9.0000000e+01
   5.9000000e+01  -5.2000000e+01
   4.3000000e+02  -3.0000000e+00
   1.0000000e+02  -1.1800000e+02
   1.7000000e+02  -2.4000000e+01
   6.8000000e+01  -7.5000000e+01
   1.1200000e+02  -9.0000000e+01
   3.3000000e+01   3.1000000e+01
   2.4100000e+02   3.8000000e+01
   3.2000000e+01  -3.7000000e+01
   2.0000000e+01  -1.0100000e+02
   2.0000000e+01   5.2000000e+01
   6.5000000e+01   6.0000000e+01
   2.1000000e+01  -9.0000000e+00
   2.0000000e+01   2.0000000e+00
   4.7000000e+01  -1.2000000e+02
   2.0000000e+01  -5.5000000e+01
   2.3000000e+01  -5.7000000e+01
   2.1000000e+01  -1.2000000e+02
   2.2000000e+01  -4.1000000e+01
   3.0000000e+01  -1.1900000e+02
   5.1000000e+01   5.8000000e+01
   2.6000000e+01  -1.3000000e+01
   2.1000000e+01  -7.8000000e+01
   2.4000000e+01   2.9000000e+01
   2.4000000e+01   1.2000000e+01
   2.0000000e+01  -2.6000000e+01
   3.3000000e+01   5.8000000e+01
   3.5000000e+01  -9.0000000e+01
   2.0000000e+01  -5.0000000e+00
   3.0000000e+01  -9.4000000e+01
   2.1000000e+01  -2.3000000e+01
