   4.5500000e+02  -2.0000000e+00
   4.7600000e+02   2.8000000e+01
   2.4000000e+01  -1.2000000e+02
   1.2450000e+03   2.8000000e+01
   7.1300000e+02  -4.0000000e+01
   4.8900000e+02  -8.9000000e+01
   1.8700000e+02   2.9000000e+01
   3.1000000e+01  -1.1900000e+02
   2.1000000e+02   6.0000000e+01
   2.7300000e+02  -8.9000000e+01
   6.9300000e+02  -2.0000000e+00
   1.1380000e+03  -8.9000000e+01
   2.0000000e+01  -0.0000000e+00
   2.0000000e+01  -6.0000000e+01
   2.0000000e+01  -6.0000000e+00
   1.1030000e+03  -1.1200000e+02
   7.7500000e+02  -3.6000000e+01
   1.7900000e+02  -6.6000000e+01
   2.0000000e+01  -9.6000000e+01
   3.3000000e+01   6.0000000e+01
   2.1000000e+01  -1.0000000e+02
   1.0210000e+03  -4.3000000e+01
   1.4000000e+02   3.8000000e+01
   7.3900000e+02  -5.5000000e+01
   2.3000000e+01   5.5000000e+01
   4.7000000e+01   6.0000000e+01
   2.1000000e+01  -1.1800000e+02
   4.1700000e+02   5.5000000e+01
   5.6000000e+01  -9.6000000e+01
   6.4600000e+02  -2.0000000e+01
   3.0000000e+01  -1.0200000e+02
   2.1000000e+01  -2.0000000e+01
   5.5000000e+01   6.0000000e+01
   5.4400000e+02  -5.6000000e+01
   9.9000000e+01   1.3000000e+01
   9.3500000e+02  -6.8000000e+01
   2.0000000e+01   2.8000000e+01
   2.0000000e+01  -1.9000000e+01
   2.0000000e+01  -7.9000000e+01
   5.3000000e+02   1.6000000e+01
   1.2140000e+03  -4.3000000e+01
   1.9200000e+02  -5.7000000e+01
   1.8600000e+02   6.0000000e+01
   2.3000000e+01  -9.6000000e+01
   5.6000000e+01   5.6000000e+01
   7.9400000e+02  -5.0000000e+00
   7.0900000e+02  -6.0000000e+01
   2.5500000e+02   3.0000000e+00
   4.5000000e+01  -9.2000000e+01
   1.9500000e+02   2.1000000e+01
   1.9100000e+02   4.6000000e+01
   3.3000000e+01  -9.0000000e+01
   1.8800000e+02  -4.3000000e+01
   8.9300000e+02   3.6000000e+01
