   9.4800000e+02   2.4000000e+01
   5.1000000e+01  -1.1000000e+02
   1.0800000e+02  -2.0000000e+00
   2.3000000e+01  -1.2000000e+02
   3.7600000e+02  -6.1000000e+01
   5.6400000e+02  -5.0000000e+00
   3.9000000e+01  -5.8000000e+01
   1.2900000e+02   6.0000000e+01
   1.3600000e+02  -8.9000000e+01
   4.4800000e+02   3.9000000e+01
   7.4900000e+02  -5.4000000e+01
   3.3000000e+01  -8.1000000e+01
   4.0100000e+02   2.8000000e+01
   2.9000000e+01  -6.3000000e+01
   6.0000000e+01  -1.2000000e+02
   4.5000000e+01  -2.1000000e+01
   3.5600000e+02  -1.1300000e+02
   1.0200000e+02  -3.1000000e+01
   8.8000000e+01   5.1000000e+01
   6.8000000e+01  -8.9000000e+01
   5.0000000e+02   1.3000000e+01
   2.1000000e+02  -5.5000000e+01
   3.6000000e+01  -1.1500000e+02
   3.5000000e+01   1.1000000e+01
   2.6000000e+01  -9.0000000e+01
   1.0400000e+02   6.0000000e+01
   9.3000000e+01  -8.0000000e+00
   2.0000000e+01  -1.0300000e+02
   3.3000000e+01  -1.7000000e+01
   2.5000000e+01  -6.0000000e+01
   6.2700000e+02   6.0000000e+01
   4.1000000e+01  -8.9000000e+01
   2.5000000e+01   2.2000000e+01
   2.4000000e+01  -1.1400000e+02
   1.4300000e+02  -1.3000000e+01
   3.3000000e+01   2.5000000e+01
   6.1000000e+01   3.8000000e+01
   8.8000000e+01  -1.1700000e+02
   1.3500000e+02   5.7000000e+01
   9.9000000e+01  -7.6000000e+01
   7.3000000e+01   2.1000000e+01
   4.8900000e+02  -0.0000000e+00
   2.4000000e+01   5.4000000e+01
   2.0000000e+01   3.0000000e+00
   4.2000000e+01  -1.0100000e+02
   2.0000000e+01   4.1000000e+01
   2.1000000e+01  -9.6000000e+01
   2.5000000e+01  -4.5000000e+01
   3.1000000e+01  -1.2000000e+02
   2.0000000e+01  -4.8000000e+01
   2.4000000e+01  -1.1900000e+02
   2.1000000e+01   1.6000000e+01
   2.0000000e+01  -7.0000000e+01
   2.1000000e+01  -2.1000000e+01
