   3.6000000e+01  -5.0000000e+00
   2.0400000e+02   6.0000000e+01
   2.2700000e+02  -9.0000000e+01
   5.3600000e+02   2.8000000e+01
   1.2300000e+02  -1.0800000e+02
   4.5200000e+02   2.9000000e+01
   4.0000000e+01  -8.6000000e+01
   2.6900000e+02  -3.0000000e+01
   2.0000000e+01  -1.1700000e+02
   1.1100000e+02  -3.0000000e+00
   5.0000000e+01  -8.8000000e+01
   4.5000000e+01  -9.0000000e+00
   5.6000000e+01  -8.8000000e+01
   1.2400000e+02   5.1000000e+01
   1.6100000e+02  -9.0000000e+01
   2.1000000e+01  -3.1000000e+01
   3.5500000e+02  -1.1600000e+02
   1.9100000e+02  -4.1000000e+01
   2.1000000e+01  -0.0000000e+00
   2.0000000e+01  -1.1800000e+02
   1.3600000e+02   5.9000000e+01
   3.6000000e+01  -5.6000000e+01
   3.1300000e+02  -4.0000000e+00
   2.6000000e+01   2.7000000e+01
   2.2000000e+01  -4.7000000e+01
   6.2000000e+01  -1.0200000e+02
   8.0100000e+02   5.8000000e+01
   4.4000000e+01  -1.0300000e+02
   2.3000000e+01   1.4000000e+01
   2.3000000e+01  -5.7000000e+01
   2.0000000e+01  -9.8000000e+01
   4.1000000e+01   6.0000000e+01
   2.0000000e+01  -9.4000000e+01
   6.9000000e+01   5.6000000e+01
   2.5000000e+01  -5.9000000e+01
   2.0000000e+01  -1.7000000e+01
   3.0000000e+01  -1.1300000e+02
   5.3000000e+02  -5.2000000e+01
   1.7100000e+02  -9.0000000e+01
   2.5000000e+01  -5.5000000e+01
   2.8000000e+01  -1.3000000e+01
   2.6000000e+01  -6.1000000e+01
   2.0000000e+01   1.6000000e+01
   2.1000000e+01  -1.2000000e+02
   2.1000000e+01  -8.6000000e+01
   2.3000000e+01  -0.0000000e+00
   2.4000000e+01   3.3000000e+01
   2.1000000e+01  -5.9000000e+01
   3.8000000e+01   6.0000000e+01
   3.8000000e+01  -9.2000000e+01
   2.0000000e+01   2.8000000e+01
   2.0000000e+01  -1.1400000e+02
   2.0000000e+01   4.8000000e+01
   2.1000000e+01  -6.0000000e+00
