   3.9100000e+02  -5.0000000e+00
   9.5000000e+01  -1.1900000e+02
   8.4200000e+02   2.7000000e+01
   1.3400000e+02  -9.9000000e+01
   2.4600000e+02   5.8000000e+01
   2.2900000e+02  -9.0000000e+01
   7.0000000e+01  -1.0000000e+00
   3.1000000e+01  -1.1900000e+02
   5.9000000e+01  -5.2000000e+01
   1.0000000e+02   5.5000000e+01
   2.1300000e+02  -8.7000000e+01
   2.1000000e+01  -3.6000000e+01
   4.5900000e+02   1.8000000e+01
   2.6000000e+01  -6.1000000e+01
   1.9200000e+02  -1.1000000e+02
   1.2300000e+02   6.0000000e+01
   6.2700000e+02  -6.0000000e+01
   2.4700000e+02  -1.0000000e+00
   4.4000000e+01  -8.8000000e+01
   1.5800000e+02   3.8000000e+01
   2.7000000e+01  -1.1800000e+02
   2.0000000e+01  -5.9000000e+01
   3.8500000e+02   1.6000000e+01
   2.0000000e+01  -5.7000000e+01
   2.8400000e+02   5.5000000e+01
   2.3000000e+01  -9.3000000e+01
   2.1000000e+01   9.0000000e+00
   1.3000000e+02  -2.0000000e+00
   4.0000000e+01  -5.6000000e+01
   2.2000000e+01  -1.9000000e+01
   2.4000000e+01  -6.0000000e+01
   2.8000000e+01  -1.1400000e+02
   2.5000000e+01   1.3000000e+01
   4.1000000e+01  -1.1900000e+02
   2.5000000e+01   7.0000000e+00
   1.5700000e+02  -6.9000000e+01
   3.1400000e+02   4.7000000e+01
   2.9000000e+01  -7.3000000e+01
   2.0000000e+01   5.9000000e+01
   2.0000000e+01   3.8000000e+01
   2.0000000e+01  -1.1800000e+02
   2.1000000e+01  -3.0000000e+00
   2.0000000e+01  -3.0000000e+01
   2.1000000e+01   2.7000000e+01
   2.9000000e+01  -9.0000000e+01
   2.9000000e+01   6.0000000e+01
   2.1000000e+01  -6.0000000e+01
   2.2000000e+01   2.9000000e+01
   2.7000000e+01  -1.2000000e+02
   2.2000000e+01  -5.0000000e+00
   7.1000000e+01  -1.1500000e+02
   2.0000000e+01   4.1000000e+01
   2.0000000e+01  -7.5000000e+01
   2.0000000e+01  -4.2000000e+01
