   5.8600000e+02   2.9000000e+01
   2.0000000e+01  -1.1200000e+02
   7.7300000e+02   2.9000000e+01
   5.4000000e+01  -8.9000000e+01
   2.7000000e+01  -1.6000000e+01
   1.0780000e+03  -8.9000000e+01
   6.1000000e+01  -2.7000000e+01
   2.1000000e+01  -1.1200000e+02
   4.1000000e+01  -4.9000000e+01
   1.3400000e+02   3.7000000e+01
   2.2000000e+01  -1.1800000e+02
   7.7500000e+02   5.0000000e+01
   5.5900000e+02  -5.7000000e+01
   6.3000000e+01   5.7000000e+01
   3.6000000e+01  -1.2000000e+02
   3.5800000e+02  -9.0000000e+00
   4.9000000e+01  -9.0000000e+01
   2.6000000e+01  -1.0000000e+00
   2.5000000e+01  -9.0000000e+01
   7.5000000e+01   2.8000000e+01
   7.6000000e+01  -5.8000000e+01
   4.8000000e+01   6.0000000e+01
   2.5000000e+01  -5.8000000e+01
   2.0000000e+01  -1.0000000e+00
   8.2000000e+01  -8.6000000e+01
   4.2000000e+01  -1.1900000e+02
   2.4800000e+02  -5.2000000e+01
   2.4000000e+01   4.0000000e+00
   2.1000000e+01  -5.0000000e+01
   2.3000000e+01  -9.0000000e+01
   1.3300000e+02   6.0000000e+01
   2.3000000e+01  -7.9000000e+01
   2.2000000e+01   2.0000000e+00
   2.2000000e+01  -1.1500000e+02
   2.0000000e+01   7.0000000e+00
   2.0000000e+01  -5.1000000e+01
   2.1000000e+01  -6.2000000e+01
   2.6000000e+01  -1.1700000e+02
   2.7000000e+01  -1.2000000e+02
   3.9000000e+01   5.4000000e+01
   2.0000000e+01  -1.1300000e+02
   2.1000000e+01   2.8000000e+01
   1.3800000e+02   5.9000000e+01
   2.0000000e+01   1.8000000e+01
   2.2000000e+01  -8.5000000e+01
   2.0000000e+01  -1.0000000e+00
   2.7000000e+01  -9.2000000e+01
   2.5000000e+01  -1.1400000e+02
   9.6000000e+01   4.9000000e+01
   6.2800000e+02   5.7000000e+01
   3.8000000e+01  -9.0000000e+01
   5.7000000e+01  -5.1000000e+01
   2.6000000e+01  -1.1500000e+02
   5.4400000e+02  -4.8000000e+01
