   7.1400000e+02   2.9000000e+01
   2.2200000e+02  -8.6000000e+01
   5.0000000e+01   6.0000000e+01
   1.6100000e+02  -1.0300000e+02
   4.1500000e+02  -4.0000000e+00
   8.3700000e+02  -1.0900000e+02
   2.6100000e+02  -4.1000000e+01
   3.2300000e+02  -1.1200000e+02
   2.4000000e+02   5.4000000e+01
   7.4500000e+02  -5.8000000e+01
   1.7500000e+02  -2.0000000e+00
   4.9500000e+02  -8.8000000e+01
   4.2500000e+02   3.4000000e+01
   2.2000000e+01  -6.0000000e+01
   7.0000000e+01   6.0000000e+01
   5.0900000e+02  -7.5000000e+01
   1.0630000e+03  -3.0000000e+01
   8.5100000e+02  -6.3000000e+01
   6.7000000e+01   6.0000000e+01
   2.1000000e+01  -1.9000000e+01
   2.1000000e+01  -4.8000000e+01
   5.4400000e+02   2.7000000e+01
   5.2000000e+01  -1.1100000e+02
   9.2200000e+02  -3.4000000e+01
   2.6400000e+02  -6.6000000e+01
   2.8400000e+02   2.2000000e+01
   4.3300000e+02  -1.0000000e+00
   3.4000000e+01  -1.1100000e+02
   8.0400000e+02  -5.1000000e+01
   1.3000000e+02  -1.9000000e+01
   2.0000000e+01   2.1000000e+01
   8.1000000e+01   6.0000000e+01
   3.1000000e+01  -9.0000000e+01
   1.0370000e+03  -2.0000000e+00
   2.9000000e+01  -1.1600000e+02
   6.1000000e+02   1.6000000e+01
   4.0000000e+01  -9.0000000e+01
   2.5000000e+01  -1.4000000e+01
   2.4000000e+01  -9.0000000e+01
   8.4300000e+02   4.7000000e+01
   2.9000000e+01  -9.0000000e+01
   2.1600000e+02  -2.6000000e+01
   2.0000000e+01  -9.6000000e+01
   2.0000000e+01  -2.7000000e+01
   6.5000000e+01  -1.2000000e+02
   6.3200000e+02  -2.3000000e+01
   4.8800000e+02  -6.6000000e+01
   2.2600000e+02   3.1000000e+01
   2.4000000e+01  -1.1100000e+02
   8.8000000e+01   1.6000000e+01
   8.6000000e+01  -4.5000000e+01
   9.6200000e+02  -4.4000000e+01
   4.9500000e+02   4.7000000e+01
   2.1100000e+02  -3.1000000e+01
