   1.2900000e+02   5.9000000e+01
   4.9000000e+01  -9.0000000e+01
   5.2000000e+01  -1.1000000e+02
   4.4000000e+01   1.2000000e+01
   3.9700000e+02  -1.2000000e+02
   1.3200000e+02   2.2000000e+01
   3.7000000e+01   6.0000000e+01
   1.0400000e+02  -9.0000000e+01
   3.0000000e+01  -1.8000000e+01
   4.4700000e+02  -6.8000000e+01
   2.4000000e+01  -9.9000000e+01
   2.8000000e+01  -7.0000000e+00
   7.6000000e+01   6.0000000e+01
   2.2000000e+01  -1.1400000e+02
   7.2000000e+01   2.8000000e+01
   3.3100000e+02  -7.3000000e+01
   5.5000000e+01   4.9000000e+01
   2.2000000e+01  -9.6000000e+01
   1.6900000e+02   5.9000000e+01
   2.8000000e+01  -9.0000000e+01
   2.4000000e+01   3.5000000e+01
   2.2400000e+02  -6.0000000e+01
   3.7200000e+02  -2.2000000e+01
   4.7000000e+02  -5.3000000e+01
   2.3000000e+01  -1.6000000e+01
   2.0000000e+01  -2.0000000e+00
   3.3000000e+01  -4.1000000e+01
   2.0000000e+01  -1.1600000e+02
   2.4000000e+01  -3.4000000e+01
   2.9000000e+01   1.8000000e+01
   3.5000000e+01  -1.1900000e+02
   2.1000000e+01  -3.2000000e+01
   2.3000000e+01  -1.4000000e+01
   2.0000000e+01  -7.2000000e+01
   2.5000000e+01  -2.1000000e+01
   2.0000000e+01  -1.2000000e+02
   5.4600000e+02   5.3000000e+01
   5.1000000e+01   1.1000000e+01
   3.4000000e+01   3.1000000e+01
   3.7000000e+01  -1.8000000e+01
   2.5000000e+01  -1.1100000e+02
   6.8000000e+01   1.7000000e+01
   2.2000000e+01  -4.3000000e+01
   2.0000000e+01  -2.8000000e+01
   2.3000000e+01  -9.8000000e+01
   2.2000000e+01  -1.5000000e+01
   2.1000000e+01  -4.8000000e+01
   2.0000000e+01  -2.0000000e+00
   3.0000000e+01  -1.1400000e+02
   3.5000000e+01  -2.6000000e+01
   9.8000000e+01   6.0000000e+01
   3.4000000e+01  -2.1000000e+01
   3.4000000e+01  -9.9000000e+01
   4.0000000e+01   4.9000000e+01
