   2.5000000e+01  -7.0000000e+00
   2.1000000e+01  -1.1800000e+02
   1.1360000e+03   2.9000000e+01
   6.1000000e+01  -8.9000000e+01
   2.9000000e+01  -8.0000000e+00
   5.2000000e+01  -1.0900000e+02
   2.4000000e+02   2.5000000e+01
   1.0200000e+02  -8.8000000e+01
   9.6000000e+01  -2.0000000e+00
   4.8000000e+01  -1.1100000e+02
   3.5000000e+01  -4.2000000e+01
   2.5000000e+01   4.2000000e+01
   3.2000000e+01  -8.9000000e+01
   1.0500000e+02   6.0000000e+01
   2.6700000e+02  -2.8000000e+01
   2.4000000e+01  -1.0000000e+02
   4.5100000e+02   2.8000000e+01
   2.6300000e+02  -5.9000000e+01
   6.8000000e+01  -8.8000000e+01
   2.2000000e+01  -9.0000000e+00
   2.5000000e+01  -5.9000000e+01
   2.0000000e+01   3.9000000e+01
   2.3000000e+01   1.4000000e+01
   9.5600000e+02  -4.9000000e+01
   2.1000000e+01   2.9000000e+01
   2.0000000e+01   3.0000000e+01
   4.0000000e+01  -1.1700000e+02
   2.0000000e+01  -3.1000000e+01
   3.2000000e+01  -6.4000000e+01
   2.2000000e+01  -3.0000000e+00
   5.3000000e+01  -5.1000000e+01
   9.1000000e+01   2.5000000e+01
   2.2000000e+01  -3.2000000e+01
   1.2700000e+02  -1.1800000e+02
   3.3700000e+02   4.0000000e+01
   2.2000000e+01  -6.8000000e+01
   5.1000000e+01   5.8000000e+01
   3.6000000e+01  -2.4000000e+01
   2.2000000e+01   5.7000000e+01
   4.4000000e+01  -5.6000000e+01
   2.6000000e+01  -5.6000000e+01
   6.5000000e+01  -3.0000000e+00
   2.1000000e+01  -6.4000000e+01
   2.4000000e+01  -1.1800000e+02
   1.0000000e+02   6.0000000e+01
   2.2000000e+01  -8.0000000e+01
   2.0000000e+01   5.5000000e+01
   2.2000000e+01  -2.0000000e+01
   9.9000000e+01   3.0000000e+00
   1.4100000e+02   5.7000000e+01
   3.8000000e+01  -4.1000000e+01
   3.8000000e+01  -9.0000000e+01
   1.4000000e+02  -1.0000000e+01
   1.1700000e+02  -3.0000000e+00
