   1.8000000e+02  -2.0000000e+00
   2.6200000e+02   4.9000000e+01
   2.3300000e+02  -8.9000000e+01
   4.3600000e+02   2.6000000e+01
   3.6000000e+01  -1.1400000e+02
   3.3500000e+02  -1.7000000e+01
   5.8000000e+01  -1.1300000e+02
   2.8000000e+01   2.8000000e+01
   8.5100000e+02  -1.2000000e+02
   2.9000000e+01  -4.5000000e+01
   2.8500000e+02   3.4000000e+01
   1.0500000e+02  -8.7000000e+01
   3.1000000e+02   4.3000000e+01
   2.7000000e+01  -5.8000000e+01
   4.9700000e+02   1.8000000e+01
   1.6200000e+02  -8.4000000e+01
   4.2000000e+01  -2.5000000e+01
   2.0000000e+01  -5.9000000e+01
   2.1000000e+01   2.7000000e+01
   2.1000000e+01  -7.2000000e+01
   4.4000000e+01  -1.2000000e+02
   2.0000000e+01  -3.2000000e+01
   2.0000000e+01  -6.5000000e+01
   3.3000000e+01  -3.5000000e+01
   2.1000000e+01  -6.1000000e+01
   2.0000000e+01  -7.9000000e+01
   2.0000000e+01  -1.1900000e+02
   1.1300000e+02   6.0000000e+01
   2.0000000e+01  -3.0000000e+01
   2.9000000e+01  -9.1000000e+01
   4.6000000e+01   5.9000000e+01
   3.1000000e+01  -6.0000000e+01
   2.2000000e+01  -6.0000000e+00
   2.0000000e+01   3.2000000e+01
   2.2000000e+01  -2.1000000e+01
   2.2000000e+01  -7.3000000e+01
   9.9000000e+01   5.9000000e+01
   2.8000000e+01  -9.0000000e+01
   3.8700000e+02   2.8000000e+01
   2.8000000e+01  -1.1800000e+02
   2.5000000e+01   6.0000000e+01
   1.8600000e+02  -3.7000000e+01
   2.1000000e+01   1.5000000e+01
   2.1000000e+01  -2.5000000e+01
   2.0000000e+01   2.0000000e+00
   2.1000000e+01   3.1000000e+01
   2.2000000e+01  -1.1400000e+02
   2.2000000e+01  -1.3000000e+01
   2.0000000e+01   5.8000000e+01
   2.8000000e+01   5.7000000e+01
   2.0000000e+01  -1.1300000e+02
   2.1000000e+01   2.7000000e+01
   2.0000000e+01  -6.0000000e+01
   2.1000000e+01  -5.3000000e+01
