   1.3300000e+02  -9.0000000e+00
   1.0080000e+03  -1.0100000e+02
   2.6900000e+02   5.3000000e+01
   5.0200000e+02  -9.0000000e+01
   6.4800000e+02   2.9000000e+01
   1.0460000e+03  -1.0400000e+02
   2.0000000e+01  -3.2000000e+01
   2.2000000e+01   1.7000000e+01
   3.4000000e+01   5.7000000e+01
   2.1000000e+01  -1.1300000e+02
   6.6000000e+01   5.8000000e+01
   3.4900000e+02  -7.9000000e+01
   2.8000000e+01  -1.6000000e+01
   1.0500000e+02   5.9000000e+01
   7.0900000e+02  -5.5000000e+01
   1.4400000e+02  -1.7000000e+01
   6.7000000e+01  -9.0000000e+01
   5.9100000e+02  -4.9000000e+01
   2.0000000e+01   3.0000000e+00
   2.5000000e+01  -9.0000000e+01
   6.2500000e+02   1.6000000e+01
   2.4000000e+01  -1.1300000e+02
   1.1400000e+02  -3.0000000e+01
   3.1000000e+01  -5.8000000e+01
   1.7000000e+02   6.0000000e+01
   3.0000000e+01  -5.8000000e+01
   2.5000000e+01  -9.0000000e+01
   2.0000000e+01   5.3000000e+01
   2.3000000e+01  -1.0100000e+02
   2.5000000e+01  -2.0000000e+00
   5.7000000e+01  -5.0000000e+01
   2.1000000e+01  -1.1100000e+02
   2.2500000e+02   4.4000000e+01
   5.3000000e+01  -9.8000000e+01
   1.9200000e+02   4.0000000e+00
   1.1800000e+02  -4.5000000e+01
   2.2000000e+01   5.9000000e+01
   6.4000000e+01  -1.1900000e+02
   2.1000000e+01   9.0000000e+00
   2.3000000e+01  -8.4000000e+01
   3.2000000e+01  -1.1600000e+02
   2.1000000e+01  -8.5000000e+01
   2.5800000e+02   5.8000000e+01
   2.0000000e+01  -9.5000000e+01
   2.0000000e+01  -0.0000000e+00
   2.2000000e+01  -2.9000000e+01
   2.0000000e+01  -9.8000000e+01
   2.0000000e+01   2.8000000e+01
   3.3000000e+01  -1.2000000e+02
   2.3000000e+01   2.1000000e+01
   7.7000000e+01  -6.1000000e+01
   1.5600000e+02  -2.5000000e+01
   2.1000000e+01  -1.2000000e+02
   2.1000000e+01  -5.5000000e+01
