   3.6800000e+02   4.4000000e+01
   1.9900000e+02  -9.0000000e+01
   4.7900000e+02   2.9000000e+01
   8.3000000e+02  -9.6000000e+01
   4.1600000e+02   2.9000000e+01
   5.8900000e+02  -7.1000000e+01
   2.0000000e+01  -6.0000000e+00
   2.4000000e+01  -1.1100000e+02
   2.7000000e+01  -7.0000000e+00
   2.0000000e+01  -1.1700000e+02
   2.0000000e+01  -3.3000000e+01
   2.0000000e+01  -7.0000000e+01
   4.6000000e+01   6.0000000e+01
   8.8500000e+02  -5.3000000e+01
   2.3700000e+02   5.9000000e+01
   2.5000000e+01  -3.6000000e+01
   7.9000000e+01  -9.0000000e+01
   4.9000000e+01  -2.7000000e+01
   3.0000000e+01  -1.1900000e+02
   2.6000000e+01  -3.9000000e+01
   1.0200000e+02   2.8000000e+01
   2.4000000e+01  -1.0000000e+02
   5.0600000e+02  -3.0000000e+01
   9.6000000e+01  -6.9000000e+01
   1.1100000e+02   5.8000000e+01
   9.5000000e+01   1.0000000e+00
   2.0000000e+01  -2.7000000e+01
   2.8000000e+01  -5.6000000e+01
   2.0000000e+01   4.8000000e+01
   3.2000000e+01  -9.1000000e+01
   2.1000000e+01  -0.0000000e+00
   3.1400000e+02   2.7000000e+01
   1.7600000e+02  -7.0000000e+01
   2.0000000e+01   2.9000000e+01
   2.0000000e+01  -1.1200000e+02
   2.0000000e+02   5.8000000e+01
   2.5000000e+01  -6.0000000e+01
   4.6000000e+01  -1.2000000e+02
   2.8000000e+01   5.3000000e+01
   2.0000000e+01  -1.1200000e+02
   6.2000000e+01   9.0000000e+00
   2.0000000e+01  -5.2000000e+01
   2.0000000e+01  -3.1000000e+01
   2.3000000e+01  -1.1100000e+02
   2.7000000e+01  -8.0000000e+00
   2.2000000e+01  -4.9000000e+01
   2.1000000e+01   1.4000000e+01
   2.5000000e+01   3.6000000e+01
   3.5100000e+02  -7.6000000e+01
   2.0000000e+01   1.5000000e+01
   2.0000000e+01  -9.0000000e+01
   2.0000000e+01   5.9000000e+01
   2.0000000e+01  -1.1900000e+02
   2.0000000e+01  -5.8000000e+01
