   1.1450000e+03  -2.0000000e+00
   2.0000000e+01  -1.1400000e+02
   7.4000000e+02   2.7000000e+01
   3.2000000e+01  -1.1000000e+02
   5.4000000e+02  -1.0000000e+00
   1.6300000e+02  -7.9000000e+01
   1.3230000e+03   2.8000000e+01
   2.6900000e+02  -8.8000000e+01
   4.9600000e+02   9.0000000e+00
   4.1000000e+01  -1.0400000e+02
   1.7400000e+02   5.3000000e+01
   1.0380000e+03  -5.8000000e+01
   4.4000000e+01  -1.1700000e+02
   7.3000000e+01   5.9000000e+01
   3.1000000e+01  -9.0000000e+01
   1.9500000e+02  -1.4000000e+01
   6.6000000e+01  -1.0200000e+02
   2.0000000e+01  -2.7000000e+01
   1.5000000e+02  -9.0000000e+01
   2.1000000e+01   3.0000000e+00
   4.1000000e+01  -8.9000000e+01
   2.0000000e+01   2.9000000e+01
   2.1000000e+01  -1.1900000e+02
   1.4000000e+02  -4.3000000e+01
   4.0200000e+02   5.6000000e+01
   7.0000000e+01  -8.9000000e+01
   2.5500000e+02  -6.0000000e+00
   2.6200000e+02  -4.4000000e+01
   2.8000000e+01  -1.2000000e+02
   3.1000000e+01  -4.4000000e+01
   2.2000000e+01  -8.2000000e+01
   2.5000000e+01  -1.1200000e+02
   2.9500000e+02   4.6000000e+01
   7.9000000e+01  -1.0000000e+00
   2.5000000e+01  -1.2000000e+02
   5.7000000e+01   6.0000000e+01
   2.2000000e+01   1.9000000e+01
   2.0000000e+01   3.4000000e+01
   2.2000000e+01   4.5000000e+01
   2.3000000e+01  -1.0700000e+02
   2.1000000e+01   8.0000000e+00
   2.0000000e+01  -4.6000000e+01
   2.3000000e+01  -1.0600000e+02
   2.0000000e+01   2.5000000e+01
   2.3000000e+01   2.1000000e+01
   2.0000000e+01  -4.5000000e+01
   2.2000000e+01   1.7000000e+01
   2.1000000e+01  -8.7000000e+01
   2.5000000e+01   3.9000000e+01
   5.3000000e+01   5.4000000e+01
   2.9000000e+01  -7.5000000e+01
   7.3000000e+01   4.9000000e+01
   2.4000000e+01  -1.1200000e+02
   2.1000000e+01  -4.9000000e+01
