   4.8000000e+01  -2.4000000e+01
   6.5000000e+01  -1.2000000e+02
   7.5600000e+02   2.8000000e+01
   1.8500000e+02  -8.8000000e+01
   3.0600000e+02   3.5000000e+01
   7.8600000e+02  -1.0400000e+02
   7.5000000e+01   5.4000000e+01
   6.2000000e+01  -5.8000000e+01
   2.0000000e+01  -1.1600000e+02
   2.7000000e+01  -5.9000000e+01
   5.7200000e+02  -3.0000000e+00
   2.2900000e+02  -7.3000000e+01
   8.6000000e+01   2.6000000e+01
   5.2000000e+01  -4.4000000e+01
   3.9000000e+01  -7.6000000e+01
   2.4000000e+01  -9.0000000e+00
   1.1000000e+02  -1.1500000e+02
   5.7000000e+01  -3.4000000e+01
   2.2000000e+01  -8.9000000e+01
   2.2800000e+02   5.9000000e+01
   3.1000000e+01  -9.0000000e+01
   2.0000000e+01   2.8000000e+01
   2.0100000e+02  -5.9000000e+01
   3.7600000e+02  -3.0000000e+01
   2.3000000e+01   1.6000000e+01
   2.8000000e+01  -7.9000000e+01
   3.4000000e+01  -2.5000000e+01
   3.4000000e+01  -9.5000000e+01
   7.6000000e+01   6.0000000e+01
   2.1000000e+01  -4.9000000e+01
   2.1000000e+01  -8.5000000e+01
   2.0000000e+01  -1.1900000e+02
   4.4000000e+01   2.9000000e+01
   8.3000000e+01   5.9000000e+01
   5.8400000e+02  -6.0000000e+01
   2.9000000e+01  -1.1000000e+01
   2.0000000e+01  -2.1000000e+01
   2.2000000e+01  -9.5000000e+01
   2.2000000e+01  -2.5000000e+01
   2.0000000e+01  -1.2000000e+02
   2.2000000e+01   2.1000000e+01
   2.0000000e+01  -8.8000000e+01
   5.1900000e+02   5.5000000e+01
   2.0000000e+01  -1.0300000e+02
   1.6300000e+02   5.8000000e+01
   2.3000000e+01  -9.5000000e+01
   2.9000000e+01  -1.6000000e+01
   3.2000000e+01   2.0000000e+01
   2.1000000e+01   1.4000000e+01
   2.1000000e+01  -7.9000000e+01
   2.3000000e+01  -1.1900000e+02
   3.0000000e+01   5.0000000e+01
   2.0000000e+01  -9.7000000e+01
   2.2000000e+01   1.7000000e+01
