   2.6000000e+01  -3.0000000e+00
   2.1000000e+01  -1.2000000e+02
   8.4900000e+02   3.2000000e+01
   3.4400000e+02  -9.0000000e+01
   7.6900000e+02   2.6000000e+01
   1.5500000e+02  -9.5000000e+01
   5.8900000e+02   5.7000000e+01
   3.9000000e+01  -8.9000000e+01
   6.3400000e+02  -5.3000000e+01
   6.6400000e+02  -3.0000000e+01
   3.9000000e+01  -1.0600000e+02
   2.3200000e+02  -7.0000000e+00
   2.2000000e+01  -1.1700000e+02
   4.1000000e+01  -4.4000000e+01
   1.4200000e+02   4.2000000e+01
   3.2600000e+02  -8.7000000e+01
   4.3300000e+02   1.3000000e+01
   4.7600000e+02  -6.9000000e+01
   5.0000000e+02   2.0000000e+01
   5.8000000e+01  -6.0000000e+00
   5.8000000e+01  -8.8000000e+01
   4.4200000e+02  -4.1000000e+01
   8.7000000e+01  -1.1800000e+02
   2.8200000e+02  -3.7000000e+01
   2.2000000e+01   5.1000000e+01
   1.2000000e+02   5.9000000e+01
   2.3000000e+01  -6.0000000e+01
   2.0000000e+01  -7.0000000e+00
   2.1000000e+01  -9.4000000e+01
   2.0000000e+01  -0.0000000e+00
   1.2300000e+02  -6.0000000e+01
   1.9200000e+02   5.5000000e+01
   2.5000000e+01  -9.1000000e+01
   2.3000000e+01   2.3000000e+01
   4.2000000e+01  -1.1000000e+02
   2.0000000e+01  -3.0000000e+01
   2.0000000e+01   1.7000000e+01
   2.0000000e+01  -1.1300000e+02
   5.5000000e+01   5.9000000e+01
   2.0000000e+01  -1.1300000e+02
   2.1000000e+01   2.0000000e+01
   2.0000000e+01  -3.8000000e+01
   2.1000000e+01  -3.0000000e+01
   6.9000000e+01  -1.1700000e+02
   2.3000000e+01   2.4000000e+01
   2.5000000e+01   2.1000000e+01
   2.4000000e+01  -8.1000000e+01
   2.8000000e+01   2.6000000e+01
   2.6000000e+01  -3.5000000e+01
   2.6300000e+02   5.5000000e+01
   2.8000000e+01  -9.0000000e+01
   2.0000000e+01   4.8000000e+01
   2.8000000e+01  -9.6000000e+01
   3.7000000e+01  -2.9000000e+01
