   5.4000000e+02   2.6000000e+01
   8.6000000e+01  -9.4000000e+01
   2.7800000e+02   3.7000000e+01
   2.1000000e+01  -8.6000000e+01
   3.1400000e+02   5.0000000e+01
   4.3100000e+02  -8.9000000e+01
   2.9900000e+02  -7.0000000e+00
   2.7400000e+02   4.7000000e+01
   3.0000000e+01  -1.1300000e+02
   8.3000000e+01  -1.6000000e+01
   1.3900000e+02  -8.5000000e+01
   4.1200000e+02  -6.0000000e+00
   3.0000000e+01  -7.3000000e+01
   2.1000000e+01   2.3000000e+01
   2.1000000e+01  -5.4000000e+01
   2.9000000e+01  -1.1900000e+02
   3.6200000e+02  -3.2000000e+01
   2.1000000e+01  -1.1900000e+02
   1.4700000e+02  -4.7000000e+01
   5.5000000e+02  -1.1800000e+02
   1.2700000e+02   6.0000000e+01
   2.1000000e+02  -6.0000000e+01
   2.4300000e+02  -3.0000000e+01
   3.3400000e+02  -6.0000000e+01
   2.0000000e+01  -2.9000000e+01
   1.0000000e+02   6.0000000e+01
   2.0000000e+01   2.2000000e+01
   2.2000000e+01  -9.2000000e+01
   1.6100000e+02   2.6000000e+01
   2.3000000e+01  -1.6000000e+01
   5.2000000e+01  -1.1400000e+02
   3.4100000e+02  -2.4000000e+01
   1.4600000e+02  -3.5000000e+01
   6.4500000e+02  -6.3000000e+01
   6.1000000e+01  -6.8000000e+01
   3.0000000e+01   1.1000000e+01
   2.1000000e+01  -4.3000000e+01
   3.6000000e+01   2.0000000e+00
   2.1000000e+01  -1.1800000e+02
   2.4000000e+01  -6.0000000e+00
   2.0000000e+01  -6.6000000e+01
   2.7000000e+01  -1.1800000e+02
   8.1000000e+01   6.0000000e+01
   2.1000000e+01  -1.1400000e+02
   2.2000000e+01   1.4000000e+01
   2.3000000e+01  -9.0000000e+00
   2.0000000e+01  -5.5000000e+01
   2.1000000e+01  -5.5000000e+01
   9.8000000e+01   6.0000000e+01
   2.0000000e+01  -8.0000000e+01
   2.0000000e+01   2.5000000e+01
   2.1000000e+01  -9.3000000e+01
   2.0000000e+01   4.5000000e+01
   2.2000000e+01   2.0000000e+01
