   5.7600000e+02  -8.0000000e+00
   1.2930000e+03   2.9000000e+01
   2.1900000e+02  -9.0000000e+01
   2.5500000e+02   3.7000000e+01
   4.9000000e+01  -1.1100000e+02
   3.9000000e+01  -5.0000000e+00
   2.6000000e+01  -9.0000000e+01
   2.6900000e+02   2.7000000e+01
   2.6000000e+01  -9.0000000e+01
   3.1000000e+01  -1.9000000e+01
   2.3600000e+02  -1.1000000e+02
   2.1000000e+01  -3.1000000e+01
   2.7900000e+02   5.3000000e+01
   3.0000000e+02  -6.0000000e+01
   6.5200000e+02  -3.0000000e+01
   3.1400000e+02  -5.7000000e+01
   2.7200000e+02   2.9000000e+01
   8.7000000e+02  -6.8000000e+01
   2.0000000e+01  -5.7000000e+01
   2.0000000e+01   1.7000000e+01
   2.0000000e+01  -1.1300000e+02
   2.1000000e+01   1.3000000e+01
   2.0000000e+01  -6.6000000e+01
   2.1000000e+01  -9.9000000e+01
   1.9600000e+02   6.0000000e+01
   2.9000000e+01  -9.0000000e+01
   2.8000000e+01   6.0000000e+00
   4.1000000e+01  -5.4000000e+01
   2.4000000e+01  -5.0000000e+01
   1.6100000e+02  -9.9000000e+01
   6.3000000e+01   3.3000000e+01
   2.9800000e+02  -5.3000000e+01
   4.5000000e+01   5.2000000e+01
   2.1000000e+01  -1.1600000e+02
   2.6000000e+01  -3.6000000e+01
   3.0000000e+01  -8.3000000e+01
   1.3700000e+02   5.0000000e+01
   3.3000000e+01  -1.1000000e+02
   1.4700000e+02   5.4000000e+01
   5.0000000e+01  -9.3000000e+01
   6.4300000e+02   4.5000000e+01
   6.2000000e+01  -1.1000000e+01
   2.0000000e+01   2.9000000e+01
   2.0000000e+01  -2.1000000e+01
   2.0000000e+01  -9.9000000e+01
   2.0000000e+01  -1.0000000e+00
   2.1000000e+01  -1.0900000e+02
   2.6000000e+01  -1.8000000e+01
   2.0000000e+01  -7.8000000e+01
   2.1000000e+01   1.4000000e+01
   2.1000000e+01  -1.1900000e+02
   2.2000000e+01   1.8000000e+01
   2.1000000e+01  -1.1100000e+02
   2.1000000e+01  -1.1400000e+02
