   7.3900000e+02   2.9000000e+01
   9.3000000e+01  -1.0100000e+02
   5.2600000e+02  -1.0000000e+01
   4.0100000e+02  -1.1600000e+02
   1.2000000e+02   6.0000000e+01
   1.1600000e+02  -8.9000000e+01
   2.0000000e+01   1.0000000e+01
   2.0000000e+01  -1.0000000e+00
   2.4000000e+02  -9.0000000e+01
   4.1000000e+01  -3.0000000e+00
   4.4300000e+02  -1.1000000e+02
   3.1300000e+02  -3.5000000e+01
   1.9000000e+02   4.7000000e+01
   4.7300000e+02  -5.5000000e+01
   1.5700000e+02   6.0000000e+01
   2.0000000e+01  -5.9000000e+01
   2.5000000e+01  -8.9000000e+01
   5.8000000e+02  -8.0000000e+00
   8.9000000e+01  -9.0000000e+01
   3.9000000e+01  -2.5000000e+01
   3.1000000e+01  -1.1700000e+02
   3.4000000e+01   3.2000000e+01
   2.6000000e+01  -9.0000000e+01
   2.1100000e+02  -0.0000000e+00
   1.0300000e+02   6.0000000e+01
   2.7000000e+01  -5.9000000e+01
   2.5000000e+01  -1.1700000e+02
   3.1000000e+01  -4.2000000e+01
   3.0000000e+01  -1.1900000e+02
   3.4000000e+01  -4.7000000e+01
   1.8600000e+02   3.7000000e+01
   2.8000000e+01  -3.4000000e+01
   3.4000000e+01  -8.8000000e+01
   6.9000000e+01   5.6000000e+01
   2.2000000e+01   6.0000000e+01
   2.0000000e+01   2.5000000e+01
   3.0000000e+01  -9.9000000e+01
   2.0000000e+01   5.9000000e+01
   3.2000000e+01   2.0000000e+01
   2.7000000e+01  -2.0000000e+00
   2.6000000e+01  -7.6000000e+01
   4.0000000e+01   1.9000000e+01
   6.2000000e+01  -1.2000000e+02
   2.5000000e+01  -2.0000000e+00
   2.1000000e+01  -6.5000000e+01
   2.0000000e+01   6.0000000e+01
   2.2000000e+01  -6.0000000e+01
   3.3000000e+01  -2.5000000e+01
   1.5500000e+02   5.8000000e+01
   1.2900000e+02  -4.1000000e+01
   2.4800000e+02   5.7000000e+01
   3.8000000e+01  -8.9000000e+01
   3.4000000e+01   5.8000000e+01
   4.5000000e+01  -8.6000000e+01
