   4.7000000e+02   2.8000000e+01
   1.1100000e+02  -8.9000000e+01
   4.3700000e+02   4.5000000e+01
   3.8000000e+02  -5.7000000e+01
   4.5700000e+02  -1.0200000e+02
   5.8700000e+02  -2.2000000e+01
   2.1000000e+01  -5.0000000e+01
   2.1000000e+01  -1.1400000e+02
   4.8000000e+01   5.1000000e+01
   3.6200000e+02  -1.1200000e+02
   5.8100000e+02   6.0000000e+01
   1.2950000e+03  -6.9000000e+01
   9.6000000e+01   6.0000000e+01
   4.1000000e+01  -8.9000000e+01
   1.2500000e+02  -5.0000000e+00
   6.0700000e+02  -5.4000000e+01
   1.4400000e+02  -9.5000000e+01
   4.1600000e+02  -5.7000000e+01
   1.6600000e+02   2.8000000e+01
   2.5000000e+01  -2.0000000e+01
   2.5000000e+01  -9.0000000e+01
   4.6800000e+02   2.9000000e+01
   3.7000000e+01  -1.1600000e+02
   2.9600000e+02  -2.5000000e+01
   1.1400000e+02   6.0000000e+01
   2.4000000e+01  -1.1100000e+02
   7.5000000e+01   6.0000000e+01
   4.1700000e+02  -7.7000000e+01
   3.5000000e+01   2.9000000e+01
   8.9400000e+02  -3.4000000e+01
   1.1300000e+02   6.0000000e+01
   2.0000000e+01  -7.8000000e+01
   2.0000000e+01   2.6000000e+01
   7.9100000e+02  -1.5000000e+01
   2.6000000e+01  -1.1400000e+02
   6.1800000e+02   2.8000000e+01
   2.6000000e+01  -3.8000000e+01
   5.4000000e+01  -1.1300000e+02
   3.7000000e+01  -7.0000000e+00
   8.6000000e+02  -1.1700000e+02
   7.0800000e+02  -4.3000000e+01
   2.1400000e+02   9.0000000e+00
   2.3000000e+01   5.8000000e+01
   2.0000000e+01  -4.8000000e+01
   6.5000000e+01   6.0000000e+01
   3.1100000e+02  -3.0000000e+00
   2.1000000e+01  -9.2000000e+01
   1.0600000e+02  -6.0000000e+00
   2.1000000e+01  -1.1600000e+02
   2.0000000e+01  -3.4000000e+01
   4.7000000e+01  -1.2000000e+02
   2.6000000e+01  -2.2000000e+01
   1.2700000e+02  -0.0000000e+00
   3.6400000e+02  -8.6000000e+01
