   8.7000000e+02   2.5000000e+01
   2.3000000e+01  -8.0000000e+00
   7.6000000e+01  -1.0200000e+02
   7.7000000e+01  -2.9000000e+01
   1.5100000e+02  -9.0000000e+01
   2.4000000e+01  -1.2000000e+01
   5.5700000e+02   1.1000000e+01
   3.7000000e+01  -9.1000000e+01
   1.9400000e+02   4.9000000e+01
   4.5000000e+01  -9.0000000e+01
   9.1200000e+02   2.1000000e+01
   3.1300000e+02  -5.8000000e+01
   2.9000000e+01   3.1000000e+01
   1.4300000e+02   6.0000000e+01
   2.4800000e+02  -9.0000000e+01
   6.5900000e+02  -2.6000000e+01
   3.5000000e+01  -1.1200000e+02
   8.4000000e+01  -3.4000000e+01
   7.1000000e+01  -2.4000000e+01
   2.1000000e+01  -8.9000000e+01
   2.7000000e+01  -1.8000000e+01
   2.1000000e+01  -1.2000000e+02
   2.0000000e+01  -3.4000000e+01
   2.0000000e+01  -1.1100000e+02
   1.2600000e+02   5.1000000e+01
   8.9000000e+01   4.0000000e+00
   2.4000000e+01  -4.1000000e+01
   1.1500000e+02  -7.8000000e+01
   1.7900000e+02  -5.0000000e+00
   1.2500000e+02  -8.1000000e+01
   5.3000000e+01   5.1000000e+01
   2.1800000e+02   3.5000000e+01
   3.9000000e+01  -5.6000000e+01
   3.9000000e+01  -1.1700000e+02
   1.5600000e+02   5.0000000e+00
   1.0800000e+02  -6.0000000e+01
   5.8000000e+01   2.8000000e+01
   3.0000000e+01  -9.2000000e+01
   4.0200000e+02   5.9000000e+01
   2.8000000e+01  -1.7000000e+01
   3.0000000e+01  -1.1900000e+02
   2.6000000e+01  -4.9000000e+01
   1.2200000e+02   6.0000000e+01
   2.7000000e+01   4.5000000e+01
   2.0000000e+01  -9.3000000e+01
   4.6200000e+02   4.8000000e+01
   2.0000000e+01  -1.1600000e+02
   2.0000000e+01  -3.0000000e+01
   2.5000000e+01  -8.9000000e+01
   2.8000000e+01  -5.6000000e+01
   2.9000000e+01  -2.0000000e+00
   2.6000000e+01  -1.1800000e+02
   3.0000000e+01  -8.6000000e+01
   3.4000000e+01  -9.5000000e+01
