   7.1900000e+02   2.9000000e+01
   4.6000000e+01  -5.9000000e+01
   5.1000000e+01  -1.1000000e+02
   9.0000000e+01  -0.0000000e+00
   2.4000000e+01  -9.2000000e+01
   5.8700000e+02  -2.0000000e+00
   2.0000000e+01   3.4000000e+01
   1.6400000e+02  -7.3000000e+01
   1.0700000e+02   6.0000000e+01
   2.1000000e+01  -5.8000000e+01
   8.5900000e+02  -8.9000000e+01
   3.8000000e+01  -9.0000000e+00
   2.5000000e+01  -9.0000000e+01
   5.5000000e+01   6.0000000e+01
   2.7000000e+01  -9.0000000e+01
   2.1000000e+01   1.1000000e+01
   2.1000000e+01  -9.4000000e+01
   2.0000000e+01  -6.0000000e+00
   5.1500000e+02   3.3000000e+01
   2.1000000e+01   2.7000000e+01
   2.1000000e+01  -2.5000000e+01
   2.3000000e+01  -1.1300000e+02
   2.4000000e+01  -1.0000000e+00
   5.9200000e+02  -6.0000000e+01
   6.9200000e+02   4.9000000e+01
   2.2900000e+02  -9.0000000e+01
   1.4100000e+02  -4.7000000e+01
   2.0000000e+01   2.5000000e+01
   5.0000000e+01  -1.1000000e+02
   4.0000000e+01  -3.1000000e+01
   2.0000000e+01  -1.1500000e+02
   3.3000000e+01  -1.2000000e+01
   2.8000000e+01  -9.1000000e+01
   7.5000000e+01   4.1000000e+01
   2.4000000e+01  -4.6000000e+01
   5.1000000e+01  -8.0000000e+01
   8.6900000e+02   2.5000000e+01
   3.2000000e+01  -8.9000000e+01
   2.1000000e+01   5.1000000e+01
   2.0000000e+01   3.6000000e+01
   1.3100000e+02  -1.1300000e+02
   2.1000000e+01  -8.8000000e+01
   6.3000000e+01   6.0000000e+01
   1.5500000e+02   5.9000000e+01
   2.4000000e+01  -9.4000000e+01
   2.0000000e+01   5.5000000e+01
   5.1000000e+01  -5.7000000e+01
   3.9000000e+01   2.9000000e+01
   5.3000000e+01   2.0000000e+01
   2.0800000e+02  -7.9000000e+01
   6.4000000e+01   6.0000000e+01
   7.9000000e+01   3.4000000e+01
   2.9000000e+01  -8.0000000e+01
   1.0800000e+02  -2.3000000e+01
