   2.0000000e+01  -5.0000000e+00
   1.3000000e+02   2.9000000e+01
   6.1100000e+02   2.7000000e+01
   6.3000000e+01  -1.1000000e+02
   1.8000000e+02   6.0000000e+01
   2.2300000e+02  -9.0000000e+01
   5.1000000e+01  -3.0000000e+00
   4.7600000e+02  -1.1500000e+02
   1.2800000e+02   5.6000000e+01
   4.3100000e+02  -7.4000000e+01
   7.3900000e+02   2.1000000e+01
   8.3200000e+02  -5.9000000e+01
   2.3000000e+01  -1.2000000e+02
   2.0000000e+01  -4.9000000e+01
   2.2000000e+01  -1.3000000e+01
   2.9000000e+01  -8.9000000e+01
   5.0000000e+01  -4.1000000e+01
   2.3000000e+01  -6.7000000e+01
   2.1000000e+01  -1.2000000e+02
   3.4900000e+02   2.9000000e+01
   3.0000000e+01  -8.9000000e+01
   7.1800000e+02   2.9000000e+01
   3.9000000e+01  -9.4000000e+01
   6.8700000e+02   2.7000000e+01
   3.1700000e+02  -5.9000000e+01
   2.0000000e+01  -1.3000000e+01
   2.0000000e+01  -3.3000000e+01
   1.4800000e+02  -8.9000000e+01
   5.5000000e+01  -5.2000000e+01
   2.2000000e+01   7.0000000e+00
   2.0000000e+01  -4.9000000e+01
   2.0000000e+01  -1.1100000e+02
   2.8000000e+01   6.0000000e+01
   2.0000000e+01  -1.1900000e+02
   4.9000000e+01  -2.7000000e+01
   2.2000000e+01  -3.8000000e+01
   1.6300000e+02   6.0000000e+01
   2.2000000e+01  -9.2000000e+01
   2.1000000e+01  -1.0000000e+00
   2.0000000e+01  -4.0000000e+01
   2.6500000e+02   1.9000000e+01
   2.1000000e+01  -1.0100000e+02
   2.1000000e+01   6.0000000e+01
   3.0000000e+01  -1.1200000e+02
   2.4000000e+01   4.4000000e+01
   6.1000000e+01  -1.1800000e+02
   4.9000000e+01  -2.7000000e+01
   2.2000000e+01  -1.2000000e+02
   2.8000000e+01  -6.9000000e+01
   8.9000000e+01   6.0000000e+01
   2.2000000e+01  -9.4000000e+01
   2.3000000e+01  -3.7000000e+01
   2.2000000e+01  -1.0500000e+02
   2.3000000e+01  -2.4000000e+01
