   5.4700000e+02   4.6000000e+01
   6.5600000e+02  -4.2000000e+01
   1.7700000e+02  -9.0000000e+01
   3.9000000e+01  -9.0000000e+00
   4.8000000e+01  -1.1800000e+02
   6.9100000e+02   2.9000000e+01
   6.7000000e+01  -1.1000000e+02
   9.0000000e+01   6.0000000e+01
   7.7000000e+01   6.0000000e+01
   2.0000000e+01  -3.0000000e+00
   3.7300000e+02  -9.0000000e+01
   6.4600000e+02  -2.0000000e+00
   2.9000000e+01  -7.3000000e+01
   2.8000000e+02   2.9000000e+01
   2.0000000e+01  -8.0000000e+01
   2.3500000e+02  -3.8000000e+01
   2.1000000e+01   6.0000000e+00
   6.5000000e+01  -7.0000000e+01
   1.6900000e+02  -1.1000000e+01
   7.7000000e+02  -1.0000000e+00
   2.2000000e+02  -1.1700000e+02
   1.2700000e+02  -5.2000000e+01
   1.3400000e+02  -0.0000000e+00
   2.8000000e+01  -8.6000000e+01
   3.7000000e+01   5.7000000e+01
   6.6300000e+02   1.3000000e+01
   2.4000000e+01  -9.6000000e+01
   3.2000000e+01   6.0000000e+01
   3.5000000e+01  -5.6000000e+01
   7.6900000e+02   2.1000000e+01
   2.6000000e+01  -9.0000000e+01
   3.3000000e+01  -2.1000000e+01
   2.0000000e+01  -1.1800000e+02
   2.1000000e+01  -5.3000000e+01
   2.3000000e+01  -1.1500000e+02
   2.4000000e+01  -3.7000000e+01
   8.7500000e+02   5.2000000e+01
   5.7000000e+01  -6.0000000e+01
   1.1400000e+02   3.6000000e+01
   2.9000000e+01  -9.1000000e+01
   4.6000000e+01   1.1000000e+01
   2.9000000e+01  -1.0200000e+02
   2.1000000e+01  -2.0000000e+00
   2.1000000e+01  -5.7000000e+01
   2.4000000e+01  -4.0000000e+01
   5.9000000e+01  -1.1900000e+02
   2.3000000e+01  -1.0000000e+00
   2.1000000e+01  -1.2000000e+02
   2.5300000e+02   4.5000000e+01
   2.3000000e+01  -9.4000000e+01
   2.0000000e+01   5.7000000e+01
   1.4200000e+02  -1.1400000e+02
   2.3000000e+01  -1.1300000e+02
   2.3000000e+01  -8.2000000e+01
