   2.9000000e+01  -1.0000000e+01
   2.8000000e+01  -1.0200000e+02
   8.8300000e+02   2.6000000e+01
   1.6800000e+02  -9.0000000e+01
   3.1900000e+02   3.6000000e+01
   5.9000000e+01  -1.0900000e+02
   2.8200000e+02   5.2000000e+01
   2.0000000e+01  -2.0000000e+00
   1.2300000e+02  -9.0000000e+01
   3.7000000e+01  -2.3000000e+01
   2.0000000e+01  -1.2000000e+02
   5.9100000e+02  -1.7000000e+01
   2.7400000e+02   2.7000000e+01
   5.7500000e+02  -6.0000000e+01
   3.7000000e+01   1.3000000e+01
   2.3000000e+01  -7.7000000e+01
   2.9000000e+01  -1.2000000e+02
   3.4000000e+01  -4.8000000e+01
   2.3000000e+01   5.5000000e+01
   4.2000000e+01  -1.1400000e+02
   2.6700000e+02   4.7000000e+01
   2.2000000e+01  -6.0000000e+01
   4.3000000e+01  -1.1500000e+02
   4.6700000e+02  -2.4000000e+01
   3.7100000e+02   1.7000000e+01
   2.8000000e+01  -9.0000000e+01
   2.5000000e+01  -0.0000000e+00
   1.3800000e+02   6.0000000e+01
   2.0000000e+01  -9.3000000e+01
   2.4000000e+01   2.0000000e+00
   3.1000000e+01   1.2000000e+01
   4.2000000e+01  -9.6000000e+01
   4.9000000e+02   5.4000000e+01
   2.2000000e+01   3.0000000e+00
   2.0300000e+02  -5.9000000e+01
   2.8000000e+01  -2.5000000e+01
   3.7000000e+01  -1.2000000e+02
   4.4000000e+01  -4.9000000e+01
   1.5600000e+02  -8.6000000e+01
   5.3000000e+01  -8.8000000e+01
   2.6500000e+02  -1.2000000e+01
   2.0000000e+01  -6.1000000e+01
   2.0000000e+01   5.6000000e+01
   2.1000000e+01  -3.5000000e+01
   2.2000000e+01  -1.1700000e+02
   2.1000000e+01   2.0000000e+01
   2.1000000e+01  -5.3000000e+01
   5.7000000e+01  -1.1000000e+02
   2.3000000e+01   2.9000000e+01
   2.2600000e+02   3.5000000e+01
   2.0000000e+01   4.0000000e+00
   2.1000000e+01   5.0000000e+01
   2.1000000e+01  -9.7000000e+01
   2.1000000e+01   1.0000000e+00
