   2.7800000e+02   4.1000000e+01
   1.1900000e+02  -9.4000000e+01
   9.5000000e+01  -1.0000000e+00
   5.9900000e+02  -9.4000000e+01
   7.3500000e+02   2.9000000e+01
   5.1500000e+02  -7.9000000e+01
   2.5000000e+01   5.1000000e+01
   2.0000000e+01  -6.7000000e+01
   2.0000000e+01  -1.7000000e+01
   3.0000000e+01  -1.2000000e+02
   7.8000000e+01  -6.0000000e+00
   4.6000000e+01  -5.9000000e+01
   4.6000000e+02   5.0000000e+01
   9.3000000e+01  -9.0000000e+01
   2.7000000e+02  -1.0000000e+01
   6.5000000e+01  -8.6000000e+01
   3.2000000e+02   2.6000000e+01
   5.6000000e+01  -6.0000000e+01
   6.0000000e+01   6.0000000e+01
   2.0000000e+01  -2.5000000e+01
   6.3000000e+01  -5.7000000e+01
   6.9000000e+01  -1.1900000e+02
   2.3000000e+01  -3.6000000e+01
   2.0000000e+01  -7.6000000e+01
   2.4000000e+01  -1.1000000e+01
   4.1800000e+02   4.1000000e+01
   8.3000000e+01   3.0000000e+00
   4.1000000e+01  -9.3000000e+01
   2.6900000e+02  -1.7000000e+01
   1.6300000e+02  -5.3000000e+01
   1.6100000e+02  -8.6000000e+01
   3.0000000e+01   2.8000000e+01
   3.0000000e+01  -5.8000000e+01
   6.3300000e+02  -1.1700000e+02
   2.5000000e+01  -3.6000000e+01
   2.0000000e+01  -1.0400000e+02
   2.1000000e+01  -1.1000000e+02
   2.1000000e+01   2.9000000e+01
   2.1000000e+01  -7.8000000e+01
   5.7000000e+01   5.5000000e+01
   2.3000000e+01  -1.1200000e+02
   2.1000000e+01   5.9000000e+01
   2.6000000e+01   9.0000000e+00
   8.8000000e+01  -8.9000000e+01
   5.1000000e+01  -5.5000000e+01
   8.1000000e+01   5.8000000e+01
   2.4000000e+01  -9.4000000e+01
   7.2300000e+02   2.0000000e+01
   3.6200000e+02   5.4000000e+01
   7.6000000e+01  -7.5000000e+01
   6.6000000e+01  -1.6000000e+01
   5.4000000e+01  -8.9000000e+01
   4.1000000e+01   3.8000000e+01
   3.8000000e+01  -3.2000000e+01
