   3.5200000e+02   2.9000000e+01
   4.9300000e+02  -7.0000000e+01
   2.6200000e+02   3.8000000e+01
   9.1000000e+01  -1.0100000e+02
   7.7600000e+02  -1.2000000e+01
   2.4300000e+02  -9.9000000e+01
   1.5100000e+02   6.0000000e+01
   4.5000000e+01  -2.4000000e+01
   7.1000000e+01  -9.0000000e+01
   3.1500000e+02   1.1000000e+01
   1.6900000e+02  -8.9000000e+01
   6.7100000e+02   2.2000000e+01
   2.8000000e+01  -2.2000000e+01
   3.2300000e+02  -6.0000000e+01
   4.8000000e+01  -1.1900000e+02
   3.2000000e+01  -1.0000000e+01
   6.0000000e+01  -1.1300000e+02
   3.1000000e+01  -4.7000000e+01
   4.8900000e+02   4.0000000e+01
   2.2000000e+01  -6.0000000e+01
   2.0000000e+01  -5.0000000e+00
   2.0000000e+01   2.6000000e+01
   2.0000000e+01  -1.0600000e+02
   8.3800000e+02   4.5000000e+01
   1.1200000e+02  -9.0000000e+01
   2.0000000e+01  -2.0000000e+00
   1.2100000e+02  -9.0000000e+01
   2.3000000e+01  -7.0000000e+00
   2.9500000e+02  -5.4000000e+01
   3.4300000e+02  -6.9000000e+01
   2.1000000e+01  -2.1000000e+01
   8.7000000e+01   4.6000000e+01
   2.0000000e+01  -9.7000000e+01
   2.2000000e+01   6.0000000e+01
   5.6000000e+01  -1.0400000e+02
   2.1000000e+01  -4.0000000e+01
   2.7000000e+01  -2.4000000e+01
   2.1000000e+01  -3.6000000e+01
   1.4700000e+02  -9.0000000e+01
   2.9000000e+01  -1.6000000e+01
   2.0000000e+01  -7.9000000e+01
   2.2000000e+01   3.3000000e+01
   2.0000000e+01  -9.5000000e+01
   2.0000000e+01  -3.8000000e+01
   9.4000000e+01   6.0000000e+01
   2.0000000e+01  -1.0100000e+02
   2.0000000e+01   2.7000000e+01
   2.1000000e+01   1.3000000e+01
   6.9500000e+02   4.3000000e+01
   2.7000000e+01  -8.6000000e+01
   8.2000000e+01   5.2000000e+01
   1.2400000e+02   5.0000000e+01
   9.1000000e+01  -6.0000000e+01
   7.6000000e+01  -0.0000000e+00
