   2.4000000e+01  -1.0000000e+00
   2.1000000e+01  -6.5000000e+01
   2.3000000e+01  -1.1200000e+02
   1.1590000e+03   2.8000000e+01
   2.8000000e+01  -5.1000000e+01
   1.9400000e+02  -9.0000000e+01
   3.1500000e+02   5.7000000e+01
   2.8600000e+02  -8.7000000e+01
   3.4700000e+02  -5.0000000e+00
   6.9400000e+02  -1.1500000e+02
   9.0000000e+01   5.9000000e+01
   1.6900000e+02  -1.0000000e+02
   6.2400000e+02   1.9000000e+01
   2.1000000e+01  -9.2000000e+01
   1.6500000e+02   2.6000000e+01
   2.8000000e+01  -9.0000000e+01
   4.2900000e+02  -1.8000000e+01
   5.1200000e+02  -6.4000000e+01
   2.0000000e+01   4.2000000e+01
   2.2000000e+01  -6.0000000e+01
   2.0000000e+01  -9.1000000e+01
   2.7000000e+01  -1.5000000e+01
   4.6000000e+02  -1.1800000e+02
   2.1000000e+01  -3.1000000e+01
   2.6400000e+02   3.6000000e+01
   2.3000000e+01  -6.0000000e+01
   1.6300000e+02   5.9000000e+01
   2.8000000e+01  -9.0000000e+01
   1.6600000e+02  -1.0000000e+00
   2.3000000e+01  -5.9000000e+01
   9.8000000e+01   6.0000000e+01
   2.4000000e+01  -9.1000000e+01
   7.2000000e+01  -5.9000000e+01
   2.1000000e+01   6.0000000e+00
   1.0000000e+02  -9.0000000e+01
   2.3000000e+01  -3.0000000e+01
   1.0300000e+02   5.1000000e+01
   6.7000000e+01  -9.0000000e+00
   6.2000000e+01   4.9000000e+01
   3.9000000e+01   2.6000000e+01
   3.2000000e+01  -1.1100000e+02
   2.9000000e+01   6.0000000e+00
   3.3000000e+01  -1.0600000e+02
   2.0000000e+01  -5.9000000e+01
   2.4000000e+01  -9.3000000e+01
   2.1000000e+01   3.0000000e+00
   2.0000000e+01  -9.0000000e+01
   2.1000000e+01   5.6000000e+01
   2.2000000e+01   2.0000000e+00
   2.0000000e+01  -1.1900000e+02
   2.1000000e+01  -5.6000000e+01
   2.4000000e+01  -1.2000000e+02
   2.1000000e+01   1.2000000e+01
   2.0000000e+01  -9.4000000e+01
