   2.3000000e+01  -1.1000000e+01
   1.2380000e+03   2.8000000e+01
   2.1100000e+02  -9.0000000e+01
   4.3100000e+02   3.1000000e+01
   9.4000000e+01  -1.0000000e+02
   3.0700000e+02   6.0000000e+00
   3.8000000e+01  -8.9000000e+01
   3.1600000e+02  -4.0000000e+00
   4.2000000e+01  -1.1500000e+02
   3.1000000e+01  -3.9000000e+01
   3.2000000e+01  -1.9000000e+01
   2.9000000e+01  -1.0700000e+02
   6.1500000e+02   2.3000000e+01
   5.0000000e+01  -1.2000000e+02
   2.0000000e+01  -5.4000000e+01
   1.0000000e+02   5.3000000e+01
   6.0000000e+01  -8.9000000e+01
   4.9000000e+01  -5.2000000e+01
   1.0500000e+02   5.5000000e+01
   2.9000000e+01  -5.7000000e+01
   2.3000000e+01  -2.0000000e+00
   2.6400000e+02  -8.7000000e+01
   2.3000000e+01  -4.0000000e+00
   3.6700000e+02  -6.9000000e+01
   4.3000000e+01  -2.3000000e+01
   6.6000000e+01  -1.0000000e+00
   2.3100000e+02   5.2000000e+01
   2.5000000e+01  -1.1900000e+02
   2.7000000e+01  -6.0000000e+00
   4.8000000e+01  -3.4000000e+01
   9.4000000e+01  -7.6000000e+01
   2.6000000e+01   4.7000000e+01
   1.5700000e+02   6.0000000e+01
   2.1600000e+02  -9.0000000e+01
   8.1000000e+01  -5.2000000e+01
   2.1000000e+01  -1.0500000e+02
   2.6000000e+01  -1.1400000e+02
   2.9000000e+01  -8.6000000e+01
   2.6000000e+01  -1.2000000e+01
   2.4000000e+01  -9.0000000e+01
   1.7400000e+02   5.5000000e+01
   2.3000000e+01  -5.9000000e+01
   2.7000000e+01   5.7000000e+01
   2.1000000e+01  -8.0000000e+01
   3.5000000e+01  -2.4000000e+01
   2.2000000e+01  -1.0400000e+02
   2.0000000e+01   1.0000000e+00
   2.3000000e+01   4.0000000e+01
   2.1000000e+01  -8.0000000e+01
   2.0000000e+01   5.0000000e+00
   2.1000000e+01   3.5000000e+01
   2.4000000e+01  -1.1100000e+02
   2.0000000e+01   2.8000000e+01
   2.0000000e+01  -5.8000000e+01
