   7.1500000e+02   2.9000000e+01
   1.2900000e+02  -8.8000000e+01
   2.8700000e+02  -1.1000000e+01
   3.6700000e+02  -1.1500000e+02
   3.8000000e+01  -2.3000000e+01
   2.0000000e+01  -1.1400000e+02
   1.3900000e+02   6.0000000e+01
   2.2700000e+02  -9.0000000e+01
   1.0700000e+02   5.1000000e+01
   2.5000000e+01  -9.2000000e+01
   3.9000000e+01  -1.8000000e+01
   2.2800000e+02  -8.0000000e+01
   2.6000000e+01   4.0000000e+00
   3.7000000e+01  -8.9000000e+01
   3.0000000e+01  -1.9000000e+01
   2.0000000e+01  -5.3000000e+01
   2.1600000e+02  -1.1200000e+02
   2.3000000e+01  -3.8000000e+01
   2.8800000e+02  -6.9000000e+01
   2.5800000e+02   4.2000000e+01
   2.2000000e+01  -2.9000000e+01
   2.0000000e+01  -6.0000000e+01
   2.6400000e+02   5.9000000e+01
   2.6000000e+01  -5.8000000e+01
   3.3600000e+02   2.7000000e+01
   3.0000000e+01  -1.9000000e+01
   8.8000000e+01  -8.8000000e+01
   1.4900000e+02  -3.0000000e+01
   2.9000000e+01  -1.0300000e+02
   2.8000000e+01   7.0000000e+00
   2.2000000e+01  -6.1000000e+01
   3.1000000e+01  -4.4000000e+01
   2.5000000e+01  -9.2000000e+01
   2.0400000e+02   4.3000000e+01
   2.3000000e+01  -9.6000000e+01
   2.7000000e+01   3.0000000e+00
   2.2000000e+01  -5.8000000e+01
   2.8000000e+01  -1.2000000e+02
   2.3000000e+01  -3.4000000e+01
   2.1000000e+01  -2.1000000e+01
   2.2000000e+01  -1.1800000e+02
   2.1000000e+01   4.8000000e+01
   2.0000000e+01  -7.6000000e+01
   1.0500000e+02   6.0000000e+01
   2.1000000e+01  -9.5000000e+01
   2.0000000e+01  -3.6000000e+01
   2.3000000e+01  -9.1000000e+01
   2.1000000e+01   3.2000000e+01
   2.1000000e+01  -4.0000000e+00
   2.0000000e+01   4.6000000e+01
   3.4000000e+01  -1.1900000e+02
   2.0000000e+01   2.8000000e+01
   2.0000000e+01  -3.4000000e+01
   2.8000000e+01  -9.0000000e+00
