   1.5300000e+02  -3.0000000e+00
   5.6200000e+02   2.4000000e+01
   1.0000000e+02  -8.9000000e+01
   4.9000000e+02   2.8000000e+01
   5.2000000e+01  -1.1000000e+02
   2.5100000e+02  -1.8000000e+01
   2.5000000e+01  -9.3000000e+01
   2.5900000e+02   5.1000000e+01
   2.8000000e+01  -9.0000000e+01
   2.7700000e+02   1.8000000e+01
   2.3300000e+02  -6.0000000e+01
   4.1100000e+02  -7.2000000e+01
   2.3000000e+01  -4.1000000e+01
   1.4200000e+02  -9.0000000e+01
   5.3000000e+01  -5.0000000e+01
   2.4000000e+01  -1.1100000e+02
   2.6000000e+01  -0.0000000e+00
   2.1000000e+01  -6.3000000e+01
   4.1000000e+01   6.0000000e+01
   3.3100000e+02  -1.1200000e+02
   2.3800000e+02   5.1000000e+01
   3.0000000e+02  -6.0000000e+01
   4.5200000e+02   5.8000000e+01
   2.1000000e+01  -2.8000000e+01
   3.7000000e+01  -9.0000000e+01
   6.2000000e+01  -1.6000000e+01
   5.1000000e+01  -9.0000000e+01
   3.8000000e+01  -2.5000000e+01
   2.1000000e+01  -1.0800000e+02
   2.5000000e+01  -4.0000000e+01
   2.0000000e+01   2.1000000e+01
   2.9000000e+01  -5.6000000e+01
   2.5000000e+01  -2.5000000e+01
   2.1000000e+01  -8.0000000e+01
   2.0000000e+01   3.7000000e+01
   2.1000000e+01  -1.0000000e+00
   2.3000000e+01  -3.6000000e+01
   2.7000000e+01   5.0000000e+01
   2.8000000e+01   1.8000000e+01
   3.6000000e+01   5.5000000e+01
   2.3000000e+01  -1.1300000e+02
   2.0000000e+01   2.0000000e+01
   2.0000000e+01  -5.1000000e+01
   2.0000000e+01   5.8000000e+01
   2.0000000e+01   1.3000000e+01
   2.2000000e+01  -1.1700000e+02
   2.0000000e+01  -3.0000000e+00
   2.0000000e+01  -3.2000000e+01
   2.1000000e+01  -1.1200000e+02
   2.0000000e+01   2.1000000e+01
   2.0000000e+01   6.0000000e+00
   2.0000000e+01  -5.4000000e+01
   2.0000000e+01  -2.0000000e+01
   2.0000000e+01  -1.1600000e+02
