   7.1700000e+02   2.9000000e+01
   6.0400000e+02  -7.4000000e+01
   6.0000000e+01   6.0000000e+01
   3.9300000e+02  -1.0700000e+02
   2.6000000e+01  -1.0000000e+01
   2.3000000e+01  -9.2000000e+01
   3.4700000e+02   4.7000000e+01
   3.1000000e+01  -8.2000000e+01
   1.9300000e+02  -9.0000000e+01
   4.4700000e+02  -9.0000000e+00
   3.4000000e+01  -1.1800000e+02
   1.3100000e+02  -4.8000000e+01
   2.4700000e+02   2.1000000e+01
   3.5000000e+01  -9.0000000e+01
   8.3000000e+01   1.4000000e+01
   5.2500000e+02   3.6000000e+01
   4.1200000e+02  -6.0000000e+01
   6.1800000e+02  -2.1000000e+01
   1.1800000e+02  -6.1000000e+01
   2.0000000e+01  -1.7000000e+01
   3.3000000e+01  -6.0000000e+01
   6.9800000e+02   2.9000000e+01
   3.0000000e+01  -1.1600000e+02
   2.4600000e+02   5.8000000e+01
   4.4000000e+01  -9.0000000e+01
   2.0000000e+01   5.5000000e+01
   2.0000000e+01  -3.0000000e+01
   3.3000000e+01  -4.8000000e+01
   2.2000000e+01  -1.1400000e+02
   8.2000000e+01  -5.0000000e+01
   3.0000000e+01   2.9000000e+01
   2.1000000e+01  -1.2000000e+02
   5.0000000e+01  -5.0000000e+01
   2.8000000e+01  -1.2000000e+02
   4.8000000e+01  -2.4000000e+01
   2.7000000e+01  -8.6000000e+01
   2.3000000e+01   1.9000000e+01
   2.3000000e+01  -4.4000000e+01
   2.2000000e+01  -5.4000000e+01
   2.2000000e+01   6.0000000e+00
   2.0000000e+01  -1.2000000e+02
   2.2000000e+01  -4.3000000e+01
   7.1000000e+01  -1.1500000e+02
   2.9600000e+02   5.4000000e+01
   1.6500000e+02  -5.3000000e+01
   3.1000000e+01  -1.0000000e+02
   3.2000000e+01   9.0000000e+00
   8.3000000e+01  -5.9000000e+01
   4.2000000e+02   4.3000000e+01
   2.6000000e+01  -8.1000000e+01
   2.6000000e+01  -2.8000000e+01
   5.9000000e+01   5.5000000e+01
   4.7000000e+01  -9.6000000e+01
   2.4600000e+02  -1.0000000e+00
