   1.0130000e+03   2.5000000e+01
   4.0000000e+01  -1.2000000e+02
   2.6900000e+02   6.0000000e+01
   3.7900000e+02  -9.0000000e+01
   1.1600000e+02  -1.0000000e+00
   1.1910000e+03  -9.4000000e+01
   9.3000000e+01  -3.4000000e+01
   1.3300000e+02   6.0000000e+01
   6.3800000e+02  -5.9000000e+01
   2.7000000e+01  -3.0000000e+00
   2.3000000e+01  -1.1800000e+02
   2.4300000e+02  -4.2000000e+01
   2.7600000e+02   7.0000000e+00
   2.2000000e+01  -7.8000000e+01
   5.9200000e+02   2.7000000e+01
   3.1000000e+01  -9.0000000e+01
   3.7000000e+01  -2.5000000e+01
   2.0000000e+01  -9.0000000e+01
   2.2000000e+01   5.7000000e+01
   2.0000000e+01  -5.1000000e+01
   5.8000000e+01  -1.2000000e+02
   2.7000000e+01  -8.0000000e+00
   2.0000000e+01  -1.1300000e+02
   2.3000000e+01   4.9000000e+01
   2.8000000e+02  -6.9000000e+01
   1.0900000e+02   6.0000000e+01
   2.0000000e+01  -9.4000000e+01
   2.3600000e+02   3.0000000e+01
   2.0000000e+01   2.0000000e+00
   8.9000000e+01  -2.3000000e+01
   2.7000000e+01  -5.6000000e+01
   2.0000000e+01  -3.0000000e+01
   2.1000000e+01  -1.1900000e+02
   2.0000000e+01   2.0000000e+01
   2.0000000e+01  -1.1700000e+02
   2.0000000e+01  -3.2000000e+01
   2.2100000e+02  -6.5000000e+01
   6.9000000e+01   2.1000000e+01
   1.2700000e+02   6.0000000e+01
   5.5000000e+01  -1.1000000e+02
   6.5000000e+01  -4.0000000e+00
   4.6700000e+02  -4.6000000e+01
   2.2000000e+01  -1.1400000e+02
   2.0000000e+01  -1.3000000e+01
   2.1000000e+01  -6.3000000e+01
   2.2000000e+01   6.0000000e+00
   2.2000000e+01  -1.1400000e+02
   2.1000000e+01  -5.6000000e+01
   2.6500000e+02   5.7000000e+01
   2.0000000e+01  -9.7000000e+01
   2.4000000e+01   1.3000000e+01
   2.9000000e+01  -1.0000000e+02
   2.4000000e+01   2.9000000e+01
   2.5000000e+01  -2.0000000e+00
