   4.8400000e+02   2.9000000e+01
   2.0000000e+01  -9.5000000e+01
   2.2000000e+01  -1.4000000e+01
   7.5000000e+01   6.0000000e+01
   2.3200000e+02  -8.9000000e+01
   5.6500000e+02  -9.2000000e+01
   4.6000000e+01   6.0000000e+01
   9.1000000e+01  -9.0000000e+01
   1.8400000e+02  -3.0000000e+00
   3.5000000e+01  -1.2000000e+02
   5.2700000e+02  -1.0000000e+00
   2.0400000e+02  -8.9000000e+01
   2.6000000e+01   5.7000000e+01
   2.9000000e+01  -5.8000000e+01
   1.8100000e+02   6.0000000e+01
   7.6000000e+01  -9.0000000e+01
   3.2000000e+01  -1.0000000e+01
   2.8000000e+01  -5.6000000e+01
   3.3000000e+01  -2.8000000e+01
   1.7200000e+02   2.7000000e+01
   4.8000000e+01  -1.1300000e+02
   2.6000000e+01   6.0000000e+00
   1.7100000e+02   5.7000000e+01
   2.4300000e+02   5.0000000e+00
   1.2700000e+02  -5.9000000e+01
   2.1000000e+01   5.8000000e+01
   6.8000000e+01  -1.2000000e+02
   2.9500000e+02  -3.8000000e+01
   2.1000000e+01   1.6000000e+01
   4.3000000e+01  -1.0800000e+02
   1.6500000e+02  -1.1000000e+01
   1.0000000e+02  -8.2000000e+01
   2.5500000e+02  -3.7000000e+01
   3.6600000e+02   5.6000000e+01
   3.0000000e+01  -9.1000000e+01
   2.9000000e+02  -3.0000000e+00
   2.2000000e+01  -1.2000000e+02
   2.2000000e+01   1.6000000e+01
   2.0000000e+01   3.1000000e+01
   4.7000000e+01   4.8000000e+01
   2.6000000e+01  -9.0000000e+01
   3.0000000e+01  -1.9000000e+01
   2.7000000e+01  -9.3000000e+01
   4.8000000e+01   6.0000000e+01
   2.1000000e+01  -9.4000000e+01
   2.3000000e+01   2.4000000e+01
   2.0000000e+01   2.7000000e+01
   2.0000000e+01   1.2000000e+01
   2.0000000e+01  -1.1200000e+02
   2.4000000e+01  -5.4000000e+01
   3.3000000e+01  -1.1700000e+02
   2.6000000e+01  -3.0000000e+00
   2.9000000e+01  -1.1700000e+02
   3.7000000e+01  -3.4000000e+01
