   4.1000000e+01  -1.7000000e+01
   3.1800000e+02   3.9000000e+01
   2.6100000e+02  -9.5000000e+01
   4.4900000e+02   2.9000000e+01
   1.4300000e+02   6.0000000e+01
   2.2400000e+02  -9.0000000e+01
   3.9700000e+02  -9.0000000e+00
   2.2000000e+01  -5.1000000e+01
   3.9000000e+01  -9.6000000e+01
   8.9000000e+01   5.5000000e+01
   2.1800000e+02  -8.5000000e+01
   1.4700000e+02   1.7000000e+01
   3.6000000e+01  -8.8000000e+01
   7.5800000e+02  -5.2000000e+01
   5.2000000e+01  -6.3000000e+01
   2.0000000e+01  -2.0000000e+00
   2.1000000e+01  -1.1400000e+02
   2.1000000e+01  -3.2000000e+01
   2.0000000e+01  -1.2000000e+02
   2.8500000e+02   4.8000000e+01
   3.7000000e+01  -5.5000000e+01
   5.3900000e+02  -2.9000000e+01
   1.6100000e+02  -6.0000000e+01
   2.6000000e+01  -3.0000000e+00
   2.0000000e+01  -7.9000000e+01
   3.0000000e+01   6.0000000e+01
   3.1000000e+01  -1.0300000e+02
   3.0000000e+01   2.8000000e+01
   1.6400000e+02  -3.4000000e+01
   6.3500000e+02   2.8000000e+01
   4.5000000e+01  -1.1500000e+02
   3.5000000e+01  -1.9000000e+01
   4.0000000e+01  -1.1600000e+02
   8.6000000e+01  -3.9000000e+01
   2.9000000e+01  -9.0000000e+01
   3.9000000e+01  -1.0000000e+02
   4.1000000e+01   3.2000000e+01
   4.7000000e+01  -3.9000000e+01
   4.3500000e+02   4.6000000e+01
   1.2000000e+02   5.7000000e+01
   2.7000000e+01  -9.5000000e+01
   7.6600000e+02   1.7000000e+01
   2.0000000e+01  -1.2000000e+01
   2.8000000e+01  -1.2000000e+02
   2.0000000e+01   4.1000000e+01
   2.0000000e+01   5.9000000e+01
   2.0000000e+01  -1.1600000e+02
   2.0000000e+01   1.0000000e+00
   2.1000000e+01   5.1000000e+01
   2.6000000e+01  -1.1700000e+02
   2.2000000e+01   2.9000000e+01
   2.0000000e+01  -1.3000000e+01
   2.0000000e+01  -8.6000000e+01
   2.1000000e+01  -6.0000000e+00
