   2.0000000e+01  -6.0000000e+01
   4.7600000e+02   2.8000000e+01
   2.0000000e+01  -2.0000000e+01
   6.5000000e+01  -1.0500000e+02
   9.9000000e+01   6.0000000e+01
   4.6700000e+02  -9.0000000e+01
   1.0100000e+02   4.7000000e+01
   9.1000000e+01  -9.0000000e+01
   5.6000000e+01  -8.0000000e+00
   5.2600000e+02  -4.6000000e+01
   4.1000000e+02  -1.1300000e+02
   1.5100000e+02  -2.8000000e+01
   3.3200000e+02   5.8000000e+01
   3.6000000e+01  -9.0000000e+01
   3.0000000e+01   2.0000000e+00
   4.1000000e+01  -1.2000000e+02
   2.3000000e+01   2.8000000e+01
   2.1000000e+01  -8.9000000e+01
   1.4100000e+02   5.6000000e+01
   5.6100000e+02  -5.7000000e+01
   4.6000000e+01  -7.8000000e+01
   6.7000000e+01   5.2000000e+01
   5.2300000e+02  -5.0000000e+01
   1.7200000e+02  -5.5000000e+01
   2.0000000e+01   2.7000000e+01
   2.9000000e+01  -1.2000000e+02
   2.7000000e+01  -5.7000000e+01
   2.0000000e+01  -1.1800000e+02
   2.3000000e+01   1.2000000e+01
   2.3000000e+01  -1.1000000e+02
   2.1000000e+01  -0.0000000e+00
   2.4000000e+01  -7.2000000e+01
   2.3000000e+01  -3.4000000e+01
   6.5000000e+01   6.0000000e+01
   2.0000000e+01   7.0000000e+00
   2.5000000e+01  -2.2000000e+01
   2.2000000e+01  -9.4000000e+01
   2.0000000e+01  -5.4000000e+01
   2.1000000e+01   8.0000000e+00
   2.5000000e+01  -9.5000000e+01
   2.1000000e+01  -1.2000000e+01
   2.2000000e+01   1.1000000e+01
   2.0000000e+01  -1.1200000e+02
   1.6100000e+02   6.0000000e+01
   2.5000000e+01  -9.1000000e+01
   1.0400000e+02  -2.1000000e+01
   1.0300000e+02  -7.5000000e+01
   2.0000000e+01   2.0000000e+01
   1.7400000e+02   5.2000000e+01
   2.0000000e+01  -9.2000000e+01
   2.4000000e+01  -8.0000000e+00
   2.1000000e+01   9.0000000e+00
   2.7000000e+01  -1.1900000e+02
   2.0000000e+01   3.0000000e+00
