   5.9000000e+02   2.8000000e+01
   8.8000000e+01  -9.8000000e+01
   4.3700000e+02   3.8000000e+01
   2.0200000e+02  -9.0000000e+01
   1.2040000e+03  -3.0000000e+00
   2.5100000e+02  -7.0000000e+01
   3.8000000e+01   2.7000000e+01
   3.0000000e+01  -1.1900000e+02
   3.0000000e+01  -4.0000000e+01
   2.1400000e+02  -8.9000000e+01
   4.9500000e+02  -2.7000000e+01
   2.0000000e+01  -1.1700000e+02
   4.8000000e+01  -4.2000000e+01
   2.7900000e+02   4.7000000e+01
   7.0000000e+01   2.8000000e+01
   9.5600000e+02  -1.3000000e+01
   3.2000000e+01  -1.1100000e+02
   4.1000000e+01  -8.0000000e+00
   5.3000000e+01  -1.1800000e+02
   1.0800000e+02   6.0000000e+01
   3.1900000e+02  -5.8000000e+01
   6.4200000e+02   2.4000000e+01
   2.1000000e+01   6.0000000e+01
   7.3000000e+01  -8.7000000e+01
   2.0000000e+01  -3.1000000e+01
   9.6000000e+01  -9.0000000e+01
   2.0000000e+01   2.8000000e+01
   2.0000000e+01  -2.9000000e+01
   2.5000000e+01  -6.0000000e+01
   1.6400000e+02  -6.9000000e+01
   1.1000000e+02   5.9000000e+01
   2.7000000e+01  -5.9000000e+01
   1.4700000e+02  -2.8000000e+01
   2.4000000e+01   4.3000000e+01
   3.9000000e+01  -9.6000000e+01
   2.0000000e+01   5.9000000e+01
   2.1000000e+01  -4.8000000e+01
   1.9600000e+02   2.2000000e+01
   7.8000000e+01   6.0000000e+01
   2.0000000e+01  -9.3000000e+01
   2.0000000e+01   1.6000000e+01
   2.1000000e+01   4.7000000e+01
   6.0000000e+01  -9.2000000e+01
   2.2000000e+01   1.9000000e+01
   2.6000000e+01  -9.0000000e+01
   2.1000000e+01  -7.0000000e+00
   2.0000000e+01  -5.3000000e+01
   2.1000000e+01   3.0000000e+01
   2.3000000e+01  -6.7000000e+01
   3.5000000e+01  -1.1400000e+02
   2.1000000e+01   1.7000000e+01
   2.1000000e+01  -8.4000000e+01
   2.1000000e+01  -8.0000000e+00
   2.0000000e+01  -5.5000000e+01
