   5.6500000e+02   2.6000000e+01
   2.9000000e+01  -1.1400000e+02
   5.1200000e+02   3.3000000e+01
   1.7800000e+02   2.9000000e+01
   2.0800000e+02  -9.0000000e+01
   2.0000000e+01  -3.0000000e+00
   2.0000000e+01  -9.5000000e+01
   6.4000000e+01   2.7000000e+01
   5.0000000e+01  -8.8000000e+01
   4.1000000e+01  -1.1100000e+02
   3.1000000e+01  -1.4000000e+01
   3.6000000e+01  -9.2000000e+01
   1.1100000e+02   6.0000000e+01
   2.3000000e+01  -6.0000000e+01
   2.4000000e+01  -1.1500000e+02
   2.9000000e+01  -1.3000000e+01
   2.0000000e+01  -3.1000000e+01
   2.0000000e+01  -8.0000000e+01
   2.8000000e+01  -1.7000000e+01
   5.0000000e+01  -1.1800000e+02
   2.5000000e+01  -4.0000000e+01
   2.1000000e+01  -7.6000000e+01
   6.3000000e+01   6.0000000e+01
   2.2000000e+01  -8.0000000e+00
   6.7000000e+01   5.9000000e+01
   4.1000000e+02  -5.4000000e+01
   3.5000000e+01   2.0000000e+00
   3.0000000e+01  -7.4000000e+01
   3.5300000e+02   5.9000000e+01
   4.0000000e+01  -9.0000000e+01
   6.5000000e+01  -2.0000000e+01
   3.6000000e+01  -1.2000000e+02
   1.8100000e+02  -3.4000000e+01
   2.0000000e+01  -7.9000000e+01
   4.1000000e+01  -1.1200000e+02
   2.1000000e+01  -6.0000000e+01
   2.9000000e+01  -6.0000000e+00
   2.2000000e+01  -6.7000000e+01
   5.1000000e+01   4.7000000e+01
   2.2000000e+01  -9.4000000e+01
   2.1000000e+01   1.4000000e+01
   3.0000000e+01   1.6000000e+01
   2.0000000e+01  -4.0000000e+01
   2.1000000e+01   3.5000000e+01
   9.2000000e+01   6.0000000e+01
   2.0000000e+01  -2.5000000e+01
   3.0000000e+01  -9.9000000e+01
   2.0000000e+01  -5.5000000e+01
   2.0000000e+01  -1.0800000e+02
   2.0000000e+01   5.0000000e+00
   1.2800000e+02   6.0000000e+01
   2.0000000e+01  -9.3000000e+01
   2.0000000e+01   3.4000000e+01
   2.0000000e+01   1.3000000e+01
