   8.4000000e+01  -1.4000000e+01
   2.0000000e+01  -1.1900000e+02
   4.8400000e+02   4.0000000e+01
   3.4600000e+02  -9.0000000e+01
   4.1600000e+02   2.8000000e+01
   6.9000000e+01  -1.0600000e+02
   2.8000000e+01  -1.1000000e+01
   8.4000000e+01  -5.8000000e+01
   1.1700000e+02  -9.0000000e+01
   1.7100000e+02   2.9000000e+01
   5.2000000e+01  -1.1100000e+02
   2.0000000e+01  -3.2000000e+01
   8.7000000e+02   4.8000000e+01
   3.8000000e+01  -9.0000000e+01
   2.4000000e+01  -7.0000000e+00
   6.2400000e+02  -6.0000000e+01
   2.4000000e+01  -2.0000000e+01
   7.8800000e+02  -6.7000000e+01
   1.8900000e+02   5.3000000e+01
   3.1000000e+01  -5.7000000e+01
   2.0000000e+01   5.0000000e+00
   6.6900000e+02  -9.1000000e+01
   2.0000000e+01  -1.2000000e+02
   4.5800000e+02  -3.2000000e+01
   4.6000000e+01   6.0000000e+01
   2.9000000e+01  -6.0000000e+01
   1.2300000e+02   2.4000000e+01
   3.2000000e+01  -3.0000000e+01
   2.4000000e+01  -9.0000000e+01
   2.7000000e+01  -1.6000000e+01
   5.6000000e+01   5.5000000e+01
   2.4000000e+01  -1.1800000e+02
   5.4000000e+01   5.9000000e+01
   2.0000000e+01  -9.3000000e+01
   2.9000000e+01   5.1000000e+01
   2.1000000e+01  -1.1700000e+02
   2.3000000e+01  -1.0000000e+01
   3.1000000e+01  -6.0000000e+00
   3.3000000e+01  -4.1000000e+01
   3.6000000e+01   5.2000000e+01
   2.6000000e+01  -9.9000000e+01
   3.1600000e+02   2.6000000e+01
   3.4000000e+01  -1.1700000e+02
   2.8000000e+01  -4.3000000e+01
   2.7000000e+01  -2.6000000e+01
   3.6000000e+01  -8.8000000e+01
   2.5000000e+01   1.0000000e+01
   2.4000000e+01  -1.1400000e+02
   3.9800000e+02   4.1000000e+01
   2.0000000e+01  -2.7000000e+01
   7.5000000e+01  -1.2000000e+02
   2.1000000e+01   2.9000000e+01
   2.0000000e+01  -6.9000000e+01
   2.1000000e+01   6.0000000e+01
