   3.5800000e+02  -5.6000000e+01
   7.4400000e+02   2.9000000e+01
   5.5000000e+01  -1.1000000e+02
   9.1000000e+01  -1.3000000e+01
   4.9000000e+01  -1.1100000e+02
   3.2000000e+01  -2.0000000e+00
   3.8900000e+02  -9.0000000e+01
   2.1000000e+01   1.2000000e+01
   4.7100000e+02   5.1000000e+01
   2.6200000e+02  -8.9000000e+01
   5.7000000e+01   5.8000000e+01
   2.2600000e+02  -8.3000000e+01
   3.2000000e+01   2.7000000e+01
   2.4000000e+01  -7.6000000e+01
   5.6000000e+01  -4.2000000e+01
   8.3000000e+01   5.7000000e+01
   1.5000000e+02  -5.9000000e+01
   5.2700000e+02   2.9000000e+01
   3.0000000e+01  -1.1500000e+02
   8.7000000e+01   6.0000000e+01
   3.0000000e+01  -5.8000000e+01
   4.0100000e+02  -2.3000000e+01
   2.9000000e+01  -8.9000000e+01
   3.1000000e+01   3.1000000e+01
   2.1000000e+01  -1.1200000e+02
   3.7000000e+01  -2.2000000e+01
   8.6000000e+01  -1.1000000e+02
   2.6000000e+01   1.0000000e+00
   1.9200000e+02  -9.7000000e+01
   3.1000000e+01  -3.4000000e+01
   2.0000000e+01  -1.1900000e+02
   2.0000000e+01   5.4000000e+01
   2.1000000e+01  -6.0000000e+01
   2.0000000e+01  -1.1000000e+01
   3.3000000e+01   6.0000000e+01
   2.0000000e+01  -5.8000000e+01
   5.7000000e+01  -9.8000000e+01
   2.3000000e+01   2.5000000e+01
   2.6000000e+01  -5.0000000e+01
   5.4000000e+01  -6.7000000e+01
   2.2000000e+01   3.9000000e+01
   2.1000000e+01  -3.7000000e+01
   2.0000000e+01  -7.1000000e+01
   2.0000000e+01  -2.6000000e+01
   2.0000000e+01  -3.6000000e+01
   2.1000000e+01   3.5000000e+01
   2.2000000e+01  -1.1900000e+02
   2.2000000e+01  -4.7000000e+01
   1.2600000e+02   5.3000000e+01
   2.0000000e+01  -9.6000000e+01
   3.3000000e+01   2.0000000e+00
   2.6000000e+01   6.0000000e+01
   2.0000000e+01  -9.6000000e+01
   2.1000000e+01  -3.0000000e+01
