   1.0290000e+03   2.3000000e+01
   2.5000000e+01   2.0000000e+01
   1.4700000e+02  -9.1000000e+01
   3.9000000e+01  -1.9000000e+01
   3.3000000e+01  -1.2000000e+02
   4.0500000e+02  -1.2000000e+01
   4.0000000e+01  -8.8000000e+01
   1.3400000e+02   5.9000000e+01
   2.0000000e+01   2.5000000e+01
   5.0200000e+02  -7.4000000e+01
   1.7900000e+02   2.9000000e+01
   2.0000000e+01  -6.2000000e+01
   4.5900000e+02   3.4000000e+01
   5.3500000e+02  -6.0000000e+01
   3.4000000e+01  -2.4000000e+01
   7.1000000e+01  -1.1000000e+02
   5.5700000e+02  -5.2000000e+01
   4.3100000e+02  -1.0000000e+02
   4.6000000e+02  -5.8000000e+01
   4.8800000e+02   4.0000000e+01
   1.1400000e+02  -2.7000000e+01
   1.0600000e+02  -9.0000000e+01
   2.0000000e+01   1.6000000e+01
   6.3000000e+01  -5.4000000e+01
   4.2400000e+02   2.9000000e+01
   2.1000000e+01  -9.2000000e+01
   4.0000000e+01  -2.9000000e+01
   2.8000000e+01   5.0000000e+00
   3.4000000e+01  -7.6000000e+01
   8.4000000e+01  -2.7000000e+01
   3.4000000e+01  -9.6000000e+01
   1.7000000e+02   6.0000000e+01
   3.2000000e+01  -8.9000000e+01
   1.1900000e+02   1.5000000e+01
   2.2000000e+01   5.9000000e+01
   2.5000000e+01  -1.2000000e+01
   3.2000000e+01  -1.1000000e+01
   3.3000000e+01  -7.4000000e+01
   2.9000000e+01   4.9000000e+01
   4.3000000e+01  -1.1500000e+02
   1.7200000e+02  -3.0000000e+01
   2.8000000e+01  -9.0000000e+01
   3.3000000e+01   7.0000000e+00
   2.2000000e+01  -4.8000000e+01
   4.0000000e+01  -1.1500000e+02
   2.4000000e+01  -2.0000000e+00
   2.4000000e+01  -8.2000000e+01
   2.0000000e+01  -5.7000000e+01
   2.1000000e+01  -1.1500000e+02
   9.4000000e+01   5.9000000e+01
   3.8000000e+01   6.0000000e+01
   2.3000000e+01  -6.0000000e+01
   2.0000000e+01  -4.0000000e+00
   2.4000000e+01   5.3000000e+01
