   2.8000000e+02   2.7000000e+01
   1.9100000e+02  -1.1700000e+02
   3.3400000e+02  -5.0000000e+00
   1.0180000e+03   2.9000000e+01
   3.2000000e+01   1.4000000e+01
   2.4300000e+02  -8.7000000e+01
   5.7000000e+01   4.8000000e+01
   2.8000000e+01  -1.1200000e+02
   2.7300000e+02  -2.5000000e+01
   7.4300000e+02  -8.9000000e+01
   5.9600000e+02   3.7000000e+01
   1.9800000e+02  -1.1300000e+02
   2.7000000e+01  -4.1000000e+01
   6.6700000e+02   3.6000000e+01
   2.1900000e+02  -6.0000000e+01
   2.5500000e+02  -2.5000000e+01
   8.9900000e+02  -5.9000000e+01
   6.8600000e+02  -5.0000000e+00
   2.1400000e+02  -5.2000000e+01
   2.1200000e+02   5.9000000e+01
   7.0000000e+01  -5.6000000e+01
   2.1700000e+02  -1.5000000e+01
   1.4020000e+03  -6.5000000e+01
   3.9500000e+02   5.0000000e+00
   1.3200000e+02   6.0000000e+01
   6.7000000e+01  -8.9000000e+01
   3.4000000e+01  -2.1000000e+01
   9.2700000e+02  -8.7000000e+01
   5.5300000e+02  -1.0000000e+00
   8.5400000e+02  -7.9000000e+01
   2.4000000e+01   1.0000000e+00
   2.0000000e+01  -1.1400000e+02
   2.3000000e+01  -7.2000000e+01
   6.1400000e+02   5.0000000e+01
   2.1300000e+02  -7.3000000e+01
   3.0300000e+02   2.0000000e+00
   2.1000000e+01  -1.1400000e+02
   6.6000000e+01   6.0000000e+00
   2.7000000e+02  -3.0000000e+01
   6.2000000e+02  -7.0000000e+01
   2.4200000e+02  -4.0000000e+00
   7.8000000e+01  -7.6000000e+01
   2.1000000e+01   2.8000000e+01
   2.0000000e+01  -9.9000000e+01
   4.5000000e+01   6.0000000e+01
   7.5000000e+01  -7.4000000e+01
   7.3700000e+02   3.5000000e+01
   8.6200000e+02  -4.8000000e+01
   2.1000000e+01   2.3000000e+01
   2.7000000e+01  -1.1900000e+02
   2.2000000e+01  -5.6000000e+01
   6.2400000e+02  -2.0000000e+01
   7.4600000e+02  -5.7000000e+01
   3.7300000e+02  -6.9000000e+01
