   2.9600000e+02  -4.0000000e+00
   3.3000000e+01   5.7000000e+01
   2.4000000e+01  -9.2000000e+01
   5.0400000e+02   2.9000000e+01
   1.1400000e+02  -1.1000000e+02
   2.1000000e+01   2.5000000e+01
   2.4000000e+01  -1.2000000e+02
   6.7000000e+01   6.0000000e+01
   7.6000000e+01  -8.9000000e+01
   2.2600000e+02   5.5000000e+01
   4.4100000e+02  -8.6000000e+01
   5.2200000e+02  -1.8000000e+01
   3.7000000e+01  -8.9000000e+01
   9.3000000e+01   6.0000000e+01
   3.9000000e+01  -8.9000000e+01
   3.3000000e+01  -1.1000000e+01
   2.3000000e+01  -1.1100000e+02
   6.1700000e+02  -7.0000000e+00
   5.6000000e+02  -5.8000000e+01
   7.5900000e+02  -1.1100000e+02
   2.2000000e+01  -3.5000000e+01
   1.5200000e+02   5.8000000e+01
   4.3000000e+01  -5.8000000e+01
   2.0000000e+01   2.7000000e+01
   5.7000000e+01  -1.0600000e+02
   2.2000000e+01   2.2000000e+01
   2.0000000e+01  -6.5000000e+01
   4.5000000e+01  -1.1800000e+02
   3.2000000e+01  -6.5000000e+01
   2.4000000e+01   4.0000000e+00
   4.5300000e+02   3.5000000e+01
   1.9100000e+02  -5.3000000e+01
   3.3000000e+02   4.0000000e+01
   5.2500000e+02   5.3000000e+01
   6.8000000e+01  -1.1700000e+02
   1.5300000e+02  -4.1000000e+01
   2.0000000e+01  -1.1400000e+02
   6.6000000e+01  -2.6000000e+01
   2.8000000e+01  -6.8000000e+01
   3.0200000e+02   5.8000000e+01
   9.1000000e+01  -9.0000000e+01
   2.7000000e+01  -3.0000000e+00
   7.1000000e+01   6.0000000e+01
   2.0000000e+01  -7.8000000e+01
   2.1000000e+01  -1.2000000e+01
   2.0000000e+01  -1.1200000e+02
   2.0000000e+01   2.6000000e+01
   2.1000000e+01  -2.7000000e+01
   2.4000000e+01  -9.2000000e+01
   2.0000000e+01   3.6000000e+01
   2.1000000e+01  -9.5000000e+01
   2.0000000e+01  -9.4000000e+01
   2.3000000e+01  -3.3000000e+01
   2.1000000e+01  -4.8000000e+01
