   5.3800000e+02   2.9000000e+01
   2.5000000e+01  -1.0000000e+02
   8.3500000e+02   2.8000000e+01
   9.5300000e+02  -7.2000000e+01
   2.8000000e+02  -3.0000000e+00
   4.5700000e+02  -9.5000000e+01
   4.5200000e+02   3.6000000e+01
   3.1000000e+01  -1.0700000e+02
   3.0000000e+01  -6.0000000e+00
   2.6000000e+01  -7.0000000e+01
   3.7000000e+01  -1.2000000e+02
   5.6700000e+02  -5.0000000e+01
   4.1600000e+02  -1.1900000e+02
   2.4300000e+02   5.3000000e+01
   3.7500000e+02  -5.8000000e+01
   9.3000000e+01   4.4000000e+01
   3.7000000e+01  -8.9000000e+01
   2.7500000e+02  -3.0000000e+00
   6.8000000e+01  -9.0000000e+01
   2.0000000e+01  -4.1000000e+01
   4.5000000e+01  -1.2000000e+02
   2.1000000e+01  -3.4000000e+01
   2.1000000e+01  -8.9000000e+01
   3.8200000e+02  -6.7000000e+01
   9.2000000e+01  -3.4000000e+01
   2.1000000e+01   6.0000000e+01
   3.0000000e+01  -9.0000000e+01
   2.6700000e+02   6.0000000e+01
   3.8000000e+01  -8.8000000e+01
   2.5000000e+01  -1.2000000e+01
   2.2000000e+01  -1.3000000e+01
   3.9000000e+01  -9.3000000e+01
   7.5000000e+01  -8.0000000e+00
   2.1000000e+01  -5.9000000e+01
   1.1000000e+02  -9.7000000e+01
   2.0000000e+01  -4.0000000e+00
   2.0000000e+01   3.8000000e+01
   2.0000000e+01   1.1000000e+01
   2.1000000e+01  -1.1300000e+02
   2.2000000e+01  -0.0000000e+00
   2.0000000e+01  -5.9000000e+01
   2.1000000e+01  -9.8000000e+01
   1.7400000e+02   6.0000000e+01
   1.0300000e+02  -2.3000000e+01
   2.5000000e+01  -9.0000000e+01
   2.2000000e+01   4.9000000e+01
   2.7000000e+01  -9.1000000e+01
   2.2000000e+01   1.8000000e+01
   4.9000000e+01  -9.6000000e+01
   2.0000000e+01   2.1000000e+01
   2.0000000e+01  -5.2000000e+01
   5.1000000e+01  -1.2000000e+02
   2.0000000e+01  -1.0000000e+00
   2.1000000e+01   5.5000000e+01
