   8.6600000e+02   2.9000000e+01
   2.2900000e+02  -8.9000000e+01
   5.5700000e+02  -3.0000000e+00
   4.7000000e+01  -1.1200000e+02
   7.5000000e+01   5.1000000e+01
   7.4000000e+01   5.7000000e+01
   2.3700000e+02  -6.0000000e+01
   6.1500000e+02  -2.0000000e+00
   8.2000000e+01  -1.1400000e+02
   3.3000000e+01  -5.0000000e+00
   2.1000000e+01  -1.1900000e+02
   3.3000000e+01  -4.2000000e+01
   1.6900000e+02  -7.2000000e+01
   2.0000000e+02   6.0000000e+01
   2.7600000e+02  -9.0000000e+01
   3.7500000e+02   2.2000000e+01
   7.0000000e+01  -9.0000000e+01
   1.5900000e+02  -4.9000000e+01
   6.2000000e+01   6.0000000e+01
   3.1000000e+01  -1.1000000e+02
   9.3100000e+02   5.2000000e+01
   1.2500000e+02  -3.5000000e+01
   2.9000000e+01  -2.9000000e+01
   8.2100000e+02  -7.3000000e+01
   2.1000000e+01  -3.4000000e+01
   4.1200000e+02  -7.9000000e+01
   7.9000000e+01   5.4000000e+01
   3.0000000e+01  -9.0000000e+01
   6.4000000e+01   9.0000000e+00
   2.0000000e+01  -1.1700000e+02
   7.9000000e+01  -1.5000000e+01
   1.4900000e+02   6.0000000e+01
   5.5000000e+01  -9.4000000e+01
   3.1900000e+02  -1.6000000e+01
   8.7000000e+01  -4.8000000e+01
   3.4000000e+01  -1.0900000e+02
   6.2000000e+01   6.0000000e+01
   2.0000000e+01  -9.8000000e+01
   5.6000000e+01   6.0000000e+01
   3.2000000e+01  -5.7000000e+01
   2.3000000e+01   1.1000000e+01
   1.6000000e+02   2.0000000e+01
   1.5100000e+02   4.7000000e+01
   1.3300000e+02  -6.0000000e+00
   5.5000000e+01  -7.5000000e+01
   3.7000000e+02   5.5000000e+01
   4.0000000e+01  -8.8000000e+01
   1.1300000e+02   1.0000000e+00
   2.1000000e+01  -1.8000000e+01
   3.9000000e+01  -7.0000000e+00
   3.7000000e+01   2.0000000e+00
   6.1000000e+01   2.4000000e+01
   3.2000000e+01  -9.9000000e+01
   2.8000000e+01   2.5000000e+01
