   7.1500000e+02   2.9000000e+01
   1.4200000e+02  -9.0000000e+01
   3.2000000e+01  -1.2000000e+02
   2.2000000e+01  -3.2000000e+01
   2.1800000e+02  -3.0000000e+00
   2.5000000e+01  -9.0000000e+01
   2.3000000e+02   5.0000000e+01
   7.0800000e+02  -5.7000000e+01
   1.0300000e+02   4.7000000e+01
   4.7000000e+01  -1.1400000e+02
   2.5000000e+01   2.8000000e+01
   4.6800000e+02  -9.7000000e+01
   2.6000000e+01  -8.0000000e+00
   2.1000000e+01  -1.1200000e+02
   2.4600000e+02   6.0000000e+01
   9.0000000e+01  -8.8000000e+01
   4.9000000e+01  -2.8000000e+01
   7.1000000e+01  -8.7000000e+01
   1.3000000e+02   5.0000000e+00
   2.7000000e+01  -1.1200000e+02
   1.5000000e+02  -2.8000000e+01
   2.0000000e+01  -5.2000000e+01
   2.2000000e+01  -1.1700000e+02
   2.8000000e+01  -3.0000000e+01
   2.0000000e+01   6.0000000e+01
   2.0000000e+01  -6.5000000e+01
   4.2000000e+01  -1.1800000e+02
   2.8000000e+01  -1.3000000e+01
   2.4000000e+01  -9.0000000e+01
   3.1000000e+01  -3.1000000e+01
   1.1820000e+03   2.7000000e+01
   3.7000000e+01  -5.5000000e+01
   2.3300000e+02   4.3000000e+01
   5.0000000e+01  -9.7000000e+01
   2.7000000e+01   3.0000000e+00
   2.5000000e+01  -4.2000000e+01
   2.2200000e+02   5.7000000e+01
   2.0000000e+01  -9.9000000e+01
   2.1000000e+01  -3.0000000e+01
   5.3700000e+02  -1.9000000e+01
   2.6000000e+01  -9.7000000e+01
   2.0000000e+01  -6.0000000e+01
   2.2000000e+01  -9.0000000e+01
   1.4300000e+02   5.8000000e+01
   2.2000000e+01  -7.9000000e+01
   3.0000000e+01   4.0000000e+00
   3.1000000e+01  -1.1500000e+02
   2.8000000e+01  -5.3000000e+01
   1.0300000e+02   2.0000000e+00
   7.9000000e+01  -4.0000000e+01
   8.8000000e+01   3.5000000e+01
   2.2500000e+02   4.4000000e+01
   4.4000000e+01  -1.1800000e+02
   2.2400000e+02   4.5000000e+01
