   1.0550000e+03   6.0000000e+01
   1.5600000e+02  -8.9000000e+01
   1.9500000e+02  -6.0000000e+00
   3.2500000e+02  -8.8000000e+01
   8.7200000e+02   2.5000000e+01
   2.0200000e+02  -9.8000000e+01
   9.7000000e+01   5.7000000e+01
   3.3200000e+02  -7.8000000e+01
   4.7000000e+01   2.3000000e+01
   3.7000000e+01  -1.1800000e+02
   4.7000000e+01  -9.0000000e+00
   6.1000000e+01  -6.2000000e+01
   2.3000000e+01   1.1000000e+01
   2.0000000e+01  -1.2000000e+02
   2.4000000e+01  -3.4000000e+01
   6.7000000e+01   6.0000000e+01
   2.3000000e+01  -6.0000000e+01
   2.0000000e+01   4.7000000e+01
   1.6000000e+02  -7.5000000e+01
   2.1000000e+01  -3.7000000e+01
   2.2000000e+01  -1.1600000e+02
   2.1000000e+01  -3.5000000e+01
   2.0000000e+01  -1.0400000e+02
   2.0000000e+01  -7.0000000e+00
   3.4000000e+01  -8.8000000e+01
   9.8000000e+02   2.9000000e+01
   2.0000000e+01  -5.3000000e+01
   2.0000000e+01  -6.0000000e+01
   4.9000000e+01   1.1000000e+01
   2.6900000e+02  -1.0000000e+00
   3.9000000e+01  -9.7000000e+01
   5.1000000e+01   1.7000000e+01
   4.7000000e+01  -9.3000000e+01
   9.6000000e+01  -2.1000000e+01
   2.4700000e+02  -8.0000000e+01
   3.6600000e+02   4.0000000e+00
   2.2000000e+01  -5.4000000e+01
   2.1000000e+01   2.2000000e+01
   2.1000000e+01  -4.2000000e+01
   2.0000000e+01   5.9000000e+01
   2.0000000e+01  -1.1300000e+02
   2.4000000e+01   4.4000000e+01
   2.0000000e+01  -1.1600000e+02
   2.1000000e+01  -8.0000000e+00
   2.0000000e+01  -4.6000000e+01
   7.6000000e+01   6.0000000e+01
   2.0000000e+01  -9.4000000e+01
   2.0000000e+01  -2.3000000e+01
   1.9500000e+02   5.6000000e+01
   3.4000000e+01  -7.8000000e+01
   3.7000000e+01   1.6000000e+01
   5.0000000e+01  -9.4000000e+01
   3.0000000e+01   3.9000000e+01
   1.1200000e+02   6.0000000e+01
