   2.9800000e+02  -5.0000000e+01
   9.5000000e+01   5.8000000e+01
   4.0900000e+02  -9.4000000e+01
   8.4900000e+02   2.5000000e+01
   2.1000000e+01  -3.9000000e+01
   1.5400000e+02  -9.0000000e+01
   5.8300000e+02  -1.2000000e+01
   5.2000000e+01   4.4000000e+01
   2.7000000e+01  -1.1600000e+02
   4.0800000e+02   5.3000000e+01
   3.8200000e+02  -9.0000000e+01
   2.5000000e+01  -1.3000000e+01
   2.0000000e+01  -1.2000000e+02
   8.0400000e+02   3.3000000e+01
   2.7000000e+01  -5.0000000e+01
   6.4200000e+02  -6.0000000e+01
   7.3000000e+01  -9.0000000e+01
   2.9000000e+01   2.1000000e+01
   4.3000000e+01  -7.1000000e+01
   2.1000000e+01   2.0000000e+00
   2.5000000e+01  -9.2000000e+01
   7.6000000e+01   4.9000000e+01
   2.2000000e+01  -9.7000000e+01
   2.2000000e+01  -1.0000000e+00
   8.9000000e+01  -8.9000000e+01
   2.0000000e+01  -3.6000000e+01
   2.2000000e+01  -1.6000000e+01
   2.1000000e+01  -5.8000000e+01
   6.2200000e+02  -2.3000000e+01
   2.0000000e+01  -8.3000000e+01
   1.0300000e+02   5.8000000e+01
   4.6000000e+01  -9.0000000e+01
   4.9000000e+01   6.0000000e+01
   1.0800000e+02  -1.1000000e+02
   1.9700000e+02  -5.2000000e+01
   2.2000000e+01  -6.1000000e+01
   1.2600000e+02   6.0000000e+01
   2.1000000e+01  -1.0000000e+01
   2.0000000e+01  -7.7000000e+01
   2.1000000e+01   7.0000000e+00
   2.0000000e+01  -1.1200000e+02
   3.0200000e+02   1.5000000e+01
   3.2900000e+02  -2.3000000e+01
   4.3000000e+01  -5.7000000e+01
   2.6200000e+02   5.7000000e+01
   2.8000000e+01  -9.4000000e+01
   6.3000000e+01  -2.5000000e+01
   4.9000000e+01  -2.4000000e+01
   4.2300000e+02   3.8000000e+01
   2.2000000e+01  -9.5000000e+01
   2.2000000e+01   5.9000000e+01
   2.0000000e+01  -5.0000000e+01
   2.6000000e+01  -1.1500000e+02
   2.1000000e+01  -8.9000000e+01
