   1.2220000e+03   2.8000000e+01
   2.1600000e+02  -8.9000000e+01
   6.9000000e+01  -1.0000000e+00
   5.2500000e+02   2.6000000e+01
   5.3500000e+02  -1.0800000e+02
   6.6500000e+02  -1.7000000e+01
   3.1100000e+02  -1.1000000e+02
   2.6600000e+02   4.2000000e+01
   2.5600000e+02  -8.3000000e+01
   2.6700000e+02   4.7000000e+01
   4.5900000e+02  -5.5000000e+01
   1.7600000e+02   2.7000000e+01
   6.1100000e+02  -5.2000000e+01
   2.1000000e+01  -1.2000000e+02
   2.3000000e+01   1.0000000e+00
   2.0000000e+01  -3.1000000e+01
   2.0500000e+02  -1.1300000e+02
   3.1000000e+01  -3.6000000e+01
   2.5700000e+02   3.0000000e+01
   2.1000000e+01  -3.5000000e+01
   2.5000000e+01  -9.0000000e+01
   1.8500000e+02   5.0000000e+01
   2.1000000e+01  -1.2000000e+02
   1.8400000e+02  -2.8000000e+01
   5.8000000e+01  -1.1300000e+02
   2.7000000e+01  -4.1000000e+01
   2.5000000e+01  -8.8000000e+01
   2.4000000e+01  -7.1000000e+01
   2.0000000e+01   5.0000000e+00
   2.2000000e+01  -7.0000000e+01
   2.0000000e+01  -4.0000000e+00
   2.3000000e+01  -3.2000000e+01
   3.8900000e+02   5.0000000e+01
   2.1000000e+01  -5.0000000e+00
   7.8000000e+01  -9.0000000e+01
   2.1000000e+01   4.5000000e+01
   2.3000000e+01  -8.0000000e+00
   2.1000000e+01  -1.1200000e+02
   3.2000000e+01  -5.9000000e+01
   9.4000000e+01   2.8000000e+01
   1.2400000e+02  -1.4000000e+01
   6.7000000e+01  -3.8000000e+01
   8.6000000e+01   6.0000000e+01
   2.0000000e+01  -7.8000000e+01
   2.1000000e+01  -1.4000000e+01
   2.4000000e+01  -9.5000000e+01
   2.0000000e+01  -2.7000000e+01
   2.1000000e+01   2.4000000e+01
   2.4000000e+01  -8.4000000e+01
   2.3000000e+01  -3.3000000e+01
   5.5000000e+01  -1.4000000e+01
   2.3000000e+01  -1.1400000e+02
   2.3000000e+01  -2.5000000e+01
   2.2000000e+01  -6.6000000e+01
