   8.2000000e+02   2.7000000e+01
   1.7000000e+02  -8.9000000e+01
   2.7000000e+01  -1.0000000e+00
   3.1000000e+01  -1.2000000e+02
   3.3000000e+01  -1.6000000e+01
   3.1700000e+02  -1.2000000e+02
   9.8500000e+02   4.0000000e+01
   1.4200000e+02  -9.0000000e+01
   1.5800000e+02   4.1000000e+01
   5.1000000e+01  -1.1000000e+02
   2.0000000e+01   7.0000000e+00
   4.0000000e+01  -8.8000000e+01
   4.3200000e+02   4.2000000e+01
   2.2200000e+02  -0.0000000e+00
   6.0400000e+02  -5.6000000e+01
   2.4000000e+01  -9.3000000e+01
   8.3000000e+02  -1.3000000e+01
   2.2900000e+02  -1.0500000e+02
   2.0000000e+01  -3.5000000e+01
   1.0800000e+02   4.8000000e+01
   2.1000000e+01  -7.7000000e+01
   2.0000000e+01   1.2000000e+01
   1.3100000e+02  -5.4000000e+01
   2.1000000e+01  -8.3000000e+01
   8.4000000e+01   6.0000000e+01
   2.0000000e+01  -1.0000000e+00
   3.2000000e+01  -9.0000000e+01
   3.3000000e+01   1.3000000e+01
   2.0000000e+01  -1.6000000e+01
   5.1000000e+01  -4.3000000e+01
   3.2000000e+01  -1.2000000e+02
   2.0000000e+01  -0.0000000e+00
   2.6000000e+01  -1.2000000e+02
   3.7000000e+01  -4.1000000e+01
   2.4000000e+01  -2.5000000e+01
   5.5000000e+01  -6.8000000e+01
   2.0000000e+01   1.2000000e+01
   2.2000000e+01  -5.2000000e+01
   2.4000000e+01   5.2000000e+01
   7.4000000e+01   6.0000000e+01
   2.0000000e+01  -9.9000000e+01
   2.0000000e+01   5.5000000e+01
   2.5000000e+01  -1.1100000e+02
   1.4100000e+02  -5.8000000e+01
   2.8800000e+02  -4.4000000e+01
   8.3000000e+01  -1.1900000e+02
   2.5500000e+02   1.0000000e+00
   6.9000000e+01  -7.3000000e+01
   9.4000000e+01   6.0000000e+01
   2.4000000e+01   5.0000000e+01
   2.4000000e+01  -7.3000000e+01
   2.3000000e+01  -9.7000000e+01
   2.4000000e+01  -6.0000000e+00
   2.3000000e+01  -3.0000000e+01
