   9.8700000e+02  -1.0000000e+00
   5.2400000e+02  -1.1000000e+02
   7.0900000e+02   2.9000000e+01
   2.9000000e+01  -9.0000000e+01
   8.1000000e+01  -3.0000000e+01
   5.1000000e+01  -1.0900000e+02
   7.5000000e+01   4.4000000e+01
   2.4000000e+01  -8.2000000e+01
   2.1000000e+02   6.0000000e+01
   8.3000000e+01  -9.0000000e+01
   3.7000000e+01   5.1000000e+01
   2.0100000e+02  -1.1000000e+02
   2.0700000e+02   3.8000000e+01
   7.5000000e+01  -6.0000000e+01
   3.2600000e+02  -2.0000000e+00
   2.0000000e+01  -1.1900000e+02
   1.7700000e+02  -5.0000000e+00
   3.2500000e+02  -8.8000000e+01
   2.0000000e+01   1.0000000e+01
   2.0000000e+01  -1.1400000e+02
   2.2000000e+01  -3.9000000e+01
   2.1000000e+01  -6.8000000e+01
   2.1000000e+01  -1.4000000e+01
   2.1000000e+01  -5.2000000e+01
   5.1000000e+01  -9.3000000e+01
   1.2500000e+02   6.0000000e+01
   2.9000000e+01  -6.0000000e+01
   2.2000000e+01   2.9000000e+01
   7.4000000e+01  -1.1100000e+02
   2.2000000e+01   2.6000000e+01
   2.0000000e+01  -6.0000000e+01
   2.0000000e+01   5.7000000e+01
   4.7000000e+01  -9.0000000e+01
   2.1000000e+01   2.8000000e+01
   2.3000000e+01  -5.9000000e+01
   2.1000000e+01  -1.1800000e+02
   1.1100000e+02   5.9000000e+01
   2.0000000e+01  -1.0000000e+00
   2.4000000e+01  -3.4000000e+01
   2.0000000e+01  -2.2000000e+01
   2.0000000e+01  -3.7000000e+01
   2.0000000e+01  -7.0000000e+00
   2.2000000e+01  -1.1500000e+02
   2.1000000e+01   1.6000000e+01
   2.0000000e+01  -1.0100000e+02
   2.2000000e+01  -1.1200000e+02
   2.3000000e+01  -3.2000000e+01
   2.0000000e+01   2.5000000e+01
   1.1500000e+02   6.0000000e+01
   2.0000000e+01  -8.1000000e+01
   2.0000000e+01   3.4000000e+01
   2.2000000e+01  -9.9000000e+01
   8.9000000e+01  -8.0000000e+00
   2.0000000e+01  -1.0400000e+02
