   7.1400000e+02   2.9000000e+01
   7.6000000e+01  -9.0000000e+01
   4.0000000e+01  -2.4000000e+01
   2.4000000e+01  -1.1300000e+02
   4.0000000e+01  -2.4000000e+01
   2.0000000e+01  -1.1600000e+02
   1.0000000e+02   5.3000000e+01
   2.0000000e+01  -5.1000000e+01
   7.2000000e+01  -1.1600000e+02
   4.0000000e+01  -4.9000000e+01
   2.3000000e+01  -1.1900000e+02
   2.4000000e+01  -6.0000000e+00
   3.9700000e+02  -8.9000000e+01
   2.3200000e+02   5.8000000e+01
   9.2000000e+01  -9.0000000e+01
   4.9000000e+01  -2.8000000e+01
   1.5700000e+02  -6.0000000e+01
   4.1600000e+02  -7.0000000e+01
   6.1000000e+01   2.6000000e+01
   2.0000000e+01  -8.2000000e+01
   1.0200000e+02   6.0000000e+01
   6.7000000e+02  -6.0000000e+01
   4.6700000e+02   5.0000000e+00
   2.1000000e+01  -9.6000000e+01
   7.6000000e+01   6.0000000e+01
   2.4000000e+01   2.4000000e+01
   2.1000000e+01   1.7000000e+01
   3.2700000e+02  -2.1000000e+01
   6.6000000e+01  -1.2000000e+02
   2.1000000e+01  -4.0000000e+01
   1.0600000e+02  -5.9000000e+01
   2.2100000e+02   3.4000000e+01
   6.7000000e+01  -1.4000000e+01
   1.0800000e+02  -9.0000000e+01
   3.4100000e+02   2.0000000e+00
   4.4700000e+02  -3.8000000e+01
   1.3200000e+02   5.7000000e+01
   2.0000000e+01  -9.4000000e+01
   5.6600000e+02   1.3000000e+01
   2.2400000e+02  -5.0000000e+01
   2.0000000e+01  -9.1000000e+01
   2.1000000e+01   3.0000000e+01
   2.0000000e+01   4.8000000e+01
   2.1000000e+01  -9.7000000e+01
   2.0000000e+01   7.0000000e+00
   2.7000000e+01  -1.0100000e+02
   2.4000000e+01   1.0000000e+00
   2.1000000e+01   1.5000000e+01
   2.1000000e+01  -9.8000000e+01
   2.1000000e+01  -4.0000000e+01
   2.0000000e+01  -1.8000000e+01
   2.3000000e+01  -1.0600000e+02
   2.7000000e+01  -1.2000000e+01
   2.3000000e+01  -4.7000000e+01
