   7.1900000e+02   2.9000000e+01
   1.8900000e+02  -9.9000000e+01
   4.2700000e+02   6.0000000e+01
   1.4000000e+02  -8.9000000e+01
   4.9300000e+02  -3.0000000e+01
   2.0000000e+01  -1.1200000e+02
   1.5700000e+02   5.2000000e+01
   4.5800000e+02  -6.0000000e+01
   1.1900000e+02  -8.9000000e+01
   4.9000000e+01  -2.7000000e+01
   2.8000000e+01  -1.2000000e+02
   3.2000000e+01  -1.0000000e+01
   3.2800000e+02   1.6000000e+01
   4.9000000e+01  -5.8000000e+01
   5.0000000e+01   1.6000000e+01
   2.5000000e+01  -9.0000000e+01
   2.8000000e+01  -1.1800000e+02
   2.7000000e+01  -3.1000000e+01
   6.9000000e+01   6.0000000e+01
   4.8000000e+01  -8.9000000e+01
   2.1000000e+01   2.0000000e+00
   2.0000000e+01  -9.9000000e+01
   2.0000000e+01   2.5000000e+01
   3.0200000e+02  -5.3000000e+01
   2.1000000e+01  -4.0000000e+00
   8.4000000e+01   6.0000000e+01
   2.1000000e+01  -2.5000000e+01
   6.7000000e+01  -1.2000000e+02
   3.0000000e+01  -4.6000000e+01
   2.0000000e+01  -1.0200000e+02
   2.4000000e+01  -9.0000000e+00
   2.0000000e+01  -6.4000000e+01
   7.1000000e+01   6.0000000e+01
   2.0000000e+01  -7.8000000e+01
   5.0000000e+01  -2.9000000e+01
   1.9200000e+02  -6.2000000e+01
   2.0000000e+01   5.4000000e+01
   6.9000000e+01   6.0000000e+01
   2.1000000e+01  -6.2000000e+01
   2.0000000e+01  -3.0000000e+00
   2.2000000e+01  -5.9000000e+01
   2.0000000e+01   2.7000000e+01
   3.2000000e+01   5.2000000e+01
   2.0000000e+01  -7.8000000e+01
   2.0000000e+01   3.8000000e+01
   2.4000000e+01  -9.1000000e+01
   2.1000000e+01   3.9000000e+01
   2.1000000e+01   4.0000000e+01
   2.1000000e+01  -2.4000000e+01
   8.4000000e+01  -1.2000000e+02
   2.0000000e+01   4.3000000e+01
   2.7000000e+01  -8.5000000e+01
   3.2000000e+01  -2.3000000e+01
   3.9000000e+01  -3.7000000e+01
