   8.9800000e+02  -8.0000000e+00
   7.4600000e+02   2.7000000e+01
   1.7500000e+02  -8.9000000e+01
   7.6400000e+02   2.3000000e+01
   9.6000000e+01  -1.0700000e+02
   1.3100000e+02  -2.3000000e+01
   3.1000000e+01  -1.1400000e+02
   2.2000000e+01  -0.0000000e+00
   2.0000000e+01  -1.2000000e+02
   4.1000000e+01  -5.0000000e+01
   2.3000000e+01   6.0000000e+01
   9.6000000e+01  -7.0000000e+01
   1.0600000e+02   5.9000000e+01
   3.4400000e+02  -6.0000000e+01
   3.4000000e+01  -9.5000000e+01
   4.6000000e+01  -4.0000000e+00
   2.6000000e+01  -9.2000000e+01
   1.7000000e+02   4.3000000e+01
   2.5000000e+01  -9.4000000e+01
   1.4400000e+02   5.9000000e+01
   4.7000000e+01  -9.0000000e+01
   3.6000000e+01  -2.2000000e+01
   6.2200000e+02  -5.2000000e+01
   3.3000000e+01  -7.1000000e+01
   3.2000000e+01   1.2000000e+01
   2.8000000e+01  -1.1100000e+02
   3.0000000e+01  -4.5000000e+01
   5.7000000e+01   1.0000000e+01
   9.1000000e+01   6.0000000e+01
   2.2000000e+01   1.9000000e+01
   2.4000000e+01  -5.0000000e+00
   2.3000000e+01  -9.8000000e+01
   2.2000000e+01   2.9000000e+01
   5.9000000e+01  -9.4000000e+01
   7.2000000e+01  -2.4000000e+01
   4.6000000e+01  -6.0000000e+01
   2.1000000e+01  -1.1900000e+02
   2.8000000e+01  -4.4000000e+01
   2.0000000e+01  -8.5000000e+01
   2.3000000e+01  -1.1800000e+02
   4.5000000e+01  -2.6000000e+01
   2.2000000e+01  -6.7000000e+01
   2.0000000e+01  -5.7000000e+01
   2.0000000e+01  -8.2000000e+01
   3.2000000e+01  -2.3000000e+01
   2.2000000e+01  -7.6000000e+01
   2.2000000e+01  -1.1300000e+02
   2.1000000e+01   3.8000000e+01
   2.2000000e+01  -3.3000000e+01
   1.3800000e+02   6.0000000e+01
   2.1000000e+01  -7.7000000e+01
   2.5000000e+01   2.4000000e+01
   2.1000000e+01  -6.3000000e+01
   2.0000000e+01  -5.9000000e+01
