   4.5000000e+01  -4.7000000e+01
   1.4560000e+03   2.7000000e+01
   2.2800000e+02  -8.9000000e+01
   3.8100000e+02   3.2000000e+01
   5.6800000e+02  -9.7000000e+01
   2.6100000e+02  -2.3000000e+01
   3.3000000e+02   4.1000000e+01
   4.9100000e+02  -5.9000000e+01
   2.0000000e+01  -1.1600000e+02
   2.8800000e+02   2.6000000e+01
   1.1200000e+02  -8.9000000e+01
   2.7000000e+01  -3.0000000e+00
   2.0000000e+01  -3.7000000e+01
   2.1000000e+01  -8.6000000e+01
   2.0000000e+01  -4.0000000e+00
   4.6000000e+01  -1.1200000e+02
   4.1000000e+02   2.9000000e+01
   2.0000000e+01  -3.7000000e+01
   3.8600000e+02   1.8000000e+01
   7.2000000e+01  -9.0000000e+01
   8.9000000e+01   5.9000000e+01
   2.5000000e+01  -5.9000000e+01
   2.0000000e+01  -6.0000000e+00
   2.0000000e+01  -1.1900000e+02
   1.3700000e+02  -9.0000000e+00
   7.7000000e+01  -1.1100000e+02
   1.4600000e+02  -4.1000000e+01
   3.9600000e+02  -7.0000000e+01
   5.6600000e+02  -2.1000000e+01
   5.2400000e+02  -1.0500000e+02
   4.5400000e+02   6.0000000e+01
   2.0000000e+01  -6.2000000e+01
   3.7000000e+01  -9.0000000e+01
   2.1000000e+01   6.0000000e+01
   2.0000000e+01  -9.6000000e+01
   5.0000000e+01  -3.0000000e+00
   2.0000000e+01  -1.0000000e+02
   2.1000000e+01   2.9000000e+01
   4.2000000e+01   4.9000000e+01
   2.0000000e+01   9.0000000e+00
   2.0000000e+01  -9.4000000e+01
   2.0000000e+01   1.0000000e+01
   2.1000000e+01  -1.2000000e+02
   2.0000000e+01   4.7000000e+01
   2.1000000e+01  -0.0000000e+00
   3.9000000e+01  -7.6000000e+01
   2.1000000e+01   1.7000000e+01
   2.0000000e+01  -1.0800000e+02
   3.7000000e+01  -6.0000000e+01
   2.3000000e+01  -2.1000000e+01
   2.2000000e+01  -3.4000000e+01
   2.1000000e+01  -1.2000000e+01
   2.0000000e+01  -2.5000000e+01
   2.0000000e+01  -8.7000000e+01
