   1.1410000e+03   2.9000000e+01
   1.4700000e+02  -9.0000000e+01
   3.4000000e+01  -1.0000000e+00
   2.0600000e+02  -1.1600000e+02
   8.7300000e+02  -1.0000000e+00
   3.4000000e+01  -6.1000000e+01
   2.2900000e+02   2.3000000e+01
   3.7000000e+01  -9.0000000e+01
   1.0300000e+02   5.0000000e+01
   2.3000000e+01  -7.7000000e+01
   2.2000000e+01   4.1000000e+01
   2.1000000e+01  -1.1700000e+02
   1.1100000e+02   5.9000000e+01
   8.2000000e+01  -8.2000000e+01
   2.1100000e+02  -2.9000000e+01
   2.0000000e+01  -5.9000000e+01
   5.0100000e+02   2.7000000e+01
   5.6100000e+02  -6.0000000e+01
   3.5000000e+01  -1.1800000e+02
   2.8000000e+01  -1.0000000e+01
   2.2000000e+01  -1.1200000e+02
   2.7000000e+01  -4.3000000e+01
   2.1000000e+01  -1.1300000e+02
   2.0000000e+01  -8.6000000e+01
   3.6700000e+02  -4.2000000e+01
   6.1000000e+01   4.6000000e+01
   3.9600000e+02  -5.0000000e+01
   1.5800000e+02   4.8000000e+01
   4.9000000e+01  -1.1300000e+02
   4.4000000e+01   5.0000000e+00
   2.0000000e+01  -6.9000000e+01
   3.8000000e+01  -1.1500000e+02
   2.0000000e+01   5.2000000e+01
   4.9600000e+02   5.9000000e+01
   3.6000000e+01  -5.7000000e+01
   2.2000000e+01  -1.3000000e+01
   2.5000000e+01  -9.0000000e+01
   2.1000000e+01   2.4000000e+01
   2.2000000e+01  -1.1200000e+02
   2.1000000e+01  -2.4000000e+01
   2.0000000e+01   2.0000000e+00
   2.4000000e+01  -6.7000000e+01
   2.4000000e+01   5.4000000e+01
   2.4000000e+01   5.7000000e+01
   2.4000000e+01  -9.3000000e+01
   2.5000000e+01   7.0000000e+00
   2.9000000e+01  -9.0000000e+00
   2.0000000e+01   2.9000000e+01
   5.7000000e+01  -1.2000000e+02
   2.9000000e+01  -6.5000000e+01
   2.5000000e+01  -1.5000000e+01
   3.2000000e+01  -5.1000000e+01
   4.8000000e+01  -8.1000000e+01
   2.7000000e+01  -7.0000000e+01
