   1.4300000e+02  -3.0000000e+01
   2.6100000e+02   2.9000000e+01
   2.8000000e+01  -9.0000000e+01
   4.7600000e+02   2.9000000e+01
   9.3000000e+01  -1.0500000e+02
   2.6000000e+01   5.7000000e+01
   5.3000000e+01  -1.2000000e+02
   9.7000000e+01   2.6000000e+01
   2.8000000e+01  -6.9000000e+01
   2.1000000e+01  -1.1100000e+02
   2.1000000e+01  -3.4000000e+01
   3.2000000e+01  -6.7000000e+01
   1.3700000e+02   6.0000000e+01
   6.3000000e+01  -9.0000000e+01
   2.6900000e+02  -7.0000000e+00
   1.7000000e+02  -2.0000000e+00
   1.0700000e+02  -8.1000000e+01
   2.4800000e+02  -3.0000000e+01
   8.6000000e+01  -9.0000000e+01
   2.3000000e+01  -6.0000000e+00
   3.6000000e+01  -1.1500000e+02
   3.5000000e+01  -2.1000000e+01
   2.1000000e+01  -1.1500000e+02
   2.1000000e+01  -5.6000000e+01
   2.1000000e+01  -1.1200000e+02
   3.1000000e+02   4.6000000e+01
   2.1000000e+01  -0.0000000e+00
   2.2000000e+01  -2.2000000e+01
   2.0000000e+01  -6.0000000e+01
   2.3000000e+01  -6.4000000e+01
   3.4000000e+01  -2.9000000e+01
   2.2000000e+01  -1.0600000e+02
   2.0000000e+01   2.9000000e+01
   2.1000000e+01  -6.0000000e+00
   2.9000000e+01  -1.1800000e+02
   5.9000000e+01  -4.0000000e+01
   2.7000000e+01   5.8000000e+01
   2.6000000e+01  -9.0000000e+01
   2.0000000e+01   6.0000000e+01
   2.2000000e+01  -1.8000000e+01
   1.4600000e+02  -4.0000000e+00
   2.1000000e+01  -6.0000000e+01
   8.1000000e+01   5.7000000e+01
   2.3700000e+02  -5.9000000e+01
   1.3700000e+02   6.0000000e+01
   2.1000000e+01   2.6000000e+01
   3.3000000e+01  -8.9000000e+01
   3.5000000e+01   5.4000000e+01
   2.0000000e+01  -1.0700000e+02
   2.0000000e+01   1.0000000e+01
   2.0000000e+01  -3.3000000e+01
   2.0000000e+01  -4.8000000e+01
   2.0000000e+01  -2.9000000e+01
   2.0000000e+01  -6.4000000e+01
