   3.6000000e+01  -2.0000000e+01
   3.1000000e+01  -9.6000000e+01
   7.7900000e+02   2.8000000e+01
   1.6600000e+02  -9.0000000e+01
   4.9000000e+01   6.0000000e+01
   7.8200000e+02  -1.0400000e+02
   2.1000000e+01  -9.6000000e+01
   1.8000000e+02  -4.4000000e+01
   2.0900000e+02   3.1000000e+01
   3.0000000e+01  -1.1300000e+02
   2.9000000e+01  -1.2000000e+01
   2.1000000e+01  -7.5000000e+01
   3.7000000e+02   2.6000000e+01
   2.3200000e+02  -9.0000000e+01
   4.7000000e+02   5.2000000e+01
   9.3000000e+01  -8.9000000e+01
   6.6500000e+02  -3.0000000e+00
   4.0800000e+02  -5.9000000e+01
   3.4000000e+01  -1.5000000e+01
   5.2000000e+01  -9.7000000e+01
   4.8500000e+02   3.8000000e+01
   4.1000000e+01  -1.1000000e+02
   2.4000000e+01   2.6000000e+01
   8.2000000e+01  -3.5000000e+01
   8.7000000e+01  -8.9000000e+01
   2.7000000e+01  -4.5000000e+01
   3.4000000e+01  -1.1800000e+02
   2.0000000e+01   6.0000000e+00
   2.2000000e+01  -6.9000000e+01
   2.1000000e+01  -1.2000000e+01
   2.2000000e+01   2.8000000e+01
   2.0000000e+01  -1.1200000e+02
   1.1300000e+02   6.0000000e+01
   2.4000000e+01  -5.0000000e+00
   2.7000000e+01  -4.3000000e+01
   2.0000000e+01   2.3000000e+01
   5.9000000e+01  -5.9000000e+01
   1.0600000e+02   5.7000000e+01
   2.2000000e+01  -1.1200000e+02
   9.3000000e+01  -4.5000000e+01
   6.0200000e+02  -8.5000000e+01
   4.5000000e+01  -3.6000000e+01
   1.1100000e+02   6.0000000e+01
   3.7000000e+02  -2.1000000e+01
   2.4000000e+01  -9.8000000e+01
   4.3000000e+01  -2.1000000e+01
   4.4000000e+01  -9.1000000e+01
   2.6000000e+01   1.1000000e+01
   3.1000000e+01  -7.4000000e+01
   4.2700000e+02   5.2000000e+01
   2.2000000e+01  -9.6000000e+01
   9.8000000e+01   4.5000000e+01
   1.4500000e+02   2.5000000e+01
   1.6800000e+02  -5.6000000e+01
