   7.3500000e+02   2.9000000e+01
   2.0000000e+01  -1.0000000e+01
   1.8400000e+02  -9.0000000e+01
   6.8400000e+02  -4.0000000e+00
   4.6000000e+01  -1.1500000e+02
   2.6000000e+01  -1.1000000e+01
   4.9700000e+02  -1.1600000e+02
   6.2000000e+01  -4.2000000e+01
   1.1500000e+02   5.4000000e+01
   4.3000000e+01  -9.5000000e+01
   1.0700000e+02  -4.4000000e+01
   1.0600000e+02  -5.0000000e+00
   1.3200000e+02  -8.8000000e+01
   4.6900000e+02   5.1000000e+01
   4.3000000e+01  -8.9000000e+01
   5.9000000e+01  -1.1300000e+02
   1.8400000e+02   4.0000000e+00
   3.5000000e+01  -5.8000000e+01
   2.4700000e+02   5.3000000e+01
   5.4100000e+02  -4.9000000e+01
   6.7000000e+01  -1.0600000e+02
   2.7000000e+01  -0.0000000e+00
   2.6000000e+01  -9.0000000e+01
   2.2000000e+01  -3.2000000e+01
   2.3000000e+01   6.0000000e+00
   4.4000000e+01  -1.1000000e+02
   1.7700000e+02   5.8000000e+01
   1.3800000e+02  -5.5000000e+01
   2.1000000e+01   1.8000000e+01
   2.0000000e+01  -1.0000000e+00
   2.3000000e+01  -1.2000000e+02
   2.0000000e+01   6.0000000e+01
   2.0000000e+01   9.0000000e+00
   2.1000000e+01  -5.9000000e+01
   2.1000000e+01  -9.0000000e+01
   2.4000000e+01   2.7000000e+01
   3.4000000e+01  -1.3000000e+01
   5.4000000e+01  -1.1500000e+02
   3.6000000e+01  -1.0000000e+02
   4.7000000e+01   3.0000000e+00
   2.5000000e+01  -6.6000000e+01
   2.8000000e+01  -1.0700000e+02
   2.1000000e+01   5.0000000e+00
   2.0000000e+01  -3.2000000e+01
   7.4000000e+01   5.9000000e+01
   2.9000000e+01  -6.0000000e+01
   2.2000000e+01  -1.1400000e+02
   2.0000000e+01  -2.2000000e+01
   2.8000000e+01   5.5000000e+01
   3.8000000e+01   6.0000000e+01
   2.8000000e+01  -9.0000000e+01
   2.0000000e+01  -1.2000000e+01
   2.1000000e+01   3.0000000e+00
   2.1000000e+01  -6.1000000e+01
