   5.3000000e+02   2.7000000e+01
   5.1000000e+01  -1.0800000e+02
   4.2000000e+01   6.0000000e+01
   5.4900000e+02   2.8000000e+01
   2.1400000e+02  -9.0000000e+01
   3.2000000e+01  -2.0000000e+01
   1.0400000e+02  -7.3000000e+01
   2.5300000e+02   2.9000000e+01
   8.6000000e+01  -9.0000000e+01
   2.0000000e+01  -1.0000000e+00
   4.3000000e+01  -1.1800000e+02
   2.4000000e+01  -4.0000000e+00
   2.3000000e+01  -8.9000000e+01
   3.3000000e+01  -2.2000000e+01
   2.9700000e+02  -1.2000000e+02
   2.1000000e+01  -3.3000000e+01
   4.7000000e+01   6.0000000e+01
   2.1000000e+01  -6.0000000e+01
   2.0000000e+01   2.8000000e+01
   7.2000000e+01   6.0000000e+01
   7.6000000e+01  -5.9000000e+01
   2.0000000e+01  -4.0000000e+00
   2.7000000e+01  -9.6000000e+01
   2.1000000e+01   4.2000000e+01
   7.7000000e+01   5.9000000e+01
   2.3000000e+01  -6.0000000e+01
   2.0000000e+01  -8.0000000e+00
   3.9000000e+01  -8.1000000e+01
   6.3000000e+01  -8.0000000e+01
   2.6000000e+01  -1.0000000e+00
   2.0000000e+01  -1.0700000e+02
   5.4200000e+02  -5.9000000e+01
   2.8000000e+01   3.2000000e+01
   3.3000000e+01  -8.0000000e+01
   3.2000000e+02  -3.8000000e+01
   2.3300000e+02  -3.6000000e+01
   4.2000000e+01  -1.1000000e+02
   2.8500000e+02   5.7000000e+01
   3.4000000e+01  -9.0000000e+01
   2.0000000e+01   2.8000000e+01
   4.3000000e+01  -2.7000000e+01
   3.8000000e+01   6.0000000e+01
   2.7000000e+01   7.0000000e+00
   2.3000000e+01   4.0000000e+01
   2.6000000e+01   5.5000000e+01
   3.8000000e+01  -1.1300000e+02
   3.2000000e+01   2.0000000e+01
   3.7000000e+01  -4.2000000e+01
   1.1000000e+02   6.0000000e+01
   2.5000000e+01   6.0000000e+01
   2.2000000e+01  -9.2000000e+01
   2.6000000e+01   4.4000000e+01
   2.0000000e+01  -7.0000000e+00
   2.3000000e+01   5.0000000e+01
