   3.3800000e+02   2.7000000e+01
   3.5000000e+01  -1.2000000e+02
   2.1000000e+02  -5.2000000e+01
   1.0300000e+02   5.3000000e+01
   1.5700000e+02  -9.0000000e+01
   1.8400000e+02   2.9000000e+01
   2.2400000e+02  -8.7000000e+01
   7.8000000e+01  -1.4000000e+01
   6.3000000e+01  -1.1400000e+02
   1.1300000e+02  -4.9000000e+01
   1.6800000e+02  -1.2000000e+02
   1.0200000e+02  -2.2000000e+01
   1.3900000e+02   6.0000000e+01
   2.1000000e+01  -8.3000000e+01
   3.1100000e+02   8.0000000e+00
   6.4200000e+02  -5.8000000e+01
   5.5300000e+02  -1.1000000e+01
   2.7000000e+01  -5.7000000e+01
   6.1000000e+01   5.5000000e+01
   5.0000000e+01  -1.1900000e+02
   4.9000000e+01  -2.7000000e+01
   4.1800000e+02  -6.2000000e+01
   1.2200000e+02   3.1000000e+01
   2.7900000e+02  -4.9000000e+01
   3.7000000e+01  -7.1000000e+01
   3.4000000e+01   6.0000000e+01
   2.0000000e+01  -9.7000000e+01
   1.2600000e+02   5.9000000e+01
   1.1190000e+03  -3.0000000e+01
   7.1600000e+02  -9.0000000e+01
   2.5000000e+01  -1.1000000e+01
   2.1000000e+01  -1.1700000e+02
   1.1900000e+02   6.0000000e+01
   2.1000000e+01  -1.1300000e+02
   2.0000000e+01  -5.6000000e+01
   2.0000000e+01   2.3000000e+01
   2.6000000e+01  -1.1100000e+02
   5.6000000e+02   2.5000000e+01
   5.5000000e+01  -9.5000000e+01
   9.6000000e+01  -2.2000000e+01
   8.6000000e+01   9.0000000e+00
   7.1000000e+01  -1.1500000e+02
   2.0000000e+01   2.4000000e+01
   2.8000000e+01  -9.0000000e+01
   1.3100000e+02   6.0000000e+01
   2.3000000e+01  -6.0000000e+01
   2.0000000e+01  -8.0000000e+01
   2.9100000e+02   6.0000000e+01
   4.0000000e+01  -8.8000000e+01
   2.5200000e+02  -1.8000000e+01
   6.6000000e+01  -9.3000000e+01
   3.3000000e+01  -1.1100000e+02
   5.1000000e+01  -2.8000000e+01
   6.1000000e+01  -1.5000000e+01
