   7.4400000e+02   2.9000000e+01
   3.7000000e+01  -3.1000000e+01
   1.0000000e+02  -9.6000000e+01
   6.6000000e+01  -1.4000000e+01
   3.6000000e+01  -1.1900000e+02
   5.0000000e+01  -1.3000000e+01
   2.0000000e+01  -9.7000000e+01
   6.2200000e+02   5.8000000e+01
   1.7100000e+02  -8.8000000e+01
   1.3500000e+02   3.8000000e+01
   4.0500000e+02  -7.2000000e+01
   2.0000000e+01  -9.0000000e+00
   6.1000000e+01  -8.9000000e+01
   3.9800000e+02   2.3000000e+01
   5.5000000e+01  -5.9000000e+01
   4.1000000e+01   2.9000000e+01
   7.9000000e+01  -9.4000000e+01
   2.6000000e+01  -4.6000000e+01
   5.0000000e+01  -1.1100000e+02
   2.1000000e+01  -3.4000000e+01
   2.0000000e+01  -6.1000000e+01
   1.1400000e+02   6.0000000e+01
   2.1000000e+01   1.0000000e+00
   4.5400000e+02  -5.7000000e+01
   5.7000000e+01   6.0000000e+01
   4.1000000e+01   3.3000000e+01
   2.0300000e+02  -2.5000000e+01
   4.7000000e+01  -8.9000000e+01
   2.5800000e+02  -8.0000000e+00
   2.2800000e+02  -2.9000000e+01
   8.6000000e+01  -7.0000000e+01
   2.0000000e+01  -2.0000000e+01
   3.5000000e+01  -8.4000000e+01
   2.2000000e+01  -4.2000000e+01
   2.5000000e+01  -9.0000000e+01
   3.1000000e+01   2.0000000e+01
   2.0000000e+01  -3.4000000e+01
   7.7000000e+01   5.6000000e+01
   3.0000000e+01  -9.1000000e+01
   4.6000000e+01   5.3000000e+01
   2.0000000e+01  -9.3000000e+01
   2.6000000e+01   2.0000000e+01
   6.6000000e+01   6.0000000e+01
   2.3000000e+01  -6.0000000e+01
   2.2000000e+01   3.3000000e+01
   2.0000000e+01  -7.8000000e+01
   2.0000000e+01  -3.0000000e+01
   2.0000000e+01  -0.0000000e+00
   3.9000000e+01  -1.2000000e+02
   2.0000000e+01  -2.6000000e+01
   2.9000000e+01  -1.1900000e+02
   2.1000000e+01  -7.5000000e+01
   2.4000000e+01  -2.0000000e+00
   2.1000000e+01  -3.1000000e+01
