   5.0000000e+02   2.9000000e+01
   3.2000000e+01  -9.1000000e+01
   8.1500000e+02   2.8000000e+01
   1.1030000e+03  -9.0000000e+01
   1.0610000e+03  -3.5000000e+01
   2.8700000e+02  -1.3000000e+01
   2.2000000e+01  -1.1900000e+02
   9.1000000e+01   6.0000000e+01
   2.0000000e+01  -9.3000000e+01
   3.3300000e+02  -1.9000000e+01
   5.9200000e+02  -7.2000000e+01
   1.0930000e+03  -1.0000000e+00
   2.2000000e+01  -1.2000000e+02
   2.5000000e+01  -3.6000000e+01
   5.9000000e+01   6.0000000e+01
   9.8000000e+02  -5.6000000e+01
   5.2200000e+02   5.3000000e+01
   6.5300000e+02  -5.6000000e+01
   2.9000000e+01   6.0000000e+01
   2.7000000e+01   6.0000000e+01
   2.1000000e+01  -1.2000000e+02
   1.2020000e+03  -2.7000000e+01
   9.7000000e+01  -8.8000000e+01
   7.0400000e+02   1.9000000e+01
   2.8000000e+01   5.0000000e+01
   1.5200000e+02  -9.0000000e+01
   3.8000000e+01  -1.9000000e+01
   1.2300000e+03  -1.1500000e+02
   3.7000000e+01  -1.8000000e+01
   2.9300000e+02  -7.1000000e+01
   5.2000000e+01   4.9000000e+01
   5.1000000e+01   4.8000000e+01
   2.1000000e+01  -4.7000000e+01
   5.6000000e+01  -1.1500000e+02
   2.4700000e+02  -3.0000000e+00
   6.5100000e+02  -7.7000000e+01
   2.1000000e+01  -6.8000000e+01
   2.0000000e+01  -5.8000000e+01
   2.0000000e+01  -1.0400000e+02
   1.3020000e+03   5.4000000e+01
   4.1000000e+01  -8.9000000e+01
   8.1900000e+02   6.0000000e+00
   1.2500000e+02  -1.2000000e+01
   5.9000000e+01  -8.8000000e+01
   9.4000000e+01   4.1000000e+01
   2.5400000e+02  -6.7000000e+01
   2.4400000e+02   1.1000000e+01
   1.0640000e+03  -2.3000000e+01
   2.4000000e+01  -6.4000000e+01
   2.8000000e+01  -1.1400000e+02
   2.4000000e+01   4.1000000e+01
   7.1800000e+02  -2.0000000e+00
   4.3000000e+02  -2.0000000e+00
   3.6000000e+01  -1.0100000e+02
