   4.4000000e+01  -1.4000000e+01
   9.5000000e+01  -1.1800000e+02
   4.0500000e+02   2.9000000e+01
   7.8000000e+01  -9.3000000e+01
   9.1500000e+02   2.9000000e+01
   3.8100000e+02  -8.9000000e+01
   6.3000000e+01   6.0000000e+01
   2.6000000e+01  -6.0000000e+01
   1.2100000e+02  -1.9000000e+01
   2.3300000e+02  -8.1000000e+01
   2.6000000e+01  -7.0000000e+00
   3.1000000e+01  -7.2000000e+01
   4.6800000e+02  -1.7000000e+01
   2.2000000e+01  -9.2000000e+01
   5.8000000e+01   6.0000000e+01
   6.8000000e+01  -1.1700000e+02
   3.9700000e+02  -3.4000000e+01
   3.0400000e+02  -8.5000000e+01
   2.4000000e+01  -4.7000000e+01
   2.2000000e+01  -9.7000000e+01
   2.8700000e+02   4.8000000e+01
   2.8000000e+01  -5.8000000e+01
   2.0000000e+01  -1.0000000e+01
   2.0000000e+01  -8.8000000e+01
   8.6000000e+01   4.2000000e+01
   2.1000000e+01  -1.8000000e+01
   3.0000000e+01  -1.1500000e+02
   2.8400000e+02   5.9000000e+01
   1.4600000e+02  -9.0000000e+01
   2.2000000e+01   2.9000000e+01
   2.0000000e+01  -3.4000000e+01
   2.1000000e+01  -1.0400000e+02
   2.0000000e+01  -3.5000000e+01
   4.0000000e+01  -1.2000000e+02
   2.0000000e+01  -4.3000000e+01
   2.1000000e+01  -1.1100000e+02
   1.1000000e+02   5.0000000e+01
   3.3000000e+01   2.2000000e+01
   3.6000000e+01  -1.1400000e+02
   3.5000000e+01  -1.5000000e+01
   6.7000000e+01  -3.9000000e+01
   6.2000000e+01  -7.0000000e+00
   1.8000000e+02   6.0000000e+01
   2.7000000e+01  -9.1000000e+01
   2.0000000e+01   7.0000000e+00
   2.0000000e+01  -8.4000000e+01
   2.1000000e+01   2.0000000e+00
   2.0000000e+01   2.0000000e+00
   2.3000000e+01   4.6000000e+01
   2.2000000e+01  -1.1600000e+02
   2.0000000e+01  -8.0000000e+00
   2.0000000e+01  -8.4000000e+01
   2.0000000e+01   1.3000000e+01
   2.0000000e+01  -8.9000000e+01
