   1.3040000e+03   2.9000000e+01
   2.1800000e+02  -9.0000000e+01
   1.6800000e+02   4.2000000e+01
   2.0000000e+01  -3.5000000e+01
   2.0300000e+02  -9.7000000e+01
   5.1800000e+02  -8.0000000e+00
   1.4600000e+02  -1.1500000e+02
   4.5300000e+02  -4.9000000e+01
   5.9000000e+01   5.7000000e+01
   3.7000000e+01  -8.8000000e+01
   4.4000000e+01  -4.0000000e+00
   2.7000000e+01  -1.0700000e+02
   5.7800000e+02   2.7000000e+01
   2.3000000e+01  -3.0000000e+00
   7.3000000e+01  -1.1700000e+02
   1.1000000e+02   6.0000000e+01
   6.3800000e+02  -4.0000000e+01
   1.8700000e+02  -8.7000000e+01
   1.6000000e+02  -5.1000000e+01
   1.7900000e+02   6.0000000e+01
   7.8000000e+01  -9.0000000e+01
   2.0000000e+01   2.7000000e+01
   3.0000000e+01  -8.9000000e+01
   2.9000000e+01  -1.0000000e+00
   2.3000000e+01   5.7000000e+01
   3.2000000e+01  -1.1900000e+02
   2.5000000e+01  -3.0000000e+00
   2.5000000e+01  -8.9000000e+01
   2.1000000e+01  -1.1300000e+02
   2.2000000e+01   4.7000000e+01
   1.5200000e+02   5.6000000e+01
   2.1000000e+01  -7.7000000e+01
   2.2000000e+01  -1.9000000e+01
   2.1000000e+01  -1.5000000e+01
   2.3000000e+01  -1.1800000e+02
   4.1000000e+01  -5.0000000e+01
   2.3000000e+01   3.2000000e+01
   1.0100000e+02  -1.1000000e+02
   2.9000000e+01  -1.5000000e+01
   2.1000000e+01  -1.2000000e+02
   2.3000000e+01  -0.0000000e+00
   2.0000000e+01  -6.2000000e+01
   2.0000000e+01  -4.4000000e+01
   2.3000000e+01  -6.8000000e+01
   1.2400000e+02   6.0000000e+01
   9.2000000e+01  -5.6000000e+01
   2.1000000e+01  -9.7000000e+01
   2.3000000e+01  -1.7000000e+01
   2.3000000e+01  -1.1500000e+02
   2.3000000e+01   2.7000000e+01
   2.3000000e+01  -5.8000000e+01
   4.0000000e+01   6.0000000e+01
   2.2000000e+01  -8.0000000e+01
   2.5000000e+01   4.5000000e+01
