   3.7900000e+02   2.9000000e+01
   2.8300000e+02  -1.0000000e+00
   6.2000000e+01  -9.7000000e+01
   4.7200000e+02   2.9000000e+01
   3.8800000e+02  -8.8000000e+01
   1.0480000e+03  -1.1000000e+01
   3.8000000e+01  -9.7000000e+01
   2.0700000e+02   3.5000000e+01
   2.7000000e+01  -9.0000000e+01
   1.6200000e+02   6.0000000e+01
   3.6600000e+02  -9.0000000e+01
   8.3000000e+01  -4.1000000e+01
   2.9000000e+01   1.7000000e+01
   3.1000000e+01  -8.1000000e+01
   2.6000000e+01  -1.4000000e+01
   2.4000000e+01  -1.1900000e+02
   2.2000000e+01  -3.1000000e+01
   2.0000000e+01  -6.3000000e+01
   1.0220000e+03   2.9000000e+01
   6.5000000e+01  -5.9000000e+01
   2.5000000e+01  -3.0000000e+00
   2.0000000e+01   5.6000000e+01
   4.3000000e+01  -9.3000000e+01
   2.0000000e+01  -8.0000000e+00
   2.3000000e+01  -1.1300000e+02
   6.4000000e+01   2.7000000e+01
   5.0000000e+01  -8.9000000e+01
   2.4800000e+02  -2.9000000e+01
   3.5000000e+01  -5.5000000e+01
   5.8000000e+01  -1.0800000e+02
   6.6000000e+01   6.0000000e+01
   2.0000000e+01  -1.1300000e+02
   2.1000000e+01   2.9000000e+01
   2.0000000e+01  -1.2000000e+02
   1.6300000e+02  -1.4000000e+01
   2.1000000e+01  -5.3000000e+01
   2.4900000e+02   5.7000000e+01
   8.1000000e+01  -7.3000000e+01
   4.6000000e+01   5.1000000e+01
   3.7900000e+02  -5.0000000e+00
   4.8000000e+01  -9.3000000e+01
   2.1100000e+02   1.9000000e+01
   2.1000000e+01  -5.5000000e+01
   2.2000000e+01  -1.0800000e+02
   2.0000000e+01  -3.2000000e+01
   2.0000000e+01  -3.4000000e+01
   6.5000000e+01  -1.1500000e+02
   2.1000000e+01  -2.6000000e+01
   2.0000000e+01  -1.1100000e+02
   2.0000000e+01  -2.9000000e+01
   2.0000000e+01   2.0000000e+00
   2.1000000e+01  -1.1700000e+02
   2.2000000e+01  -8.8000000e+01
   2.3000000e+01   3.3000000e+01
