   7.2900000e+02   2.9000000e+01
   5.0000000e+01  -1.1000000e+02
   4.7300000e+02  -3.1000000e+01
   4.9200000e+02  -1.5000000e+01
   8.9900000e+02  -8.8000000e+01
   7.6500000e+02  -2.6000000e+01
   5.0900000e+02  -8.5000000e+01
   3.0900000e+02   5.4000000e+01
   2.2800000e+02  -9.0000000e+01
   1.2660000e+03   2.5000000e+01
   3.1400000e+02  -5.9000000e+01
   3.1000000e+01  -2.6000000e+01
   2.3000000e+01   3.4000000e+01
   3.2000000e+01  -1.2000000e+02
   7.6000000e+01   4.4000000e+01
   7.3000000e+01  -9.0000000e+01
   4.6400000e+02  -2.3000000e+01
   2.0000000e+01  -1.1600000e+02
   2.1000000e+01  -5.2000000e+01
   2.2000000e+01  -8.0000000e+00
   2.3000000e+01  -1.1500000e+02
   2.5000000e+01  -4.0000000e+01
   2.0000000e+01  -1.1600000e+02
   2.2000000e+01   3.0000000e+01
   3.0500000e+02   1.8000000e+01
   3.0000000e+01  -8.1000000e+01
   7.4400000e+02   3.0000000e+01
   5.0000000e+01  -8.8000000e+01
   2.2000000e+01   2.1000000e+01
   2.0000000e+01  -5.3000000e+01
   1.6300000e+02   5.4000000e+01
   2.0000000e+01  -1.0000000e+00
   2.0000000e+01  -1.1300000e+02
   4.1000000e+01  -2.4000000e+01
   2.0000000e+01  -1.2000000e+02
   2.0000000e+01   1.8000000e+01
   9.5000000e+01   6.0000000e+01
   2.3000000e+01  -1.6000000e+01
   2.0000000e+01  -6.3000000e+01
   2.0000000e+01   5.6000000e+01
   3.0000000e+01  -1.0200000e+02
   2.0000000e+01   5.6000000e+01
   2.7000000e+01  -1.0800000e+02
   3.6000000e+01  -3.1000000e+01
   2.3200000e+02  -2.0000000e+01
   3.7800000e+02  -4.9000000e+01
   2.2000000e+01  -1.1500000e+02
   2.0700000e+02  -1.7000000e+01
   4.9000000e+01  -4.0000000e+01
   3.1000000e+01   4.2000000e+01
   4.0000000e+01  -5.0000000e+00
   3.0000000e+01  -4.6000000e+01
   3.7000000e+01  -1.1800000e+02
   1.7800000e+02  -6.9000000e+01
