   7.4000000e+02   2.7000000e+01
   6.3000000e+01  -9.0000000e+01
   7.1600000e+02   1.8000000e+01
   1.4700000e+02  -9.5000000e+01
   7.6600000e+02  -4.0000000e+00
   2.3600000e+02  -8.8000000e+01
   1.8600000e+02  -1.0000000e+00
   2.0000000e+01  -1.1800000e+02
   5.6400000e+02   3.8000000e+01
   1.3400000e+02  -8.9000000e+01
   1.2400000e+02   5.4000000e+01
   6.3500000e+02  -6.0000000e+01
   4.8000000e+01  -9.8000000e+01
   6.5000000e+01  -5.7000000e+01
   2.0000000e+01   3.0000000e+01
   2.0000000e+01  -3.9000000e+01
   3.1000000e+01  -1.2000000e+02
   3.6000000e+01  -3.6000000e+01
   3.1000000e+01  -6.5000000e+01
   7.2000000e+01   5.8000000e+01
   3.3300000e+02  -3.9000000e+01
   3.3000000e+01  -2.4000000e+01
   5.1000000e+01  -1.1300000e+02
   2.7000000e+01   2.9000000e+01
   5.1000000e+01  -8.9000000e+01
   1.8300000e+02   6.0000000e+01
   2.2000000e+01   3.0000000e+00
   3.9000000e+01  -9.0000000e+01
   4.2300000e+02   2.0000000e+00
   2.0800000e+02  -6.0000000e+00
   2.0000000e+01  -1.4000000e+01
   2.0000000e+01  -6.4000000e+01
   3.5000000e+01  -1.2000000e+02
   2.0000000e+01  -1.7000000e+01
   2.1000000e+01  -5.3000000e+01
   2.3000000e+01   5.4000000e+01
   2.0000000e+01  -1.1300000e+02
   5.0000000e+01   6.0000000e+01
   5.1000000e+01   6.0000000e+01
   2.5000000e+01  -5.9000000e+01
   2.0000000e+01  -2.1000000e+01
   2.0000000e+01  -1.0000000e+02
   1.6900000e+02   5.9000000e+01
   2.4000000e+01  -9.5000000e+01
   2.2000000e+01   3.4000000e+01
   2.3000000e+01  -1.1900000e+02
   2.1600000e+02   1.0000000e+01
   2.2000000e+01  -8.0000000e+00
   1.0800000e+02   6.0000000e+01
   2.3000000e+01  -8.3000000e+01
   2.1000000e+01   2.5000000e+01
   2.0000000e+01  -1.0600000e+02
   2.0000000e+01  -2.2000000e+01
   2.2000000e+01  -7.0000000e+00
