   9.4500000e+02   2.5000000e+01
   6.1000000e+01  -1.0300000e+02
   4.1300000e+02  -4.6000000e+01
   1.0200000e+02   6.0000000e+01
   3.9600000e+02  -7.8000000e+01
   8.2400000e+02   2.9000000e+01
   4.6900000e+02  -5.9000000e+01
   1.1100000e+02  -9.0000000e+01
   2.9000000e+01  -1.0000000e+00
   4.8700000e+02  -1.1000000e+02
   3.4000000e+01   5.7000000e+01
   1.6000000e+02  -6.7000000e+01
   3.7900000e+02   3.2000000e+01
   1.3000000e+02  -7.7000000e+01
   3.0800000e+02  -4.0000000e+00
   2.0300000e+02  -1.1300000e+02
   7.8000000e+01  -1.7000000e+01
   2.6800000e+02  -9.1000000e+01
   2.1000000e+01   1.0000000e+01
   2.0000000e+01  -7.3000000e+01
   2.0000000e+01  -4.0000000e+00
   2.2000000e+01  -1.1600000e+02
   2.8000000e+01  -4.4000000e+01
   2.0000000e+01  -6.0000000e+01
   2.0600000e+02  -1.0800000e+02
   3.2300000e+02   5.7000000e+01
   3.8000000e+01  -9.0000000e+01
   5.2100000e+02   5.9000000e+01
   1.0860000e+03  -6.0000000e+00
   1.1200000e+02  -5.7000000e+01
   2.5000000e+01  -1.1400000e+02
   2.0000000e+01   1.0000000e+01
   3.3000000e+01  -9.0000000e+01
   3.7000000e+01   5.9000000e+01
   1.4000000e+02  -3.8000000e+01
   2.3000000e+01  -2.6000000e+01
   3.2400000e+02  -6.0000000e+01
   2.0000000e+01   1.1000000e+01
   2.0000000e+01  -5.2000000e+01
   2.7000000e+01  -1.1900000e+02
   2.1000000e+01   3.5000000e+01
   2.1000000e+01  -4.5000000e+01
   2.4000000e+01  -3.1000000e+01
   2.0000000e+01  -0.0000000e+00
   2.8000000e+01  -9.0000000e+01
   2.0000000e+01  -4.7000000e+01
   2.2000000e+01   3.8000000e+01
   2.2000000e+01  -3.5000000e+01
   2.0000000e+01   5.2000000e+01
   2.0000000e+01  -7.2000000e+01
   7.3000000e+01   6.0000000e+01
   2.0000000e+01  -1.0200000e+02
   2.1000000e+01   5.0000000e+00
   2.0000000e+01   5.9000000e+01
