   7.3800000e+02   2.9000000e+01
   1.7200000e+02  -9.4000000e+01
   5.6200000e+02   5.6000000e+01
   4.1900000e+02  -8.9000000e+01
   4.1800000e+02  -1.5000000e+01
   7.5700000e+02  -9.4000000e+01
   2.2000000e+01  -3.2000000e+01
   2.2000000e+01  -1.1100000e+02
   7.5000000e+01   6.0000000e+01
   2.7800000e+02  -7.9000000e+01
   3.2000000e+01   1.2000000e+01
   2.2000000e+01  -6.6000000e+01
   3.5000000e+01  -1.0000000e+00
   9.5000000e+01   6.0000000e+01
   2.6000000e+01  -6.0000000e+01
   2.0000000e+01  -1.5000000e+01
   1.0200000e+02  -8.9000000e+01
   3.2000000e+01  -2.2000000e+01
   2.1000000e+01  -9.8000000e+01
   2.1000000e+01  -3.5000000e+01
   2.8900000e+02  -3.0000000e+00
   2.0000000e+01  -1.1900000e+02
   3.0000000e+01  -4.3000000e+01
   2.0000000e+01   3.8000000e+01
   1.1800000e+02   5.8000000e+01
   3.5000000e+01  -5.9000000e+01
   2.1000000e+01   2.7000000e+01
   2.0000000e+01  -1.2000000e+02
   7.7000000e+01   1.3000000e+01
   3.1000000e+01  -5.9000000e+01
   2.1000000e+01   5.7000000e+01
   5.8000000e+01  -1.1900000e+02
   2.3000000e+01  -1.0000000e+00
   5.7000000e+01  -8.4000000e+01
   3.1000000e+01   3.0000000e+00
   2.4000000e+01  -8.3000000e+01
   1.2900000e+02   4.3000000e+01
   2.7000000e+01  -9.0000000e+01
   5.0000000e+01   5.5000000e+01
   2.3000000e+01  -3.2000000e+01
   2.7000000e+01  -1.0700000e+02
   2.1000000e+01  -2.8000000e+01
   3.5000000e+01  -5.0000000e+00
   6.7000000e+01  -9.4000000e+01
   8.0000000e+01   2.7000000e+01
   3.6000000e+01  -7.2000000e+01
   1.2300000e+02   1.7000000e+01
   3.8000000e+01  -3.1000000e+01
   1.1800000e+02   5.0000000e+01
   2.0000000e+01  -9.5000000e+01
   2.1000000e+01   6.0000000e+01
   2.0000000e+01  -1.1400000e+02
   6.8000000e+01   6.0000000e+01
   2.1000000e+01  -1.5000000e+01
