   3.7000000e+01  -2.0000000e+00
   5.8400000e+02  -1.1300000e+02
   4.9200000e+02   2.8000000e+01
   3.0000000e+01  -1.1300000e+02
   9.3000000e+01  -1.0000000e+01
   3.3000000e+01  -5.6000000e+01
   4.4100000e+02   6.0000000e+01
   5.9000000e+01  -9.0000000e+01
   2.0000000e+01   4.0000000e+00
   2.2000000e+01  -9.7000000e+01
   4.5000000e+01   4.1000000e+01
   1.7000000e+02  -8.9000000e+01
   1.5600000e+02   4.4000000e+01
   7.8000000e+01  -5.5000000e+01
   2.4000000e+01  -2.3000000e+01
   2.2000000e+01  -5.4000000e+01
   1.6900000e+02  -8.7000000e+01
   2.0000000e+01   2.5000000e+01
   5.7700000e+02  -1.2000000e+02
   2.3000000e+01  -3.8000000e+01
   6.1200000e+02  -9.0000000e+01
   5.5000000e+01   5.3000000e+01
   3.0000000e+01  -8.9000000e+01
   2.0000000e+01  -1.7000000e+01
   2.5500000e+02  -1.1200000e+02
   2.5700000e+02   5.1000000e+01
   1.1100000e+02  -1.7000000e+01
   4.7000000e+01   1.3000000e+01
   6.7000000e+01  -5.9000000e+01
   5.4000000e+01  -1.0000000e+00
   2.8800000e+02   5.9000000e+01
   3.3000000e+01  -9.3000000e+01
   3.0400000e+02   5.9000000e+01
   4.2000000e+01  -1.1300000e+02
   1.1700000e+02   4.0000000e+00
   3.6300000e+02  -6.6000000e+01
   2.3000000e+01  -1.0000000e+01
   2.2000000e+01  -7.7000000e+01
   2.5000000e+01  -1.7000000e+01
   2.3000000e+01  -9.7000000e+01
   2.0000000e+01   1.5000000e+01
   2.1000000e+01  -4.1000000e+01
   4.9000000e+01   5.9000000e+01
   3.5000000e+01  -1.4000000e+01
   2.3700000e+02   3.6000000e+01
   2.1000000e+01  -1.1900000e+02
   2.2000000e+01  -3.8000000e+01
   2.5000000e+01  -1.1500000e+02
   2.2000000e+01  -6.0000000e+01
   4.1000000e+01  -1.1100000e+02
   2.0000000e+01   1.0000000e+00
   2.3000000e+01  -6.8000000e+01
   2.1000000e+01  -1.1700000e+02
   2.2000000e+01  -7.9000000e+01
