   3.8500000e+02   2.4000000e+01
   2.2000000e+01  -9.3000000e+01
   2.0000000e+01  -4.3000000e+01
   5.1500000e+02   2.9000000e+01
   5.8300000e+02  -9.0000000e+01
   3.8000000e+01  -2.3000000e+01
   2.9800000e+02   3.3000000e+01
   3.8200000e+02  -7.1000000e+01
   2.2200000e+02   4.3000000e+01
   2.4000000e+01  -1.1400000e+02
   1.6000000e+02   6.0000000e+01
   5.2000000e+01  -9.0000000e+01
   2.7000000e+01  -1.3000000e+01
   1.3700000e+02  -6.0000000e+01
   8.4000000e+01  -1.0000000e+02
   3.2000000e+01  -1.2000000e+01
   3.2000000e+01  -1.1900000e+02
   2.1000000e+01  -3.2000000e+01
   2.0000000e+01  -1.2000000e+02
   1.2000000e+02   6.0000000e+01
   6.2700000e+02  -6.0000000e+01
   7.6000000e+01   6.0000000e+01
   2.2000000e+01   2.0000000e+01
   3.5700000e+02  -9.0000000e+00
   2.7000000e+01  -1.1300000e+02
   3.2600000e+02  -3.0000000e+01
   2.0000000e+01  -3.8000000e+01
   7.7700000e+02  -5.1000000e+01
   1.2400000e+02  -8.3000000e+01
   1.8900000e+02  -6.9000000e+01
   3.7000000e+01   6.0000000e+01
   2.0000000e+01  -1.0600000e+02
   2.0000000e+01   2.1000000e+01
   2.1000000e+01  -3.1000000e+01
   3.7000000e+01  -8.8000000e+01
   9.4000000e+01  -7.0000000e+00
   2.9000000e+01   6.0000000e+01
   4.2400000e+02   1.9000000e+01
   2.1000000e+01  -1.1300000e+02
   2.6000000e+01  -5.5000000e+01
   2.6000000e+01  -1.2000000e+02
   2.9000000e+01   1.6000000e+01
   3.5000000e+01  -2.0000000e+00
   4.5000000e+01  -4.3000000e+01
   2.0000000e+02   5.0000000e+01
   2.7000000e+01  -1.0100000e+02
   3.5000000e+01   1.9000000e+01
   6.7000000e+01   8.0000000e+00
   9.3000000e+01   5.4000000e+01
   2.0000000e+01  -1.0000000e+02
   9.4000000e+01   6.0000000e+01
   2.0000000e+01  -9.4000000e+01
   3.2000000e+01   6.0000000e+01
   3.4000000e+01  -6.6000000e+01
