   2.2900000e+02   5.8642907e+01
   9.3000000e+01  -9.7458557e+01
   3.8000000e+01   1.6653257e+01
   1.1900000e+02  -9.2282549e+01
   1.5600000e+02   4.4880967e+01
   5.1500000e+02  -1.1120408e+02
   1.7100000e+02  -1.9276170e+01
   3.1100000e+02   5.5124892e+01
   7.5900000e+02  -7.4999405e+01
   7.0600000e+02   3.8588280e+01
   3.8500000e+02  -4.6959022e+01
   9.1900000e+02  -6.9373871e+01
   1.0100000e+02   5.9784010e+01
   2.9000000e+01  -1.0223239e+02
   3.0000000e+01  -2.9438854e+01
   8.8000000e+01  -1.0011025e+02
   1.1350000e+03   2.6407722e+01
   5.1000000e+02  -7.7717210e+01
   6.6800000e+02   1.4821625e+01
   1.1600000e+02  -5.6032246e+01
   1.1280000e+03  -9.7532094e+01
   3.2000000e+02  -8.1921414e+00
   4.3200000e+02   3.4641281e+01
   2.9500000e+02  -9.7103088e+01
   5.2400000e+02   2.9888060e+01
   8.0800000e+02  -5.0002706e+01
   9.8600000e+02   5.9594322e+01
   2.2000000e+01  -1.0032771e+02
   4.6000000e+01   4.8673881e+01
   3.6000000e+01  -2.6738793e+01
   2.5000000e+01  -1.1860595e+02
   2.1000000e+01   4.5681873e+00
   1.0900000e+02  -9.6217623e+01
   2.2000000e+01  -5.9732186e+00
   2.1000000e+01   2.3876432e+01
   2.1000000e+01  -1.0258377e+02
   4.9900000e+02  -8.3419830e+00
   2.8000000e+01  -9.0167889e+01
   1.1200000e+02  -3.6682179e+01
   3.9000000e+01  -2.0699263e+00
   2.6900000e+02   4.2122182e+01
   4.7000000e+01  -5.6986668e+01
   3.4000000e+01   3.7899893e+01
   2.3000000e+01  -4.8601775e+01
   1.3900000e+02   2.3157311e+01
   2.0000000e+01   3.6230771e+01
   2.2000000e+01  -1.1946683e+02
   2.0000000e+01  -1.1465075e+01
   5.2000000e+01  -9.8644342e+01
   4.3200000e+02  -3.0227776e+01
   1.1700000e+02   4.1400676e+01
   2.2000000e+01  -4.0987162e+01
   2.2000000e+01  -1.1932853e+02
   2.8000000e+01  -1.8004639e+01
   1.8700000e+02  -7.0993903e+01
   9.4000000e+01   2.3712429e+01
   6.4200000e+02  -1.0202755e+02
