   1.4800000e+02   5.9958838e+01
   1.2800000e+02  -8.0635353e+01
   1.1500000e+02  -1.1032117e+02
   2.5000000e+01   1.1158036e+01
   2.1600000e+02   5.9951979e+01
   6.5600000e+02  -7.4992617e+01
   7.0500000e+02   3.4912917e+01
   9.0000000e+02  -5.2497189e+01
   2.1600000e+02  -8.7295487e+01
   3.7000000e+02   5.9365516e+01
   1.0000000e+02  -9.7472970e+01
   2.5800000e+02   2.7807462e+01
   7.9000000e+01  -8.4781044e+01
   9.6000000e+01  -5.0777638e+00
   7.3900000e+02  -6.4572811e+01
   2.5700000e+02   4.7172820e+01
   3.5000000e+01  -1.0038719e+02
   6.9400000e+02  -2.3256638e+01
   5.3000000e+01  -1.0094186e+02
   9.6200000e+02  -9.2010979e+00
   6.6400000e+02  -1.1879631e+02
   2.5900000e+02   4.4231402e+01
   1.2300000e+02  -9.9948105e+01
   3.8000000e+01  -1.6624538e+00
   1.7700000e+02   4.9815335e+01
   3.5300000e+02  -6.7004391e+01
   7.1000000e+01  -3.4452549e+01
   2.2700000e+02  -8.1876624e+01
   2.3000000e+01  -5.4656812e+00
   2.0000000e+01  -1.1222626e+02
   5.2200000e+02   4.7047037e+01
   7.9000000e+01  -1.0050365e+02
   2.0000000e+01  -9.2624950e+00
   1.4800000e+02   4.4874626e+01
   4.0000000e+01  -9.7358498e+01
   2.4000000e+01   5.8555379e+01
   7.9400000e+02  -5.7249993e+01
   2.0000000e+01   4.4171508e+01
   2.0000000e+01  -5.4288345e+01
   7.0000000e+01   2.4885616e+00
   1.7300000e+02   5.2555367e+01
   6.2000000e+01  -2.3147511e+01
   2.0000000e+01   4.2329495e+01
   2.0000000e+01  -1.0141081e+02
   2.4000000e+01  -2.0439480e+00
   9.0500000e+02   3.4863537e+01
   5.1000000e+01  -1.1867013e+02
   3.5600000e+02   2.4493840e+01
   4.8600000e+02   4.6754485e+01
   5.1000000e+01  -1.1648709e+02
   2.2400000e+02  -3.1722043e+01
   5.6000000e+01  -9.7448781e+01
   4.2000000e+01  -1.0320226e+01
   3.5000000e+01   1.8584982e+01
   4.4000000e+01   5.3388337e+01
   5.4000000e+01  -1.1969473e+02
   2.1000000e+01  -7.4177715e+01
