   1.4400000e+02   5.9911220e+01
   1.0800000e+02  -8.1129954e+01
   1.0700000e+02  -1.1281440e+02
   2.1800000e+02   5.9875535e+01
   4.7300000e+02  -7.4998670e+01
   2.3000000e+01   5.6593624e+01
   3.3000000e+01  -1.0006641e+02
   1.7100000e+02   5.9987937e+01
   1.9200000e+02  -9.7472342e+01
   7.2900000e+02   1.5282389e+01
   1.1800000e+02  -9.5246376e+01
   5.6000000e+01  -5.7048382e+01
   1.2600000e+02   5.9744066e+01
   9.5700000e+02  -5.2451189e+01
   5.0400000e+02  -8.0363094e+01
   6.9700000e+02   3.0829276e+01
   5.8300000e+02  -6.0076397e+01
   3.4700000e+02  -1.7032029e+01
   9.8000000e+01  -7.3763681e+01
   2.1000000e+01  -4.7606485e+00
   2.0000000e+01  -1.1079379e+02
   2.2000000e+01   2.0488571e+01
   4.8000000e+01   5.9914272e+01
   1.7600000e+02  -9.4835659e+01
   7.2400000e+02   4.5134477e+01
   1.0800000e+02  -1.0683530e+02
   2.1600000e+02  -2.8728518e+01
   1.2700000e+02   5.9099207e+01
   9.2700000e+02  -2.9990570e+01
   8.9300000e+02  -5.7217578e+01
   3.6400000e+02   4.8344984e+01
   3.6000000e+01  -1.0714683e+02
   2.1200000e+02  -1.9677362e+01
   4.9000000e+01  -1.1441512e+02
   2.3000000e+01  -5.1961272e+01
   6.5200000e+02  -1.0859820e+02
   5.6100000e+02   3.7446209e+01
   3.6000000e+01  -1.0426684e+02
   2.8900000e+02   5.1248707e+01
   3.2000000e+01  -9.9251796e+01
   2.4000000e+01   3.4452991e+01
   2.3000000e+01  -2.3441377e+01
   3.1000000e+01  -1.0974555e+02
   1.6100000e+02   3.0831075e+01
   3.0800000e+02  -4.9573923e+01
   2.0000000e+01   1.4902732e+01
   2.1000000e+01  -6.6673867e+01
   2.0000000e+01   2.1804890e+00
   2.6300000e+02   5.7413714e+01
   4.5000000e+01  -9.7446031e+01
   5.7300000e+02   5.4658133e+00
   2.0000000e+01  -8.8482557e+01
   3.8000000e+01   5.9804542e+01
   2.1000000e+01  -3.3895707e+01
   9.4000000e+01   4.3782066e+01
   2.0000000e+01  -5.1210609e+01
   2.2000000e+01   3.3233737e+01
