   4.6400000e+02   5.7703400e+01
   1.0400000e+02   2.4540878e+01
   2.2000000e+02  -9.7022115e+01
   4.4000000e+02   4.2328938e+01
   2.9700000e+02  -7.2647923e+01
   3.2800000e+02  -1.0696442e+02
   2.3400000e+02   5.2720074e+01
   2.0000000e+01  -4.9460853e+01
   4.3300000e+02  -8.2026257e+01
   6.2200000e+02   3.4711701e+01
   5.5000000e+01  -9.7996291e+01
   3.3600000e+02   4.0327941e+01
   2.4100000e+02  -6.7959463e+01
   1.9900000e+02   1.2498684e-01
   6.0200000e+02  -6.9893433e+01
   2.0900000e+02   5.9956279e+01
   2.7000000e+01  -7.4928233e+01
   2.0000000e+01   2.7531671e+01
   6.3600000e+02  -5.2490645e+01
   4.2000000e+01   3.5635842e+01
   9.4800000e+02  -1.0740976e+02
   6.9000000e+01   5.4863651e+01
   2.7000000e+01  -9.8859861e+01
   6.2000000e+01  -2.3948783e+01
   1.0100000e+02  -8.5740848e+01
   1.5300000e+02  -2.2509977e+01
   2.2100000e+02  -9.8473481e+01
   6.1300000e+02   2.7576825e+01
   8.5000000e+01  -8.6599107e+01
   6.0000000e+01   3.9845461e+01
   2.7000000e+01  -1.0125856e+02
   3.1400000e+02   7.4733018e+00
   4.9200000e+02  -6.9584925e+01
   1.1500000e+02   5.4018363e+01
   4.1000000e+01  -8.6491748e+01
   6.7000000e+02  -2.6110450e+01
   3.6000000e+01  -4.2291759e+01
   3.4000000e+01  -9.7484504e+01
   3.3000000e+01  -3.4330136e+01
   2.2000000e+01   2.9787243e+01
   2.4000000e+01  -1.1855551e+02
   1.0700000e+02   2.7426483e+01
   4.3000000e+01  -9.7496146e+01
   1.1400000e+02  -3.4347452e+01
   8.2000000e+01   4.1975644e+01
   2.0200000e+02   5.8536652e+01
   2.1000000e+01  -1.0128961e+02
   5.6000000e+01   1.1054325e+01
   5.6000000e+01  -1.1887336e+02
   1.0070000e+03  -4.3893443e+01
   4.3400000e+02  -5.5540665e+01
   8.7000000e+02   3.8968722e+01
   3.0300000e+02  -2.8484725e+01
   5.0400000e+02  -5.8519559e+00
   2.0000000e+01  -1.1920614e+02
   2.1000000e+01  -2.3665365e+01
   2.1000000e+01  -1.3226499e+01
