   8.4100000e+02   3.9956771e+01
   7.7300000e+02  -6.3010498e+01
   1.6300000e+02  -1.1786703e+02
   1.7400000e+02   5.9770017e+01
   4.6000000e+01   2.2109123e+01
   2.1400000e+02  -9.7021877e+01
   4.0900000e+02   3.2911680e+01
   2.9000000e+01  -1.0614831e+02
   2.0000000e+01   2.5123815e+01
   2.3000000e+01  -8.6775886e+01
   5.6000000e+01   5.9871925e+01
   1.5600000e+02  -7.6933271e+01
   2.0000000e+01  -6.0090368e+00
   3.7000000e+01  -7.4255656e+01
   2.0000000e+01  -1.0569559e+01
   1.6400000e+02  -7.4985907e+01
   1.6000000e+02   5.4974881e+01
   2.5000000e+01  -4.7529804e+01
   3.8000000e+01  -7.7501559e+00
   2.1300000e+02  -7.4402460e+01
   3.6700000e+02  -4.2671010e+01
   4.8300000e+02  -5.2481251e+01
   3.3000000e+01  -8.5007095e+01
   2.0000000e+01   5.4598629e+00
   2.7000000e+01  -1.0549314e+02
   3.2000000e+01  -5.8630222e+01
   2.0000000e+01  -1.1424729e+02
   1.0800000e+02   1.4067978e+01
   2.0000000e+01  -9.0485336e+01
   2.0000000e+01  -4.9053937e+01
   1.0300000e+02   5.9879803e+01
   2.0000000e+01  -1.0165983e+02
   2.0000000e+01   1.5142833e+01
   6.1000000e+01  -8.7781408e+01
   2.7200000e+02   1.5368811e+01
   1.6900000e+02  -1.1401549e+02
   8.9200000e+02   3.4724070e+01
   8.7000000e+01  -8.3469859e+01
   4.4400000e+02   4.6632755e+01
   2.3000000e+01  -1.0016003e+02
   2.3000000e+01  -3.2964799e+00
   2.6000000e+01   2.0961159e+01
   4.2100000e+02  -5.5772710e+01
   2.9000000e+01  -9.5267227e+01
   3.2000000e+01  -8.3741528e+00
   3.3000000e+01  -1.0156753e+02
   2.0000000e+01  -2.0695731e+01
   2.0000000e+01  -6.4921942e+01
   5.8500000e+02   5.0512997e+01
   1.1500000e+02  -9.7365065e+01
   6.5800000e+02   3.6617621e+00
   2.3400000e+02   5.7036537e+01
   1.5300000e+02  -7.4237204e+01
   1.1500000e+02  -1.0911824e+01
   5.9000000e+01  -7.3012496e+01
   2.0000000e+01  -6.5066182e+00
   2.1000000e+01  -4.9250842e+01
