   2.3000000e+01  -4.4302780e+01
   2.2700000e+02   5.7589663e+01
   2.9600000e+02  -9.7020655e+01
   1.4600000e+02   5.8875422e+01
   1.7600000e+02  -6.9377932e+01
   7.9000000e+01  -1.1776748e+02
   6.0000000e+01   5.9771392e+01
   2.0000000e+01  -9.5770121e+01
   2.3000000e+01   1.1016548e+01
   2.5500000e+02  -7.0538575e+01
   1.7600000e+02   1.5254626e+01
   9.1000000e+01  -1.0165774e+02
   4.8500000e+02   3.4857958e+01
   2.9000000e+02  -7.5119003e+01
   4.5800000e+02  -1.5255078e+01
   1.2700000e+02  -6.2341973e+01
   3.8000000e+01  -9.7283169e+01
   1.8900000e+02  -4.2783478e+01
   9.8700000e+02   3.0013211e+01
   9.3700000e+02  -5.2489649e+01
   2.4400000e+02  -8.0885792e+01
   2.3000000e+01   1.0615115e+01
   2.4000000e+01  -9.4894254e-01
   2.4000000e+01  -1.0401560e+02
   3.6400000e+02   5.5999040e+01
   3.8200000e+02  -7.1978670e+01
   1.3000000e+02  -2.4818708e+01
   6.1300000e+02   1.2412121e+01
   7.2000000e+01  -9.7938917e+01
   6.4400000e+02  -6.3668382e+01
   8.5000000e+01   3.0516085e+01
   3.1000000e+01  -1.0096957e+02
   7.3000000e+01  -5.0992884e+01
   5.1800000e+02   5.1378052e+01
   8.9000000e+01  -9.8669142e+01
   1.0300000e+02   5.9885971e+01
   1.3800000e+02  -2.9107323e+01
   3.2000000e+01  -1.0491331e+02
   1.8500000e+02   1.7886168e+01
   2.9800000e+02  -4.2079219e+01
   4.5000000e+01  -9.7700837e+01
   3.3600000e+02  -8.8678544e-01
   3.8600000e+02   1.1397593e+01
   4.0000000e+01  -1.1538929e+02
   2.8500000e+02   3.8535532e+01
   3.3000000e+01  -6.7856043e+01
   2.1000000e+01   1.0032658e+01
   2.4000000e+01  -9.8967094e+01
   6.1000000e+01  -3.6359003e+01
   5.0000000e+01  -9.7180387e+01
   2.0100000e+02   5.2418743e+01
   2.2800000e+02   5.7989782e+01
   4.5000000e+01  -9.7463267e+01
   2.7000000e+01  -2.7043308e+01
   2.0000000e+01  -8.7128992e+01
   4.7000000e+01   5.9697171e+01
   4.1200000e+02  -3.5597865e+01
