   1.4200000e+02   5.9984319e+01
   8.4400000e+02  -6.9466734e+01
   5.8000000e+01  -1.0626694e+02
   3.3000000e+01  -1.1620652e+01
   5.8400000e+02   4.8819097e+01
   6.8900000e+02  -9.7017206e+01
   7.5200000e+02   3.3565984e+01
   3.9800000e+02  -7.9064090e+01
   2.5700000e+02  -4.9835501e+01
   9.9000000e+01   5.0504072e+01
   3.2000000e+01  -1.0417869e+02
   3.5000000e+01  -3.2959562e+01
   6.2000000e+01  -1.0634758e+02
   2.2800000e+02   1.1514952e+01
   1.5300000e+02  -7.9615538e+01
   5.9400000e+02   5.8195026e+01
   4.6200000e+02  -7.1256266e+01
   1.1000000e+02  -2.4399351e+01
   6.1700000e+02   1.7060904e+01
   3.8000000e+01  -9.6697968e+01
   7.2000000e+02   5.9066370e+01
   3.5100000e+02  -4.7831029e+01
   1.5100000e+02  -9.8549881e+01
   4.5700000e+02  -2.8138304e+01
   9.6000000e+01   5.8810266e+01
   3.3600000e+02  -4.1311179e+01
   5.2600000e+02  -5.6094780e+01
   1.4400000e+02   5.8448649e+01
   3.1000000e+01  -9.9336268e+01
   3.8200000e+02   5.9780126e+01
   8.8600000e+02  -2.8004512e+01
   2.0000000e+01  -1.1935278e+02
   2.2100000e+02  -1.6363855e+01
   5.8000000e+01  -1.0631188e+02
   5.8600000e+02   5.4469767e+01
   1.4600000e+02  -1.0791086e+02
   1.2300000e+02   5.8963007e+01
   2.1000000e+01  -1.0096819e+02
   2.0000000e+01   3.7185082e+01
   4.6000000e+01  -1.0228137e+02
   1.8200000e+02   3.7680879e+01
   8.4900000e+02  -2.7779494e+01
   4.4000000e+01  -4.3884442e+01
   3.7000000e+01  -9.3460788e+01
   1.0700000e+02   1.6660593e+01
   1.7900000e+02  -4.2704479e+01
   1.0200000e+02  -9.7295337e+01
   2.5000000e+02  -7.9861545e+00
   9.3000000e+01   2.6392998e+01
   2.0000000e+01  -1.0125526e+02
   2.7000000e+01   2.6757440e+01
   1.5700000e+02  -7.2352933e+01
   2.2000000e+01   2.6822938e+01
   2.1000000e+01  -2.9334791e+00
   1.7000000e+02   3.8600773e+01
   8.8000000e+01  -8.9508922e+01
   1.2100000e+02   8.7153649e+00
