   3.1000000e+01  -1.1350793e+02
   1.9900000e+02   5.9338917e+01
   3.7200000e+02  -9.7391409e+01
   7.2300000e+02   4.2215530e+01
   4.5600000e+02  -5.9613681e+01
   3.1000000e+02  -1.1424436e+02
   3.0800000e+02   4.8740575e+01
   2.2500000e+02  -5.2450267e+01
   4.8400000e+02  -7.9086025e+01
   4.9400000e+02   3.8809820e+01
   5.3500000e+02  -5.4199161e+01
   7.3500000e+02  -8.6394999e+01
   1.0600000e+02   5.3642305e+01
   2.1700000e+02  -7.0354645e+01
   4.0000000e+01   3.9885747e+01
   1.3000000e+02  -7.0687614e+01
   8.1000000e+01  -1.3392035e+01
   2.0000000e+01  -1.1503665e+02
   7.9000000e+01   4.2618487e+01
   5.9300000e+02  -4.9890422e+01
   3.5700000e+02  -7.0253482e+01
   2.3000000e+01  -2.5032031e+01
   2.4000000e+01  -1.1180572e+02
   2.1000000e+01  -5.6640298e+01
   2.6300000e+02   4.9895142e+01
   2.5000000e+01  -2.6315806e+01
   2.1000000e+01   1.9230896e+01
   6.0000000e+01  -3.5372352e+01
   4.1000000e+01  -9.9724974e+01
   2.4000000e+01   3.5186889e+01
   2.3000000e+01  -1.0619496e+02
   2.2000000e+01   1.5437213e+01
   2.4900000e+02  -7.8011958e+01
   3.3600000e+02   1.3940757e+01
   2.6600000e+02  -5.3414992e+01
   2.4000000e+01  -1.0519995e+02
   4.0000000e+01  -1.7742620e+01
   1.2600000e+02   5.2392284e+01
   2.5000000e+01  -7.7334821e+01
   2.4600000e+02   1.1016245e+01
   4.7000000e+01  -1.0077950e+02
   4.7000000e+01  -1.6386710e+00
   2.4000000e+01  -8.6236418e+01
   2.1000000e+01  -3.2547868e+01
   2.0000000e+01  -1.6246593e+00
   1.6600000e+02   5.3668017e+01
   3.4000000e+01  -5.0183609e+01
   2.8000000e+01   5.7720481e+01
   2.4000000e+01  -2.9223268e+01
   2.0000000e+01  -1.0272002e+02
   4.0000000e+01  -3.9202785e+01
   1.2400000e+02   5.9813738e+01
   5.5000000e+01  -1.0223587e+02
   2.1000000e+01   4.0327054e+01
   8.4000000e+01  -1.0006390e+02
   2.2400000e+02   2.8058594e+01
   3.9700000e+02   4.6942726e+00
