   1.4800000e+02   5.9544431e+01
   1.7100000e+02  -8.0450495e+01
   7.9000000e+01  -1.1529133e+02
   2.1000000e+01  -1.4981651e+01
   2.0700000e+02   5.9934400e+01
   1.9300000e+02  -9.7253628e+01
   9.2100000e+02   5.5869309e+01
   5.1200000e+02  -6.9890482e+01
   1.7400000e+02  -8.8270000e+01
   6.1700000e+02   8.8607020e+00
   8.3000000e+01   5.9385851e+01
   3.5000000e+01  -1.0237461e+02
   2.2600000e+02   1.1879014e+01
   7.2000000e+01  -8.2861356e+01
   1.3400000e+02  -4.0847335e+01
   1.2700000e+02  -7.4980506e+01
   5.4300000e+02   3.7246151e+01
   1.6710000e+03  -4.9529668e+01
   2.0000000e+01  -1.2953377e+01
   1.4100000e+02   9.0699840e+00
   2.0000000e+01  -1.0209510e+02
   2.5000000e+02   1.7150441e+00
   3.2400000e+02  -7.8324374e+01
   2.7700000e+02  -1.0650033e+02
   2.7300000e+02   4.0376988e+01
   2.0000000e+01  -1.0180893e+02
   2.3000000e+01  -2.8206873e+01
   3.3500000e+02   5.9794124e+01
   1.9300000e+02  -9.4547672e+01
   8.6400000e+02  -5.8339792e+01
   6.9000000e+01   5.9979423e+01
   2.6000000e+01  -8.7079586e+01
   2.0000000e+01  -2.2793260e+01
   2.0000000e+01  -7.4624023e+01
   2.0000000e+01   3.2811573e+01
   2.0000000e+01   4.5340933e+01
   1.1200000e+02  -4.8391556e+01
   7.3000000e+01   5.6570036e+01
   2.0000000e+01  -5.3824595e+01
   7.1700000e+02   1.7739332e+01
   1.4500000e+02  -2.9830862e+01
   2.4000000e+01   1.4655947e+01
   1.1700000e+02   4.0098490e+01
   3.0000000e+02  -7.4983762e+01
   2.0000000e+01   1.2637211e+01
   1.6700000e+02   2.5896651e+01
   5.6000000e+01  -1.0070733e+02
   1.3000000e+03  -5.1709591e+01
   2.0000000e+01  -6.9292971e+01
   2.2000000e+01   4.8995217e+01
   2.0000000e+01  -9.8973642e+01
   2.8000000e+01  -2.5734506e+01
   3.0000000e+01   2.3995464e+01
   8.8000000e+01  -6.9984499e+01
   2.2000000e+01  -3.6218858e+01
   1.1400000e+02   5.7655643e+01
   3.3000000e+01  -2.6194965e+01
