   1.4700000e+02   5.9904131e+01
   1.1100000e+02  -8.0029018e+01
   9.5000000e+01  -1.1406572e+02
   2.0000000e+01   5.7043528e+01
   5.3600000e+02   4.5202592e+01
   1.9600000e+02  -9.7023572e+01
   2.1800000e+02   5.2341415e+01
   2.7200000e+02  -6.9004505e+01
   2.8000000e+02  -8.2391058e+01
   5.8800000e+02   3.7490555e+01
   6.6400000e+02  -4.9409020e+01
   4.4600000e+02  -7.4916647e+01
   3.4300000e+02   5.7388519e+00
   2.0000000e+01  -1.0241401e+02
   4.7800000e+02  -4.7393616e+01
   9.8000000e+01   5.9979644e+01
   2.6000000e+01  -1.0201536e+02
   4.2800000e+02  -2.9181225e+01
   4.9000000e+01  -9.8231303e+01
   2.1000000e+01  -4.0982427e+00
   9.2000000e+01  -6.7828327e+01
   8.7000000e+01   4.9964754e+01
   2.0000000e+01  -1.1941380e+02
   2.0000000e+01  -1.3007658e+01
   2.5900000e+02   4.7476961e+00
   2.0000000e+01  -1.0119509e+02
   2.0000000e+01  -3.0399082e+01
   8.8000000e+01   4.9781914e+01
   2.1000000e+01  -8.9135104e+01
   2.3000000e+01   3.0688803e+01
   6.4000000e+02  -4.3571850e+01
   7.6000000e+01  -8.6668459e+01
   2.0000000e+01  -1.0691220e+01
   9.3800000e+02   5.2122464e+01
   3.1000000e+01  -1.0664323e+02
   4.7400000e+02   6.3910985e+00
   9.7200000e+02   5.5038608e+01
   3.5900000e+02  -7.4323564e+01
   1.5100000e+02   1.8326152e+01
   6.2700000e+02   3.2194027e+01
   5.5000000e+01  -5.8687430e+01
   2.8300000e+02   1.7155306e+00
   6.6800000e+02  -2.9943655e+01
   1.5620000e+03  -5.5302368e+01
   8.3000000e+01  -9.9129079e+01
   8.3300000e+02   3.1300669e+01
   7.2000000e+01  -9.9924577e+01
   9.1300000e+02   5.7645805e+01
   6.7000000e+01  -1.0124604e+02
   7.9100000e+02   9.9448977e-01
   6.1800000e+02  -9.5360676e+01
   1.4100000e+02   5.9832716e+01
   2.0000000e+01  -2.8870865e+01
   3.3000000e+01   3.8909715e+01
   6.8000000e+01   5.8442826e+01
   2.1000000e+01  -8.8062718e+01
   2.1000000e+01   3.2414445e+01
