   1.4600000e+02   5.9615749e+01
   3.7500000e+02  -6.9418322e+01
   6.5000000e+01  -1.1788784e+02
   3.7700000e+02   5.4141525e+01
   3.8600000e+02  -8.5225000e+01
   1.2200000e+02  -6.3617732e+01
   9.0700000e+02   5.1038219e+01
   5.1300000e+02  -4.2077751e+01
   6.5000000e+02  -7.8553883e+01
   9.8100000e+02   5.2694077e+01
   2.5700000e+02  -7.3114535e+01
   4.1400000e+02   3.7611993e+01
   6.5000000e+01  -9.9579967e+01
   1.7500000e+02  -4.8652319e+01
   2.5000000e+01   4.8882640e+01
   2.3000000e+01  -9.4656996e+01
   1.4800000e+02   3.6329319e+01
   3.4200000e+02  -1.1393746e+02
   8.5000000e+01   5.9665844e+01
   7.4000000e+01  -9.7324561e+01
   4.8900000e+02   2.4418260e+01
   3.2400000e+02  -7.3116370e+01
   2.1000000e+01   2.0163571e+00
   2.0000000e+01  -9.7808334e+01
   9.0000000e+01   2.5271744e+01
   4.2000000e+01  -8.4444784e+01
   7.4200000e+02  -2.9689222e+01
   2.4000000e+01  -9.7023291e+01
   9.2000000e+01  -4.7146615e+01
   2.0000000e+01  -1.1518900e+02
   3.0700000e+02   2.8625501e+01
   4.5000000e+01  -5.9599965e+01
   2.0000000e+01  -2.6880513e+01
   8.0000000e+01  -6.1636640e+01
   5.1000000e+01  -1.0028143e+02
   2.4500000e+02   4.6670925e+01
   1.1000000e+02  -4.5696506e+01
   3.6100000e+02  -2.9866410e+01
   2.3000000e+01  -4.4867994e+01
   3.0600000e+02   3.5355642e+01
   7.8000000e+01  -2.9149659e+01
   3.7000000e+01   4.9192157e+01
   7.2000000e+01  -9.9450914e+01
   7.8700000e+02  -2.9722168e+01
   9.3000000e+01  -2.5902670e+01
   6.2000000e+01  -1.0304084e+02
   2.9000000e+01  -4.7907643e+01
   2.7000000e+01  -9.0534430e+01
   2.0000000e+01  -2.9760899e+01
   2.0000000e+01   4.2193709e+01
   2.1000000e+01  -7.4267084e+01
   2.0600000e+02   5.9846495e+01
   2.1000000e+01  -1.0141504e+02
   2.8000000e+01  -5.5024879e+00
   1.9500000e+02   2.9514822e+01
   4.0000000e+01  -1.1464916e+02
   4.0200000e+02  -6.7267776e+00
