   2.0000000e+01  -8.7079399e+00
   2.0500000e+02   5.9994699e+01
   1.9300000e+02  -9.7494767e+01
   1.5700000e+02   5.6607622e+01
   1.7700000e+02  -6.8951124e+01
   1.1000000e+02  -1.1198648e+02
   2.4300000e+02   5.1346673e+01
   2.0000000e+01  -4.4127178e+01
   4.0500000e+02  -8.2362528e+01
   5.0300000e+02   2.7636009e+01
   1.0500000e+02  -8.4867694e+01
   6.5900000e+02  -5.0881051e+01
   1.0900000e+03   4.6902317e+01
   4.8200000e+02  -7.2774090e+01
   4.3000000e+02  -7.1156685e+00
   8.1000000e+01  -8.5189313e+01
   2.4600000e+02   7.8556623e+00
   3.0600000e+02  -9.8927103e+01
   8.7000000e+01   5.5505902e+01
   2.6900000e+02  -5.9033315e+01
   2.2000000e+01   2.7038649e+01
   3.0000000e+01   3.3722794e+01
   2.8000000e+01  -1.1824844e+02
   2.6000000e+01  -2.8849033e+01
   7.8000000e+01   4.6815416e+01
   6.2900000e+02  -4.2712709e+01
   6.6000000e+02  -6.8655222e+01
   1.3800000e+02   5.6777455e+01
   2.0000000e+01  -1.0126403e+02
   1.7400000e+02   5.9809579e+01
   5.1000000e+01  -1.0137031e+02
   2.6000000e+01  -1.8755852e+01
   1.4200000e+02  -9.6088495e+01
   8.1000000e+01  -1.7279452e+01
   2.2000000e+01  -1.0026771e+02
   2.0000000e+01  -5.1270197e+01
   1.6900000e+02   4.6952590e+01
   2.5000000e+01  -1.1021988e+02
   3.5000000e+01  -1.2765308e+00
   1.7900000e+02   5.9592304e+01
   2.0000000e+01  -1.0189662e+02
   3.4000000e+01  -8.1630710e+00
   2.0000000e+01   5.6905134e+01
   2.8500000e+02  -4.6108512e+01
   2.2000000e+01   2.2708990e+01
   2.0300000e+02  -7.4594461e+01
   5.6000000e+01  -2.5324945e+01
   2.0000000e+01  -1.0430029e+02
   8.2000000e+02   4.7422701e+01
   2.0000000e+01  -1.0170123e+02
   2.6000000e+01   4.4710910e-02
   5.5000000e+01   4.6097537e+01
   2.1000000e+01  -2.8206945e+01
   2.1000000e+01   5.7145928e+00
   1.1200000e+02  -8.5271784e+01
   9.1000000e+01   5.9520137e+01
   2.1000000e+01  -5.0021875e+01
