   2.2000000e+01  -5.7754892e+00
   7.9200000e+02   4.2999328e+01
   4.0100000e+02  -9.7021948e+01
   1.3600000e+02   5.9992531e+01
   8.7900000e+02  -3.4638454e+01
   8.6000000e+01  -1.1749352e+02
   5.8000000e+02   4.3144566e+01
   4.6400000e+02  -7.4681859e+01
   2.1000000e+01   4.0228745e+01
   7.2000000e+01  -1.0065374e+02
   1.8500000e+02   5.0066090e+01
   2.7400000e+02  -8.0737290e+01
   6.5900000e+02   3.2524887e+01
   8.4400000e+02  -6.8850239e+01
   6.0800000e+02  -7.5325597e+01
   1.0800000e+02   5.9992635e+01
   2.5000000e+01  -1.0233094e+02
   2.0000000e+01   3.7719995e+00
   6.3000000e+01  -5.4082538e+01
   2.4000000e+01  -1.0194079e+02
   3.3000000e+01  -3.6110333e+01
   1.8800000e+02   5.9614575e+01
   7.9300000e+02  -5.0837116e+01
   2.2600000e+02   1.5162369e+01
   4.8000000e+01  -9.5520347e+01
   1.6100000e+02   1.1498393e+01
   8.2000000e+01   4.0187684e+01
   3.0000000e+01  -1.0020906e+02
   2.0000000e+01  -1.7388488e+01
   2.0000000e+01  -8.3672827e+01
   2.0000000e+01  -1.8221698e+01
   8.8000000e+01  -8.3661033e+01
   2.0000000e+01  -1.6723891e+01
   2.6000000e+01  -1.1000623e+02
   2.1000000e+01  -1.6658392e+00
   2.2000000e+01  -1.1607576e+02
   9.2000000e+02   3.7028943e+01
   3.2000000e+01  -9.0437457e+01
   8.9300000e+02  -1.6456750e+01
   1.1400000e+02   5.9771215e+01
   2.1000000e+01  -1.0117672e+02
   2.0000000e+01   5.4099072e+01
   1.4500000e+02  -1.0256798e+02
   3.8200000e+02  -4.4134779e+01
   3.7800000e+02   5.5462700e+01
   2.6000000e+01  -8.9856723e+01
   5.5000000e+01   3.2926332e+01
   2.0500000e+02  -2.9591716e+01
   1.4000000e+02   2.6482575e+01
   3.7000000e+01  -1.1035822e+02
   1.0090000e+03   2.6577057e+01
   4.7000000e+01  -9.7270749e+01
   7.6000000e+01  -1.9892810e+01
   2.0300000e+02   2.1791837e+01
   1.1400000e+02  -9.8361964e+01
   1.5000000e+02  -3.2180902e+01
   9.0900000e+02  -8.3524068e+01
