   1.4400000e+02   5.9660614e+01
   3.8900000e+02  -5.0732497e+01
   8.3000000e+01  -1.1779142e+02
   2.4200000e+02   5.7661449e+01
   3.5700000e+02  -1.9929040e+01
   2.9700000e+02  -9.7021379e+01
   1.4200000e+02  -2.2280003e+01
   5.6800000e+02   5.3664551e+01
   8.3600000e+02  -7.4362547e+01
   2.6400000e+02   4.5435339e+01
   4.7000000e+01  -6.8577710e+01
   3.5400000e+02  -8.2492495e+01
   2.0000000e+01   3.7471724e+01
   4.4000000e+01   5.9704534e+01
   3.3600000e+02  -6.9864463e+01
   8.9000000e+01  -2.4981116e+01
   9.5000000e+01   2.8885618e+01
   7.1000000e+02   3.2407973e+01
   7.3000000e+01  -9.9041490e+01
   2.0000000e+01  -4.7454685e+01
   2.0000000e+01  -2.6651130e+01
   2.1000000e+01  -8.7019115e+01
   2.5000000e+02   1.4731217e+01
   2.0000000e+01  -9.9178978e+01
   8.7000000e+01   3.0580560e+01
   6.4000000e+01  -9.7205710e+01
   2.9700000e+02  -3.9736261e+00
   2.4000000e+01  -9.9377147e+01
   2.9000000e+01   5.9992433e+01
   6.7500000e+02  -5.2496317e+01
   2.1000000e+01   2.0578094e+01
   5.4000000e+01   5.4498087e+01
   2.0000000e+01  -6.8046976e+01
   9.3200000e+02   3.7494099e+01
   2.4000000e+01  -1.1847512e+02
   3.2000000e+01   5.5854679e+01
   1.2650000e+03  -9.7207424e+01
   1.7200000e+02   3.7065779e+01
   1.0100000e+02  -5.6804541e+01
   5.8000000e+01  -9.7230347e+01
   2.4000000e+01  -3.0553608e+01
   2.4000000e+01  -1.1459967e+02
   2.0400000e+02   5.9934347e+01
   2.4000000e+01  -8.7006154e+01
   2.2000000e+01   2.8663868e+01
   5.8000000e+01  -2.1315349e+01
   4.1000000e+01  -8.5588655e+01
   3.7100000e+02   9.1822120e+00
   2.7900000e+02  -2.7738407e+01
   2.0000000e+01   1.3507646e+01
   2.2000000e+01  -3.8930827e+01
   2.7000000e+01   5.7379467e+01
   4.5000000e+01  -1.0122251e+02
   2.9300000e+02   4.7925727e+00
   5.6000000e+01   3.2599756e+01
   2.4000000e+01  -1.0256270e+02
   2.4000000e+01  -7.5754930e+00
