   2.8000000e+01  -6.6040038e+01
   3.4100000e+02   5.6864702e+01
   2.6600000e+02  -9.7024112e+01
   2.1400000e+02   5.9998254e+01
   3.2000000e+02  -7.4987189e+01
   3.3000000e+01   1.8140873e+01
   2.0000000e+01  -8.9647043e+01
   2.9000000e+01   5.9249046e+01
   1.2600000e+02  -1.0888544e+02
   1.3400000e+02   5.9748912e+01
   2.3300000e+02  -4.5079813e+01
   3.8300000e+02  -8.2276818e+01
   1.0740000e+03   2.8969212e+01
   2.4000000e+01  -2.6280523e+01
   8.0300000e+02  -6.9886050e+01
   2.2000000e+01   1.4426801e+01
   2.0000000e+01  -1.0066651e+02
   2.0000000e+01   5.7353037e+01
   3.8000000e+01  -5.6004602e+01
   8.7000000e+01  -9.9152743e+01
   3.0400000e+02  -7.4380111e+01
   1.1800000e+02   5.6576877e+01
   4.8000000e+01  -1.0194750e+02
   4.0000000e+01  -3.9329671e+01
   5.2000000e+01  -1.0485132e+02
   3.9500000e+02   3.2603331e+01
   1.1800000e+02  -2.6510806e+01
   2.2000000e+01  -8.9517480e+01
   6.9000000e+01  -6.9739445e+00
   9.1000000e+01  -7.3018298e+01
   1.2400000e+02   5.9832693e+01
   2.4000000e+01  -1.0126834e+02
   9.6000000e+01  -3.0572910e+01
   2.1100000e+02  -5.9154260e+01
   6.9000000e+01  -9.1086611e+01
   9.4000000e+02  -5.0043544e+01
   2.0000000e+01   4.0659464e+01
   2.2000000e+01  -8.7462193e+01
   2.3000000e+01   1.1086863e+01
   4.9000000e+01  -1.0342538e+02
   3.7700000e+02  -4.7869835e+01
   4.6400000e+02  -5.6810977e+01
   2.4200000e+02   5.7978706e+01
   7.7000000e+01  -1.0076754e+02
   3.7000000e+01  -2.6549149e+01
   2.0500000e+02   4.5274589e+01
   5.4000000e+01  -9.2267126e+01
   4.6000000e+01   2.3292342e+01
   9.1000000e+01  -4.2393081e+01
   3.7000000e+01  -1.0965715e+02
   2.3000000e+01  -2.8882313e+01
   3.4000000e+01  -1.0470558e+02
   4.7000000e+01  -5.0186370e+01
   1.7900000e+02   9.1350989e+00
   1.0400000e+02  -7.4887887e+01
   2.0000000e+01  -2.1384459e+01
   2.1000000e+01  -9.0869296e+01
