   1.4300000e+02   5.9822626e+01
   3.6100000e+02  -5.9701044e+01
   8.8100000e+02  -1.1687199e+02
   1.5500000e+02   5.4958056e+01
   7.1000000e+01  -9.5403836e+01
   2.3500000e+02   4.4663323e+01
   7.0800000e+02  -4.9718525e+01
   3.3000000e+01  -2.3298439e+01
   8.4000000e+02  -8.2590700e+01
   4.6500000e+02   5.4179486e+01
   1.2700000e+02  -9.6719065e+01
   4.4600000e+02   3.7068715e+00
   2.1600000e+02  -8.2407534e+01
   1.5200000e+02   5.9912273e+01
   1.4300000e+03  -7.4520769e+01
   4.3000000e+02   3.2457884e+01
   4.3000000e+02  -6.6561253e+01
   2.5000000e+02  -1.7498892e+01
   2.4000000e+01  -1.0497575e+02
   2.7400000e+02  -4.1556451e+01
   2.0000000e+01  -1.1718925e+02
   2.9100000e+02   4.7601112e+01
   9.6000000e+01  -1.1459731e+02
   5.9000000e+02   3.6098957e+01
   7.6300000e+02  -2.8446553e+01
   4.4000000e+01  -1.0011105e+02
   4.7200000e+02   7.7585804e+00
   5.0000000e+01  -1.0200698e+02
   1.2500000e+02  -3.7956080e+01
   3.1100000e+02  -8.0285004e+01
   5.3000000e+02   5.1344943e+01
   2.2800000e+02  -1.1890758e+00
   9.7100000e+02  -9.7387684e+01
   1.8300000e+02  -2.8469734e+01
   4.0300000e+02   2.8549906e+01
   3.4200000e+02  -1.0186049e+02
   2.0500000e+02   5.9900998e+01
   8.4000000e+01  -9.9118694e+01
   1.0300000e+02  -1.4405873e+01
   7.4000000e+01  -9.1381934e+01
   3.0600000e+02   1.2759323e+01
   4.7600000e+02  -4.1890885e+01
   9.3000000e+01  -7.3322534e+01
   4.9600000e+02   2.6866955e+01
   4.0200000e+02  -8.9381471e+01
   1.1700000e+02   5.8980781e+01
   2.0000000e+01  -1.0165918e+02
   2.0000000e+01   4.0422202e+01
   7.1000000e+01  -7.3620591e+01
   1.2180000e+03   2.1966462e+01
   7.4800000e+02  -4.1094567e+01
   6.9000000e+01  -9.6760552e+01
   4.8300000e+02   5.0002499e+01
   2.7200000e+02   2.2647120e+01
   2.1000000e+01  -9.3679769e+01
   1.5700000e+02   3.0035795e+01
   3.1000000e+01  -4.6259912e+01
