   3.3600000e+02   5.0536267e+01
   8.9000000e+01  -9.7326852e+01
   2.0000000e+01  -1.2654935e+01
   6.7000000e+01  -8.8476006e+01
   8.0400000e+02   1.8849042e+01
   1.6600000e+02  -1.1426960e+02
   1.4900000e+02   5.9010969e+01
   4.3800000e+02  -6.0455512e+01
   1.2000000e+02  -9.7482762e+01
   1.4400000e+02   5.7537176e+01
   4.9600000e+02  -5.2363823e+01
   4.6500000e+02  -7.4985833e+01
   7.1100000e+02   3.4713416e+01
   3.1000000e+01  -1.1349369e+02
   2.9900000e+02  -9.6639262e+00
   3.3000000e+01  -7.0020392e+01
   7.9000000e+01   1.2213806e+01
   2.1000000e+01  -9.8137411e+01
   1.6800000e+02   4.5475962e+01
   5.9000000e+01  -8.5942228e+01
   2.5000000e+01   3.3708478e+01
   7.6000000e+01  -9.7469169e+01
   3.2000000e+01  -4.2705450e+01
   2.1000000e+01  -1.0965513e+02
   1.7700000e+02   3.4168390e-01
   1.4400000e+02  -8.6772963e+01
   4.5500000e+02  -2.3272767e+01
   3.3000000e+01  -1.0625444e+02
   2.0000000e+01   5.4619904e+01
   1.6900000e+02  -5.9965406e+01
   1.5300000e+02   5.9878876e+01
   2.9000000e+01  -7.4197997e+01
   2.0000000e+01   5.3188350e+00
   9.3300000e+02  -2.9460501e+01
   3.5000000e+01  -1.0590171e+02
   2.9000000e+01   3.7962616e+01
   8.0000000e+01  -9.1186707e+01
   4.9300000e+02  -1.9004771e+01
   1.0070000e+03  -1.1564837e+02
   2.1800000e+02   5.9942083e+01
   5.4000000e+01  -9.9469552e+01
   7.9900000e+02  -4.2113620e+01
   1.0500000e+02  -1.0149885e+02
   3.6000000e+01   1.4538037e+01
   7.5400000e+02   3.3685514e+01
   4.5000000e+01   5.6276648e+01
   2.5000000e+01  -7.5762478e+01
   2.6000000e+01   2.8739107e+01
   3.6400000e+02  -2.0472857e+01
   2.6000000e+01  -9.8857171e+01
   2.1000000e+01   1.3122474e+01
   2.2000000e+01  -1.1532955e+02
   2.2000000e+01   1.8690088e+01
   2.1000000e+01  -5.9428200e+01
   3.1300000e+02  -3.3465055e+00
   1.7400000e+02  -5.0501272e+01
   2.8900000e+02  -7.9122033e+01
