   1.8100000e+02   5.9991954e+01
   9.0000000e+01  -9.7470306e+01
   2.0000000e+01   2.2228847e+01
   1.3000000e+02  -8.7455925e+01
   6.9200000e+02   4.7372630e+01
   9.6900000e+02  -6.4278846e+01
   2.1300000e+02   3.7275148e+01
   3.1000000e+01  -1.0173894e+02
   2.2000000e+01  -1.8404152e+01
   4.3000000e+01  -1.1436475e+02
   2.0300000e+02  -5.5214352e+01
   5.8100000e+02  -1.0529822e+02
   1.4400000e+02   4.5687058e+01
   8.0000000e+01  -8.9968150e+01
   6.3500000e+02   1.1555155e+01
   6.1200000e+02  -5.5260503e+01
   1.0500000e+02  -9.7308365e+01
   4.2600000e+02  -1.8967473e+01
   3.2200000e+02   4.7063535e+01
   2.3200000e+02  -4.8221859e+01
   2.7000000e+01  -1.0089612e+02
   7.9000000e+01   4.6476752e+01
   2.9000000e+01  -9.6058317e+01
   4.5000000e+01  -3.9992372e+01
   1.6200000e+02   1.3490702e+01
   2.6900000e+02  -7.4794942e+01
   2.0000000e+01  -5.1775271e+01
   3.6000000e+01   3.8980532e+00
   5.1000000e+01  -1.1481773e+02
   2.8100000e+02  -4.2831215e+01
   1.7600000e+02   5.1699026e+01
   2.6100000e+02  -6.1025925e+01
   2.0000000e+01   2.3994073e+01
   4.0000000e+01  -9.7781668e+01
   1.7000000e+02   5.9740768e+01
   2.0000000e+01  -1.0179442e+02
   1.3600000e+02   3.9620760e+01
   2.2000000e+01  -2.8144271e+01
   2.7000000e+01  -1.1483278e+02
   4.5000000e+01  -1.3361538e+01
   1.1200000e+02  -5.2388980e+01
   2.2400000e+02  -8.2347578e+01
   4.2800000e+02   5.9706767e+01
   9.0000000e+01  -7.4559544e+01
   5.0600000e+02   8.8153295e+00
   3.4000000e+01  -9.2669490e+01
   6.3000000e+01   1.4598057e+01
   2.0000000e+01  -7.6026080e+01
   3.4900000e+02  -2.2396061e+01
   4.0000000e+02  -8.2901709e+01
   7.2600000e+02   2.3594573e+01
   2.7000000e+01  -1.1825419e+02
   2.1000000e+01  -1.9585552e+01
   2.1000000e+01  -1.0422498e+02
   2.4000000e+01   5.3127821e+00
   9.0000000e+01  -7.4382223e+01
   2.1000000e+01  -2.7110436e+00
