   7.2300000e+02   5.5942372e+01
   8.8200000e+02  -5.2886437e+01
   1.7300000e+02  -1.1537211e+02
   5.1000000e+01   9.7209600e+00
   4.0600000e+02   5.3906452e+01
   2.1200000e+02  -9.7022774e+01
   1.8700000e+02   5.4003712e+01
   2.9000000e+01  -2.6535849e+01
   4.0100000e+02  -8.2501107e+01
   3.8900000e+02   3.7109141e+01
   6.0000000e+01  -9.7790379e+01
   2.0400000e+02   5.7074665e-01
   2.3000000e+01  -8.7138592e+01
   1.1200000e+02   4.9814095e+01
   5.4800000e+02  -7.4864634e+01
   2.3700000e+02   1.3389801e+01
   3.3200000e+02   1.9041382e+01
   5.6600000e+02  -6.7518118e+01
   6.0000000e+02   3.7353253e+01
   5.6600000e+02  -5.2452527e+01
   2.0000000e+01  -1.6234595e+01
   4.2000000e+01  -1.0309655e+02
   3.0000000e+01   2.0236078e+01
   2.1000000e+01  -1.0009115e+02
   2.6000000e+01  -5.0258484e+01
   4.0800000e+02  -5.6948880e+01
   2.1000000e+01  -1.0455909e+02
   8.1600000e+02   3.5528820e+01
   8.5000000e+01  -1.0283397e+02
   1.1600000e+02  -9.3388500e+00
   1.0200000e+02   4.6793592e+01
   5.4000000e+01  -8.4597124e+01
   4.4900000e+02   3.4811533e+01
   1.6390000e+03  -4.2257351e+01
   4.8000000e+01  -9.7284528e+01
   8.1100000e+02  -2.3104790e+01
   5.8000000e+01  -9.7165742e+01
   4.6000000e+01  -3.3388472e+01
   6.0000000e+01   5.2298647e+01
   2.8300000e+02   4.5300646e+01
   4.4000000e+01  -1.0097987e+02
   3.0100000e+02  -1.7512414e+01
   8.0000000e+01   2.5397202e+01
   4.1000000e+01  -9.7572653e+01
   4.2300000e+02  -4.3703104e+01
   4.7800000e+02   4.3377041e+01
   2.5200000e+02  -6.9944141e+01
   8.6400000e+02   3.1171691e+01
   9.8000000e+01   1.6326149e+01
   4.7000000e+01  -7.5632433e+01
   3.3900000e+02   5.1913264e+01
   2.3000000e+01  -1.1665419e+02
   3.0000000e+01   5.4751458e+01
   2.3000000e+01  -2.9197020e+01
   1.8900000e+02   5.2328385e+01
   4.6000000e+01  -1.0376794e+02
   4.5200000e+02   3.8254268e+01
