   2.5000000e+01  -5.0125341e+01
   3.5800000e+02   5.7633801e+01
   3.0800000e+02  -9.7011112e+01
   1.3400000e+02   5.9978106e+01
   1.8800000e+02  -6.7820761e+01
   1.0000000e+02  -1.1351245e+02
   1.3200000e+02   5.9957688e+01
   2.0000000e+01  -4.6480940e+01
   4.0000000e+02  -8.2485858e+01
   3.3600000e+02   5.7884714e+01
   5.3900000e+02  -7.3757383e+01
   4.4400000e+02  -1.0999615e+02
   3.7000000e+02   4.5566581e+01
   5.1000000e+01  -1.0108289e+02
   2.6700000e+02   7.3123366e+00
   1.1300000e+02  -6.7150872e+01
   2.5000000e+01  -1.0744403e+02
   2.4000000e+01  -4.8830478e+01
   1.8200000e+02   3.6862092e+01
   2.4000000e+01  -8.6587879e+01
   2.0000000e+01  -9.3771153e+00
   4.2700000e+02  -5.0978140e+01
   2.2900000e+02  -2.9529049e+01
   4.2000000e+02  -6.9760055e+01
   5.4000000e+01   5.2387196e+01
   3.1000000e+01  -1.0494567e+02
   2.2300000e+02  -2.6619142e+01
   2.9000000e+01  -1.0962035e+02
   6.1300000e+02   3.7497073e+01
   7.2700000e+02  -4.5360560e+01
   2.1000000e+01   1.9932208e+01
   3.3000000e+01  -1.0675062e+02
   2.0000000e+01   5.9587069e+01
   2.4000000e+01  -9.7382295e+01
   2.8000000e+01  -5.6469629e+00
   2.0000000e+01  -8.6936794e+01
   6.9200000e+02   3.2429541e+01
   4.2000000e+01  -2.4959165e+01
   3.4000000e+01  -2.2039745e+00
   4.3000000e+01  -9.8173457e+01
   3.8000000e+01   4.0007864e+00
   3.7300000e+02  -5.3984542e+01
   4.2000000e+01  -1.0262141e+02
   9.0700000e+02   2.3123419e+00
   2.7900000e+02  -9.8647246e+01
   9.7100000e+02   4.5244646e+01
   1.5400000e+02  -9.7031186e+01
   8.5100000e+02  -3.8247471e+01
   4.4400000e+02  -4.7377884e+01
   3.2000000e+01  -9.9844064e+01
   4.2000000e+01  -1.9942873e+01
   5.0000000e+01   2.3250186e+01
   8.8000000e+01   2.8648464e+01
   2.0000000e+01  -7.6200814e+01
   5.2200000e+02   5.5209244e+01
   6.1000000e+01  -8.0983198e+01
   2.8100000e+02  -1.7564647e+01
