   1.4000000e+02   5.7771129e+01
   1.1200000e+02  -2.4857347e+01
   1.5000000e+02  -1.1184441e+02
   2.6000000e+01  -1.0535778e+02
   9.6000000e+01   5.9604117e+01
   1.1000000e+02  -9.7279100e+01
   2.4000000e+02   5.3241542e+01
   9.8000000e+01  -9.7224181e+01
   8.0000000e+01  -1.2180410e+01
   3.3000000e+01  -9.7766284e+01
   6.3000000e+01   6.1421014e+00
   1.0100000e+02  -9.6435983e+01
   6.0000000e+01   5.9174557e+01
   2.3000000e+01  -1.0541276e+02
   1.0500000e+02  -3.6178573e+01
   1.7900000e+02   3.2516203e+01
   4.1600000e+02  -7.4933155e+01
   1.3200000e+02  -2.4116357e+01
   5.8000000e+01  -7.3827328e+01
   1.9900000e+02  -7.6963166e+00
   2.0000000e+01  -1.0674256e+02
   2.2300000e+02   3.3394097e+01
   5.3000000e+01  -9.6046356e+01
   4.6000000e+01  -4.2742163e+01
   2.0000000e+01  -1.0024993e+02
   1.1800000e+02   3.6363155e+01
   2.7000000e+01  -6.6982480e+01
   1.4600000e+02   5.5997562e+01
   8.1000000e+01  -7.0099871e+01
   2.2600000e+02  -3.7925241e+01
   6.5000000e+01   5.8741973e+01
   2.1000000e+01  -1.0077397e+02
   2.0000000e+01  -1.2995968e+01
   2.1000000e+01   2.9602620e+01
   2.3000000e+01  -1.1476215e+02
   2.4000000e+01   2.3238565e+01
   2.0000000e+01  -1.0478629e+02
   6.5000000e+01   9.1121259e+00
   2.4500000e+02  -8.1643271e+01
   2.0000000e+01  -4.1699396e+01
   2.3000000e+01  -1.1208833e+02
   2.1000000e+01  -3.9606694e+01
   2.4800000e+02   4.6510965e+01
   1.5400000e+02  -7.4513141e+01
   2.5000000e+02   1.6718135e+00
   2.3000000e+01   4.1764712e+01
   2.0000000e+01  -9.4693078e+01
   2.1000000e+01  -1.1599444e+01
   6.9000000e+01  -7.3442492e+01
   2.3000000e+01  -3.0973089e+01
   2.1000000e+01  -5.9977186e+01
   1.6500000e+02   3.9243106e+01
   1.1300000e+02  -5.1258524e+01
   2.4400000e+02   9.9469689e+00
   2.1000000e+01  -9.6359696e+01
   4.8000000e+01   5.6169054e+01
   2.0000000e+01  -8.5699002e+01
