   3.9000000e+02   4.5797368e+01
   7.4000000e+01  -4.5320528e+01
   8.5000000e+02  -9.6627538e+01
   2.8200000e+02   5.8317475e+01
   7.6200000e+02  -7.0194644e+01
   3.6400000e+02  -1.0904253e+02
   9.2800000e+02   1.9464050e+01
   3.6000000e+01  -1.1537396e+02
   1.2900000e+02  -1.9426954e+01
   2.4300000e+02  -7.4310260e+01
   9.4400000e+02   4.7639719e+01
   8.5900000e+02  -7.5475326e+01
   4.8800000e+02   3.5207445e+01
   6.2000000e+01  -9.8974620e+01
   6.9000000e+01  -8.1963174e+01
   1.6900000e+02   4.8843576e+01
   3.4800000e+02  -6.8681809e+01
   2.5000000e+01  -3.7267684e+01
   2.4000000e+01  -2.1917480e+01
   2.4000000e+01  -1.0470347e+02
   2.0000000e+01  -1.5518309e+00
   7.0000000e+01  -9.0761454e+01
   3.6000000e+02   4.1749065e+01
   8.2100000e+02  -1.0726960e+02
   6.0800000e+02   3.4659490e+01
   1.1700000e+02  -8.5687837e+01
   1.1900000e+02  -4.2194222e+00
   5.7000000e+01  -8.5784699e+01
   7.7600000e+02  -1.9003511e+01
   5.6600000e+02  -6.5002538e+01
   2.0000000e+01  -1.0137812e+02
   1.4000000e+02   4.6212993e+01
   3.0000000e+01  -5.7277108e+01
   2.0000000e+02   5.1620507e+01
   3.4700000e+02  -2.9505130e+01
   3.8000000e+01   3.4891748e+01
   8.5000000e+01  -8.7000511e+01
   2.0000000e+01  -2.2514679e+01
   2.0000000e+01  -4.9203848e+01
   5.5000000e+01   2.4141312e+01
   1.3400000e+02  -4.6408715e+00
   2.7500000e+02  -9.7477205e+01
   5.0300000e+02   4.2545470e+01
   2.4200000e+02  -6.6794340e+01
   1.9800000e+02  -4.3700172e+00
   2.8000000e+01  -1.1667744e+02
   2.1000000e+01  -4.1848873e+01
   2.0000000e+01  -1.1323116e+02
   3.5700000e+02   2.2645012e+01
   2.0000000e+01  -5.0959886e+01
   2.9000000e+01   1.9363710e+01
   7.4000000e+01  -1.0322378e+02
   2.0000000e+01  -5.0891537e+01
   2.9000000e+01   4.6419626e+01
   1.0300000e+02  -9.1714686e+01
   9.9000000e+01  -8.8526363e+00
   6.2000000e+01  -7.3503768e+01
