   1.4400000e+02   5.9989936e+01
   1.3300000e+02  -7.9779919e+01
   7.6000000e+01  -1.1774995e+02
   1.3600000e+02   5.9733010e+01
   3.8500000e+02  -6.8813059e+01
   1.5500000e+02  -9.7095648e+01
   2.0000000e+02   5.9961658e+01
   1.1800000e+02  -9.7229582e+01
   4.2100000e+02  -4.2532140e+01
   2.0000000e+01  -1.0584885e+02
   1.2700000e+02   5.8877276e+01
   5.6500000e+02  -5.2480698e+01
   1.8100000e+02   2.0237577e+01
   1.9000000e+02  -7.1208890e+01
   6.9300000e+02   4.6097766e+01
   9.3000000e+01  -7.4947550e+01
   4.0000000e+01  -1.2232010e+01
   1.1500000e+02  -1.1341797e+02
   9.2000000e+01   4.7736047e+01
   4.1400000e+02  -5.6336502e+01
   1.4600000e+02  -8.8981573e+01
   2.3200000e+02   3.2323855e+01
   2.4000000e+01  -9.9666141e+01
   6.3600000e+02  -1.8065596e+01
   8.7000000e+01  -9.1176020e+01
   2.6000000e+01  -5.1369233e+01
   4.0000000e+01  -7.3211860e+01
   2.2600000e+02  -3.0612427e+01
   8.8000000e+01  -6.6552919e+01
   1.4200000e+02  -1.0517826e+02
   2.5800000e+02   3.9976397e+01
   5.1000000e+01  -8.9931655e+01
   4.6000000e+02   9.7642646e+00
   8.7000000e+01  -4.8345366e+01
   3.5000000e+01  -1.0650007e+02
   4.2300000e+02  -7.0116616e+01
   1.0150000e+03   4.5389766e+01
   1.1200000e+02  -7.2429053e+01
   4.2000000e+01   4.3372852e+01
   1.4700000e+02  -5.8332041e+01
   2.0000000e+01   1.3935203e+01
   2.0000000e+01  -1.1194265e+02
   3.6000000e+01  -1.2556589e+01
   3.5000000e+01  -8.3554374e+01
   2.5000000e+01   3.1271015e+01
   1.2400000e+02  -4.2085389e+01
   4.9000000e+01  -1.0505342e+02
   1.2600000e+02   4.2830538e+00
   1.6500000e+02  -6.8822578e+01
   2.7000000e+01  -8.3295824e+01
   2.0000000e+01   2.0925148e+00
   4.3900000e+02   5.8410621e+01
   2.5900000e+02  -4.8159654e+01
   4.6100000e+02  -1.2887908e+01
   2.9000000e+01  -1.0018554e+02
   2.4000000e+01  -2.6681522e+01
   2.0000000e+01  -7.6417590e+01
