   3.0700000e+02   4.9086959e+01
   1.0600000e+02  -7.9965931e+01
   7.8000000e+01  -1.1790188e+02
   1.3600000e+02   5.9788175e+01
   2.6300000e+02  -6.9219279e+01
   1.2800000e+02  -9.7066722e+01
   1.5180000e+03   3.5211304e+01
   6.3000000e+01  -9.5147446e+01
   3.4400000e+02  -3.9125747e+01
   1.1300000e+02  -8.3027922e+01
   1.9900000e+02  -2.1887076e+01
   9.7000000e+01  -1.0442840e+02
   1.6000000e+02   5.9880393e+01
   2.4000000e+01  -4.8835972e+01
   6.8900000e+02  -7.4126752e+01
   7.2500000e+02   1.4602746e+01
   2.3300000e+02  -6.4542183e+01
   3.3000000e+02  -8.9367122e+01
   4.5900000e+02   4.3270666e+01
   4.3200000e+02  -2.1626859e+01
   1.0400000e+02  -1.1924169e+02
   1.9300000e+02   4.1560909e+01
   7.5100000e+02  -5.2358009e+01
   8.4300000e+02  -1.0982198e+02
   2.8000000e+02   4.0287463e+01
   2.8000000e+01  -1.0357271e+02
   2.1000000e+01   4.3564897e+01
   2.5700000e+02   4.8257749e+01
   3.1000000e+01  -9.9293021e+01
   9.2700000e+02  -8.3652472e+00
   7.3000000e+01  -9.7435111e+01
   2.0000000e+01  -4.9504889e+00
   1.7800000e+02  -5.6910164e+01
   5.5000000e+01   2.0752797e+01
   4.2000000e+01  -8.3810631e+01
   2.2000000e+01   5.1316339e+01
   3.7000000e+01  -9.8825478e+01
   2.4000000e+01  -2.6965258e+01
   1.1300000e+02  -8.1279936e+01
   2.2000000e+01  -2.0756374e+01
   2.0000000e+01  -1.0046649e+02
   2.7000000e+01  -4.2996151e+01
   2.4200000e+02   5.9631770e+01
   2.5000000e+01  -1.1451068e+02
   2.9000000e+01  -1.3375577e+00
   8.0000000e+01   3.9602804e+00
   2.3000000e+01  -6.2807880e+01
   2.0400000e+02   3.6232972e+01
   3.1000000e+01  -1.1954449e+02
   2.4000000e+01  -4.4952691e+01
   2.6800000e+02  -6.9349877e+01
   8.6000000e+02   2.6827357e+01
   4.0000000e+01  -8.6609051e+01
   1.9200000e+02   4.9549195e+00
   2.0000000e+01  -1.0155669e+02
   2.4000000e+01  -2.1866179e+01
   2.9000000e+01   2.3563128e+01
