   2.9000000e+02   4.9886493e+01
   1.0700000e+02  -7.9372318e+01
   7.9000000e+01  -1.1775057e+02
   1.0500000e+02  -6.4781583e+01
   3.2200000e+02   5.6763448e+01
   2.7300000e+02  -9.7019284e+01
   6.9200000e+02   4.4759308e+01
   2.7100000e+02  -7.4763168e+01
   7.2200000e+02  -5.8949482e+01
   6.1900000e+02   1.5049673e+01
   3.4000000e+01  -9.8209677e+01
   4.0300000e+02  -3.4662044e+01
   3.6200000e+02  -1.0366154e+02
   1.8700000e+02   4.5067206e+01
   4.2300000e+02  -7.8777275e+01
   2.5000000e+02   4.3329873e+01
   2.6000000e+01  -7.4080733e+01
   4.6000000e+02  -2.1072569e+00
   1.0000000e+02  -1.0064023e+02
   1.8700000e+02   2.0390146e+01
   1.3800000e+02  -9.1198939e+01
   6.0400000e+02   3.7483173e+01
   3.1700000e+02  -4.9321638e+01
   5.6000000e+01   3.7062265e+01
   5.9000000e+01  -9.9205611e+01
   8.6300000e+02   2.0975671e+01
   6.7700000e+02  -7.2378313e+01
   1.8700000e+02   7.4742288e-01
   2.4000000e+01  -9.9682974e+01
   2.3800000e+02  -3.0219919e+01
   7.0700000e+02   4.1784299e+01
   3.4000000e+01  -9.7802834e+01
   2.2000000e+01  -2.3567077e+01
   5.4100000e+02  -5.2474007e+01
   2.2000000e+01  -2.6249296e+01
   4.6900000e+02  -5.7132154e+01
   4.2800000e+02   5.5744433e+01
   8.7000000e+01  -1.0468631e+02
   9.1400000e+02   4.7055586e+01
   3.2000000e+01  -8.6679507e+01
   4.1000000e+01  -2.6595274e+01
   8.5000000e+01   1.4231996e+01
   5.2000000e+01  -1.0534589e+02
   2.4300000e+02  -7.3490397e+00
   5.3600000e+02  -5.1907313e+01
   1.2580000e+03   1.3659329e+01
   2.9000000e+01  -8.6216529e+01
   1.0500000e+02   4.1441296e+01
   1.5600000e+02   5.5853460e+01
   2.0000000e+01  -8.9178504e+01
   2.1000000e+01   1.0116676e+01
   2.4000000e+01  -1.1932926e+02
   3.2000000e+01  -2.7096966e+01
   2.0500000e+02   2.4193273e+00
   3.1000000e+01  -1.0525757e+02
   2.1000000e+01  -2.3467404e+01
   4.5500000e+02  -9.7396671e+01
