   1.7000000e+02   5.7494762e+01
   3.2200000e+02  -8.6733209e+01
   2.0000000e+01  -1.2912106e+01
   1.2300000e+02   5.9972090e+01
   1.7100000e+02  -6.8772326e+01
   8.9000000e+01  -1.1594437e+02
   1.4100000e+02   5.9103710e+01
   2.6500000e+02  -5.2466147e+01
   3.6500000e+02  -8.2014123e+01
   1.5000000e+02   5.9935022e+01
   2.9700000e+02  -7.4893757e+01
   2.3000000e+01  -2.7813895e+01
   1.0000000e+02  -9.9333736e+01
   4.3800000e+02   2.7221707e+01
   3.6600000e+02  -9.2497164e+01
   1.0210000e+03   4.8182719e+01
   8.9000000e+01  -9.7390762e+01
   3.0570000e+03  -4.5188167e+01
   6.8400000e+02   2.4828986e+01
   9.0200000e+02  -6.1203917e+01
   8.4000000e+01  -1.0895368e+02
   1.1700000e+02   4.6095714e+01
   6.5900000e+02  -5.2532741e+01
   1.9300000e+02   5.8445533e+01
   5.1000000e+02  -2.9132790e+01
   4.6000000e+01  -9.8018566e+01
   2.1000000e+01  -2.0419293e+01
   2.2000000e+01  -1.1864619e+02
   1.2100000e+02  -7.4684839e+01
   2.0000000e+01  -2.2483529e+01
   3.6000000e+01   5.1325556e+01
   2.1000000e+01  -8.8414995e+01
   2.0000000e+01  -9.0668578e-01
   5.8000000e+01  -9.0102926e+01
   5.3900000e+02   2.5616006e+01
   8.0000000e+01  -4.1724096e+01
   2.5000000e+01   5.6566839e+01
   2.0000000e+01  -1.1928122e+02
   2.0000000e+01   5.7416049e+01
   2.5000000e+01  -1.0158208e+02
   2.4200000e+02   3.2888779e+01
   9.3900000e+02  -9.7093182e+01
   3.9100000e+02   5.8331701e+01
   8.4000000e+01  -1.1459144e+02
   6.0600000e+02  -5.0047853e+01
   4.5200000e+02   5.4158697e+01
   1.0800000e+02  -9.2566659e+01
   8.7000000e+02  -1.5753223e+00
   1.5500000e+02   5.9747493e+01
   2.2000000e+01  -8.8091723e+01
   2.4000000e+01   8.9577764e+00
   3.1000000e+01  -1.9874232e+01
   3.0000000e+01  -1.0590634e+02
   2.0000000e+01   3.7374454e+01
   2.6800000e+02  -3.8960139e+01
   3.6000000e+01  -1.1303725e+02
   5.8300000e+02  -3.2550508e+00
