   9.0000000e+01  -6.3320355e+01
   4.0300000e+02   5.7984652e+01
   2.4800000e+02  -9.7022689e+01
   1.2900000e+02   5.9875108e+01
   3.0600000e+02  -5.5373313e+01
   8.5000000e+01  -1.1724600e+02
   2.0000000e+01  -8.9130418e+01
   2.1000000e+01   5.0650297e+00
   2.0000000e+01   3.1224862e+01
   1.3200000e+02   5.6442980e+01
   2.7200000e+02  -8.1062845e+01
   2.7000000e+01  -3.6891191e+01
   2.0600000e+02  -7.0404391e+01
   4.6700000e+02   4.2730959e+01
   1.5790000e+03  -7.2840232e+01
   1.3900000e+02   5.9834250e+01
   2.7900000e+02  -5.0795055e+01
   3.5000000e+01  -2.9258993e+01
   2.7400000e+02  -6.9493962e+01
   2.1000000e+01   4.1437320e+01
   2.0000000e+01  -9.7996707e+01
   1.3200000e+02  -6.9877852e-01
   2.9000000e+02  -5.6898389e+01
   1.8400000e+02  -1.0256266e+02
   6.5000000e+01   5.3944590e+01
   2.3200000e+02  -8.2347550e+01
   2.1000000e+01  -4.6185154e+01
   2.1000000e+01  -4.6903660e+01
   2.4000000e+01  -1.0315217e+02
   2.0000000e+01  -2.6990865e+01
   6.7000000e+01   5.7333814e+01
   2.3000000e+01  -3.4126627e+01
   2.0000000e+01  -7.5713515e+01
   2.0000000e+01  -2.0763937e+01
   1.0200000e+02  -7.4317460e+01
   3.9000000e+01  -4.0704382e+01
   1.9700000e+02  -9.3070724e+01
   2.3300000e+02   5.1892602e+01
   4.6000000e+01   5.2352583e+01
   3.0100000e+02  -2.8757969e+01
   7.1000000e+01  -9.9743887e+01
   4.7000000e+01   2.4249021e+01
   3.1000000e+01  -1.0122317e+02
   5.7000000e+02  -2.7481133e+01
   4.0000000e+01  -8.1077677e+01
   6.7100000e+02   2.5550252e+01
   8.8400000e+02  -4.8338824e+01
   1.4600000e+02  -1.0554943e+02
   4.2000000e+01   4.4412466e+01
   1.1500000e+02  -6.0956460e+01
   1.8800000e+02  -9.0825596e+01
   1.1100000e+02   5.9950210e+01
   2.0000000e+01  -1.0159574e+02
   1.0900000e+02   6.7125194e-01
   3.1000000e+01  -1.1934100e+02
   2.0000000e+01  -1.4634153e+01
   2.0000000e+01   4.6391506e+01
