   3.6000000e+01  -1.4494820e+01
   8.5300000e+02   4.6279203e+01
   2.4000000e+02  -9.7015975e+01
   2.1200000e+02   5.9970136e+01
   2.2100000e+02  -7.4963783e+01
   5.8900000e+02  -4.2743446e+01
   2.1000000e+01  -1.0857740e+02
   3.2000000e+01  -5.3114920e+01
   6.5000000e+01  -1.1647595e+02
   6.1000000e+01  -1.0187934e+01
   5.6400000e+02   3.7417794e+01
   3.8400000e+02  -7.9514879e+01
   2.3900000e+02   4.7230806e+01
   7.4000000e+01  -1.0454592e+02
   3.2700000e+02  -4.3458621e+01
   8.1500000e+02   4.8982002e+01
   6.2100000e+02  -5.1898347e+01
   6.8000000e+02  -6.9904385e+01
   1.0920000e+03   1.6257721e+01
   3.3000000e+01  -9.9040640e+01
   4.5000000e+01   8.0112309e+00
   7.0000000e+01  -8.8357771e+01
   1.5600000e+02  -1.1163210e+01
   4.3000000e+01  -8.4937084e+01
   4.1500000e+02   3.7171363e+01
   6.5900000e+02  -4.2718859e+01
   3.0900000e+02  -8.2166066e+01
   8.0600000e+02   8.4148477e+00
   2.1700000e+02  -6.3683856e+01
   6.2800000e+02  -4.4666803e+01
   9.1000000e+01  -6.7778688e+01
   2.2000000e+01  -5.2363767e+01
   2.0000000e+01  -1.0971319e+02
   2.0000000e+01  -1.6826547e+01
   2.0000000e+01  -1.0325934e+02
   2.0000000e+01  -4.6349201e+01
   1.0300000e+02  -5.8230044e+01
   1.3400000e+02   5.8942741e+01
   2.8900000e+02  -5.3020901e+01
   2.1000000e+01  -2.3655373e+01
   2.2000000e+01  -3.1050970e+00
   2.0000000e+01  -1.1252918e+02
   1.0000000e+02   1.6940561e+01
   2.0000000e+01  -1.0340730e+02
   2.3000000e+01   5.8052685e+01
   3.2000000e+01  -9.4683148e+01
   2.0000000e+01   2.0990486e+01
   2.0000000e+01   1.2298957e+01
   1.6700000e+02  -7.3200928e+01
   2.0000000e+01  -9.7417756e-01
   2.0000000e+01  -3.2524920e+01
   2.6600000e+02   5.5149393e+01
   2.0000000e+01  -9.0400594e+01
   4.6000000e+01   3.1945507e+00
   3.0000000e+01  -9.3580182e+01
   2.3800000e+02   5.0445271e+01
   2.0000000e+01  -1.0120363e+02
