   1.4600000e+02   5.9733270e+01
   1.2400000e+02  -8.1086830e+01
   2.7200000e+02  -1.0679793e+02
   2.0600000e+02   5.9995147e+01
   1.0600000e+02  -9.5074332e+01
   2.0000000e+01  -1.8157826e+01
   3.1000000e+01  -1.1635290e+02
   3.8100000e+02  -6.1757107e+00
   6.4900000e+02  -9.0188840e+01
   2.3500000e+02   5.9661619e+01
   5.8300000e+02  -7.4943040e+01
   2.3800000e+02  -4.1533444e+01
   2.6000000e+01  -1.0033967e+02
   1.0500000e+02   5.8204268e+01
   7.6900000e+02  -6.9363759e+01
   2.9800000e+02   3.4074269e+01
   4.5500000e+02  -7.6639545e+01
   8.3000000e+01  -1.6220751e+01
   2.1000000e+01  -1.0075026e+02
   6.1000000e+02   3.7477351e+01
   1.3500000e+02  -4.7075567e+01
   2.2300000e+02  -2.6437867e+01
   9.7000000e+01  -9.9125096e+01
   2.4900000e+02   4.1176476e+01
   2.3000000e+01  -1.1614110e+02
   2.0000000e+01   2.9724518e+01
   2.4000000e+01  -5.9255094e+01
   6.0400000e+02   1.3470683e+01
   2.7000000e+01  -6.1311974e+01
   3.2000000e+01  -4.1163935e+01
   2.0000000e+01  -1.1439188e+02
   4.0000000e+01  -3.8487552e+01
   2.4000000e+01   5.9852481e+01
   4.7000000e+01   5.7105503e+01
   4.4000000e+01  -9.7280789e+01
   5.5000000e+01  -1.0158318e+01
   4.7000000e+01  -9.7483313e+01
   1.2400000e+02   6.0211113e+00
   1.7700000e+02   3.2639484e+01
   3.5500000e+02   4.7388966e+01
   3.7000000e+01  -9.7573332e+01
   2.1000000e+01   5.4816487e+01
   1.6600000e+02  -4.1122758e+01
   2.1000000e+01  -8.6513699e+01
   2.4000000e+01  -2.6153812e+01
   2.8800000e+02   4.7276049e+01
   2.0000000e+01  -1.0703493e+02
   2.1000000e+01   3.7304438e+01
   3.9000000e+01  -9.8893419e+01
   1.1600000e+02   5.5667026e+01
   2.6000000e+01  -2.5791137e+01
   3.6800000e+02   3.4486546e+01
   2.1000000e+01  -9.2131414e+01
   2.1000000e+01   1.4963596e+01
   2.0000000e+01  -1.1188625e+02
   2.3000000e+01  -2.4763625e+00
   2.4000000e+01  -7.3402495e+00
