   1.5000000e+02   5.9376537e+01
   9.9000000e+01  -8.1220972e+01
   1.0550000e+03  -1.1163053e+02
   2.2700000e+02   5.9854850e+01
   3.5000000e+02  -7.4979689e+01
   3.5000000e+01   5.4711262e+01
   1.4900000e+02  -6.9866587e+01
   1.0900000e+02   3.7083002e+01
   1.3700000e+02  -9.7200854e+01
   9.0700000e+02   3.8134015e+01
   1.0700000e+02  -8.3812235e+01
   9.2900000e+02  -3.6613233e+01
   5.2000000e+01  -1.1049252e+02
   4.0000000e+01   4.5193159e+01
   7.1000000e+01  -9.6854102e+01
   2.0700000e+02   2.9749598e+01
   5.8000000e+01  -1.0886142e+02
   6.6400000e+02   8.5434779e+00
   6.1000000e+01  -3.0477696e+01
   4.9000000e+01  -9.8670139e+01
   1.8600000e+02  -9.5121982e+00
   1.0400000e+02   5.7433724e+01
   8.9000000e+01  -6.1207403e+01
   2.0000000e+01   5.9354624e+01
   3.4000000e+01  -1.0218541e+02
   2.8900000e+02  -3.7694495e+01
   5.9200000e+02   4.8840998e+01
   3.0200000e+02  -4.5665973e+01
   2.8000000e+01   1.7404183e+01
   2.0000000e+01  -9.0751799e+01
   8.9100000e+02   4.8863993e+01
   1.6500000e+02  -9.7451847e+01
   6.5600000e+02   2.6969526e+01
   5.8000000e+01  -1.0343644e+02
   4.8000000e+01  -2.9815369e+01
   2.5100000e+02  -7.4961118e+01
   1.7600000e+02  -7.8284488e+00
   9.9000000e+01  -1.1412480e+02
   3.7000000e+01  -4.1954101e+00
   1.1600000e+02   4.9122357e+01
   3.7000000e+01  -8.7356792e+01
   3.5000000e+01   5.0885689e+00
   6.3200000e+02  -4.8969817e+01
   4.5000000e+01  -1.0124106e+02
   5.7000000e+01  -3.6686534e+01
   9.6000000e+01  -6.4565254e+01
   8.7000000e+01  -8.1011588e+01
   7.2000000e+01   3.8264866e+01
   1.8200000e+02   5.9911386e+01
   3.1000000e+01  -9.9281328e+01
   2.1000000e+01  -2.1093019e+01
   2.3000000e+01  -9.3739232e+01
   7.7000000e+02   2.5761803e+01
   2.3000000e+01  -2.6516167e+01
   9.9000000e+01  -4.4483320e+01
   4.4000000e+01  -1.0992259e+02
   8.3900000e+02   2.7238973e+01
