   9.8100000e+02   3.8156763e+01
   1.5000000e+02  -9.7022869e+01
   2.7200000e+02   5.5167383e+01
   1.0270000e+03  -6.0286972e+01
   2.2300000e+02   3.7276337e+01
   8.7000000e+01  -1.1659547e+02
   1.5900000e+02   5.3772405e+01
   9.3000000e+01  -8.0839294e+01
   2.0000000e+01   3.0406544e+01
   5.1000000e+01  -9.0611366e+01
   3.6000000e+01   1.3664050e+01
   2.6700000e+02  -8.0157957e+01
   2.3900000e+02   5.7904245e+01
   6.0000000e+01  -9.8792390e+01
   9.6700000e+02  -3.5716853e+01
   4.1300000e+02   2.1764007e+01
   3.6000000e+01  -7.3169200e+01
   1.1700000e+02   3.7938531e+01
   6.1500000e+02  -7.4577165e+01
   5.2200000e+02   3.9355889e+01
   3.1300000e+02  -9.8306731e+01
   1.3500000e+02   5.9971562e+01
   2.3000000e+01  -5.0039728e+01
   2.4000000e+01  -3.5877807e+00
   3.0400000e+02  -7.0890401e+01
   2.5000000e+01  -7.6065454e+00
   2.8500000e+02  -1.0806129e+02
   2.0000000e+01  -1.0265952e+02
   6.2000000e+01   4.4732565e+01
   2.0000000e+01  -1.0898548e+02
   1.8400000e+02   1.8948605e+01
   4.3000000e+01  -9.7439093e+01
   4.5100000e+02  -2.5475984e+01
   2.3000000e+01  -8.6705620e+01
   2.0000000e+01   6.9483541e+00
   2.0000000e+01   8.7549801e+00
   2.2000000e+01  -1.0425786e+02
   1.2900000e+02   5.9730522e+01
   3.2000000e+01  -2.5277915e+01
   1.2000000e+02  -1.0246612e+02
   7.2000000e+02  -1.7037730e+01
   1.9400000e+02  -6.7797573e+01
   1.0210000e+03   5.1793792e+01
   1.0700000e+02  -7.2308320e+01
   5.7600000e+02  -1.7755171e+01
   8.3800000e+02  -5.1005993e+01
   4.8200000e+02  -1.8895247e+01
   1.2300000e+02  -5.4076016e+01
   6.0000000e+01  -9.8928377e+01
   1.6000000e+02   7.1551248e+00
   5.8200000e+02   3.1835681e+01
   7.5000000e+01  -9.7663136e+01
   9.0000000e+01   5.9412483e+01
   6.3600000e+02  -3.7599828e+01
   6.8000000e+02  -8.7784316e+00
   1.0800000e+02  -9.7023325e+01
   4.2000000e+02  -4.0526804e+01
