   7.9200000e+02   2.6026637e+01
   2.7500000e+02             NaN
   9.1000000e+01  -1.0341553e+02
   9.7000000e+01             NaN
   1.6100000e+02   1.4438789e+01
   2.8000000e+01  -1.0852757e+02
   2.8000000e+01             NaN
   4.5100000e+02   5.0770295e+01
   2.4500000e+02             NaN
   1.2400000e+02  -8.9277757e+01
   3.2000000e+01   2.3661465e+01
   2.0000000e+01             NaN
   2.0000000e+01  -9.8601996e+01
   2.0000000e+01             NaN
   2.0000000e+01  -1.0366746e+01
   3.6000000e+01  -8.9225397e+01
   4.6000000e+01             NaN
   2.1000000e+01  -1.6516449e+01
   2.8000000e+01             NaN
   2.4000000e+01  -6.1485535e+01
   1.9200000e+02   4.9746345e+01
   2.1000000e+01             NaN
   5.7000000e+01  -1.1988109e+02
   2.5000000e+01             NaN
   2.4000000e+01  -6.8240284e+01
   8.7000000e+01  -1.0984632e+02
   2.0000000e+01             NaN
   9.1000000e+01   6.0200157e+00
   4.3000000e+01             NaN
   5.6000000e+01  -7.4183328e+01
   1.8200000e+02   5.9950557e+01
   2.0000000e+01             NaN
   2.4000000e+01  -8.9477893e+01
   2.3000000e+01             NaN
   2.0000000e+01   2.3016394e+01
   2.0000000e+01  -5.4683714e+01
   2.1000000e+01             NaN
   2.9000000e+01  -9.1198825e+01
   2.3000000e+01             NaN
   2.0000000e+01   1.1611990e+01
   2.2000000e+01  -9.2620845e+01
   2.2000000e+01             NaN
   2.0000000e+01  -7.5554394e+01
   2.0000000e+01             NaN
   2.0000000e+01  -8.1970578e+01
   8.2000000e+01   5.9629461e+01
   2.0000000e+01             NaN
   2.3000000e+01  -4.7279121e+01
   2.1000000e+01             NaN
   2.1000000e+01   4.7810550e+01
   2.1000000e+01  -1.1174664e+02
   2.1000000e+01             NaN
   2.7000000e+01  -9.3373973e+01
   2.1000000e+01             NaN
   2.1000000e+01  -6.5075124e+01
   2.0000000e+01  -5.8838639e+01
   2.0000000e+01             NaN
   2.0000000e+01   2.5783444e+01
   2.1000000e+01             NaN
   2.2000000e+01   3.2150009e+01
