   6.7800000e+02   2.8115872e+01
   8.5000000e+01             NaN
   2.0800000e+02  -9.3804621e+01
   1.4500000e+02             NaN
   5.9200000e+02   3.0350875e+01
   2.8000000e+01  -1.0792125e+02
   2.7000000e+01             NaN
   1.0300000e+02   5.5764180e+01
   4.8000000e+01             NaN
   7.5100000e+02  -8.7370917e+01
   5.8000000e+01   4.7775839e+01
   5.1000000e+01             NaN
   2.4000000e+01  -1.1953498e+02
   2.4000000e+01             NaN
   2.9400000e+02   5.9285042e+01
   5.9000000e+01  -8.9706178e+01
   2.0000000e+01             NaN
   2.0000000e+01   5.0665359e+01
   4.0000000e+01             NaN
   1.1200000e+02  -8.6600428e+01
   2.0000000e+01   1.5834158e+01
   2.2000000e+02             NaN
   2.2000000e+01  -1.0209654e+02
   8.9000000e+01             NaN
   2.4000000e+01   2.8019838e+01
   6.7000000e+01  -1.0187913e+02
   2.2000000e+01             NaN
   2.3000000e+01  -1.2590180e+01
   2.1000000e+01             NaN
   2.1000000e+01  -9.1577459e+01
   1.0700000e+02   5.9683030e+01
   1.2400000e+02             NaN
   2.0000000e+01  -5.5559588e+01
   2.3000000e+01             NaN
   2.2000000e+01  -1.2623576e+01
   7.0000000e+01  -8.5748593e+01
   2.2000000e+01             NaN
   2.2000000e+01  -2.5347318e+01
   2.3000000e+01             NaN
   2.0000000e+01  -9.9810809e+01
   7.8000000e+01   5.9848821e+01
   2.0000000e+01             NaN
   2.1000000e+01  -5.1171413e+01
   2.2000000e+01             NaN
   2.1000000e+01   5.8359339e+01
   8.5000000e+01  -1.1644686e+02
   4.6000000e+01             NaN
   2.0000000e+01   1.8918237e+01
   2.0000000e+01             NaN
   2.2000000e+01  -1.0939790e+02
   2.1000000e+01  -4.6936002e+00
   2.0000000e+01             NaN
   2.2000000e+01   4.8988275e+01
   2.0000000e+01             NaN
   2.1000000e+01   3.8803992e+01
   2.0000000e+01  -9.1203335e+01
   2.8000000e+01             NaN
   2.2000000e+01   2.5543080e+01
   3.9000000e+01             NaN
   2.0000000e+01  -4.9023587e+01
