   7.3700000e+02   2.9169883e+01
   9.0000000e+01             NaN
   7.3000000e+01  -1.0230794e+02
   6.2200000e+02             NaN
   9.6000000e+01   4.1547226e+01
   2.1000000e+01  -9.0624521e+01
   2.3000000e+01             NaN
   2.1000000e+01   1.8956026e+01
   3.9000000e+01             NaN
   2.0000000e+01  -1.0260172e+02
   1.2100000e+02   5.9519280e+01
   3.0000000e+01             NaN
   1.8000000e+02  -8.9261510e+01
   1.3700000e+02             NaN
   4.2000000e+01  -2.4898919e+01
   2.8000000e+01  -1.1800839e+02
   3.5000000e+01             NaN
   1.1200000e+02   5.8897848e+01
   9.1000000e+01             NaN
   5.7000000e+01  -5.6860895e+01
   1.8400000e+02   9.3017281e+00
   2.0000000e+01             NaN
   2.2000000e+01  -1.0167229e+02
   2.8000000e+01             NaN
   6.3800000e+02   1.1920543e+01
   9.0000000e+01  -1.1344408e+02
   2.0000000e+01             NaN
   2.8000000e+01  -2.3369951e+01
   2.2000000e+01             NaN
   2.4000000e+01  -1.0474479e+02
   4.1000000e+01   5.5684946e+01
   2.0000000e+01             NaN
   3.2000000e+01  -1.0267413e+02
   2.3800000e+02             NaN
   5.5000000e+01  -5.1277096e+01
   2.2000000e+01  -1.0430979e+02
   2.1000000e+01             NaN
   2.0000000e+01   4.4709840e+01
   2.0000000e+01             NaN
   2.2000000e+01  -1.1441020e+02
   7.2000000e+01   5.9642533e+01
   2.7000000e+01             NaN
   2.3000000e+01  -7.5662047e+01
   2.1000000e+01             NaN
   2.1000000e+01   5.1600278e+01
   2.8000000e+01  -1.0747338e+02
   2.2000000e+01             NaN
   2.1000000e+01   3.3034441e+01
   2.2000000e+01             NaN
   3.4000000e+01   4.5995049e+01
   2.3000000e+01  -6.5986177e+01
   2.3000000e+01             NaN
   2.1000000e+01   3.0194301e+01
   2.0000000e+01             NaN
   2.0000000e+01  -1.1083524e+02
   2.3000000e+01   2.4729888e+01
   2.0000000e+01             NaN
   2.0000000e+01  -2.3084554e+01
   2.0000000e+01             NaN
   2.1000000e+01  -1.7955596e+01
