   5.7500000e+02   2.9944239e+01
   3.0000000e+02             NaN
   2.8700000e+02  -8.7325640e+01
   8.1000000e+01             NaN
   2.2000000e+01   4.3976811e+01
   3.8000000e+01  -9.5200630e+01
   2.1000000e+01             NaN
   1.3600000e+02   5.4742644e+01
   2.9100000e+02             NaN
   8.3000000e+01  -9.3711694e+01
   2.0000000e+01   3.7162711e+01
   3.6000000e+01             NaN
   3.5000000e+01  -9.5044853e+01
   1.1000000e+02             NaN
   2.0000000e+01   1.2180110e+01
   1.7600000e+02  -1.0206547e+02
   1.9300000e+02             NaN
   1.1200000e+02   2.0256384e+01
   2.6000000e+01             NaN
   5.8000000e+01  -9.9372872e+01
   2.0000000e+01  -2.9606182e+01
   3.2000000e+01             NaN
   1.2300000e+02   5.9951153e+01
   2.1000000e+01             NaN
   7.5000000e+02  -8.7555876e+01
   5.0000000e+01   5.9029307e+01
   2.0000000e+01             NaN
   2.1000000e+01  -9.0138287e+01
   4.1700000e+02             NaN
   2.0000000e+01  -2.2115771e+01
   2.1000000e+01  -8.3979199e+01
   2.3000000e+01             NaN
   4.8000000e+01   5.9793444e+01
   4.0000000e+01             NaN
   2.0000000e+01  -7.3854759e+01
   2.0000000e+01   5.8551446e+01
   2.2000000e+01             NaN
   2.0000000e+01  -1.0174286e+02
   2.0000000e+01             NaN
   2.1000000e+01   5.1133259e+01
   2.2000000e+01  -1.0996348e+02
   2.0000000e+01             NaN
   2.2000000e+01   3.3785453e+01
   2.2000000e+01             NaN
   2.0000000e+01   2.0723376e+01
   2.1000000e+01   2.4260046e+01
   2.0000000e+01             NaN
   2.0000000e+01  -4.8957555e+01
   2.0000000e+01             NaN
   2.0000000e+01   4.0383420e+01
   2.2000000e+01  -7.9961704e+01
   3.2000000e+01             NaN
   2.2000000e+01  -6.1116490e+01
   2.0000000e+01             NaN
   2.0000000e+01   2.0416518e+01
   2.1000000e+01  -2.3580362e+01
   2.2000000e+01             NaN
   2.0000000e+01   3.6539714e+00
   2.0000000e+01             NaN
   2.3000000e+01  -9.7509556e+01
