   6.6200000e+02   2.9796501e+01
   2.4300000e+02             NaN
   9.3000000e+01  -1.0355805e+02
   1.4100000e+02             NaN
   3.3000000e+02   8.7187645e+00
   1.1700000e+02   5.9469700e+01
   5.2000000e+01             NaN
   1.2200000e+02  -8.9718805e+01
   2.0000000e+01             NaN
   2.4000000e+01   3.3593757e+01
   3.5000000e+01  -9.4217317e+01
   2.6600000e+02             NaN
   7.8000000e+01   3.4013925e+01
   4.6500000e+02             NaN
   1.1100000e+02  -5.8471792e+01
   1.0500000e+02  -8.9706228e+01
   2.0000000e+01             NaN
   2.1000000e+01   3.5033204e+01
   2.4000000e+01             NaN
   2.3000000e+01  -1.1066243e+02
   8.2000000e+01   5.9636175e+01
   4.3800000e+02             NaN
   2.2000000e+01  -8.4261549e+01
   2.1000000e+01             NaN
   4.1600000e+02   5.8802370e+01
   7.6000000e+01  -1.1896411e+02
   2.0000000e+01             NaN
   2.7000000e+01   2.9468698e+01
   2.7000000e+01             NaN
   3.0000000e+01   4.6995282e+01
   4.7000000e+01  -1.1136698e+02
   1.4800000e+02             NaN
   2.5000000e+01   1.5781639e+01
   2.0000000e+01             NaN
   3.7000000e+01  -1.1227425e+02
   7.4000000e+01   5.9975710e+01
   2.3000000e+01             NaN
   2.0000000e+01  -1.1928172e+02
   2.0000000e+01             NaN
   6.3000000e+01  -1.0690779e+02
   2.6000000e+01  -1.1784291e+01
   2.2000000e+01             NaN
   2.1000000e+01  -1.0888888e+02
   2.2000000e+01             NaN
   2.1000000e+01  -9.8195296e+01
   4.6000000e+01   5.8950354e+01
   2.2000000e+01             NaN
   2.7000000e+01  -6.9325965e+01
   2.7000000e+01             NaN
   2.4000000e+01   2.1474428e+01
   2.1000000e+01  -9.0635728e+01
   2.0000000e+01             NaN
   2.0000000e+01  -4.3351059e+01
   2.0000000e+01             NaN
   2.0000000e+01  -8.3207895e+01
   2.0000000e+01   4.8800250e+01
   2.1000000e+01             NaN
   2.5000000e+01  -4.3485137e+01
   2.0000000e+01             NaN
   2.2000000e+01  -6.8191222e+01
