   6.9300000e+02   2.9936825e+01
   1.0600000e+02             NaN
   2.5600000e+02  -9.0886614e+01
   1.1600000e+02             NaN
   1.0200000e+02  -1.9008138e+01
   9.9000000e+01  -1.0481630e+02
   2.2000000e+01             NaN
   5.8800000e+02   4.3226909e+01
   9.3000000e+01             NaN
   1.2300000e+02  -8.9912410e+01
   9.6000000e+01   3.1725641e+01
   9.1000000e+01             NaN
   1.6000000e+02  -7.3162746e+01
   2.0000000e+01             NaN
   4.5200000e+02   3.1353065e+01
   5.5000000e+01  -1.1435079e+02
   2.8000000e+01             NaN
   5.8000000e+01   3.1629372e+01
   6.2400000e+02             NaN
   9.5000000e+01  -9.3194368e+01
   2.7000000e+01   5.2159651e+01
   2.2000000e+01             NaN
   2.0000000e+01  -9.7959956e+01
   6.1000000e+01             NaN
   1.2300000e+02   1.0405762e+01
   1.4300000e+02  -8.9227503e+01
   2.1000000e+01             NaN
   2.0000000e+01   3.1234319e-01
   2.3000000e+01             NaN
   2.0000000e+01  -6.2103886e+01
   9.7000000e+01   5.9512760e+01
   2.5100000e+02             NaN
   2.5000000e+01  -7.9952758e+01
   4.1600000e+02             NaN
   2.0000000e+01  -2.8560180e+01
   2.0000000e+01  -1.0759545e+02
   2.0000000e+01             NaN
   2.5000000e+01   3.7754616e+01
   2.0000000e+01             NaN
   3.0000000e+01  -6.2549731e+01
   2.2000000e+01   5.9111364e+01
   2.1000000e+01             NaN
   2.0000000e+01  -9.7517252e+01
   2.1000000e+01             NaN
   2.0000000e+01  -8.0509284e+01
   2.2000000e+01   3.3982538e+00
   2.7000000e+01             NaN
   2.0000000e+01  -4.8304131e+01
   2.1000000e+01             NaN
   2.1000000e+01   5.4566900e+01
   2.2000000e+01  -2.3424849e+01
   2.3000000e+01             NaN
   2.0000000e+01  -1.2266413e+01
   2.0000000e+01             NaN
   2.0000000e+01  -1.1249376e+01
   3.0000000e+01   5.9391362e+01
   2.5000000e+01             NaN
   2.0000000e+01  -7.9089666e+01
   3.9000000e+01             NaN
   3.1000000e+01   3.7613681e+01
