   1.4000000e+03   2.6847866e+01
   1.2100000e+02             NaN
   1.7200000e+02  -9.5755946e+01
   3.5600000e+02             NaN
   6.0000000e+01  -5.7524626e+00
   2.1000000e+01  -9.1286008e+01
   2.0000000e+01             NaN
   9.2000000e+01   5.0131807e+01
   3.1600000e+02             NaN
   5.2000000e+01  -8.8905206e+01
   8.9400000e+02  -5.2275360e+00
   3.5000000e+01             NaN
   1.2800000e+02  -1.0918295e+02
   1.9100000e+02             NaN
   6.6900000e+02   4.1645181e+01
   7.3000000e+01  -8.9749628e+01
   2.0000000e+01             NaN
   2.0000000e+01   4.8884620e+01
   9.7000000e+01             NaN
   1.7300000e+02  -1.1955525e+02
   2.2400000e+02   4.9041863e+01
   7.6700000e+02             NaN
   4.1000000e+01  -9.7180947e+01
   2.0000000e+01             NaN
   5.1000000e+01   3.9233193e+01
   3.0000000e+01  -1.1343217e+02
   2.4000000e+01             NaN
   2.0000000e+01   4.2653245e+01
   2.0000000e+01             NaN
   2.0000000e+01  -7.4567275e+01
   2.4000000e+01   5.8042731e+01
   2.0000000e+01             NaN
   2.1000000e+01  -1.0359455e+02
   2.0000000e+01             NaN
   2.0000000e+01  -5.6834609e+01
   7.6000000e+01   5.9985810e+01
   2.2400000e+02             NaN
   2.1000000e+01  -6.8584725e+01
   2.1000000e+01             NaN
   2.0000000e+01  -5.1365264e+00
   1.6400000e+02  -1.0434170e+02
   2.0000000e+01             NaN
   2.0000000e+01   2.3060532e+01
   2.4000000e+01             NaN
   3.0300000e+02  -1.0620404e+02
   2.2000000e+01  -1.6097376e+01
   2.1000000e+01             NaN
   2.0000000e+01  -5.2872925e+01
   2.2000000e+01             NaN
   2.0000000e+01   2.3751164e+00
   2.1000000e+01  -1.1617917e+02
   2.2000000e+01             NaN
   2.3000000e+01  -3.7167611e+01
   2.3000000e+01             NaN
   2.0000000e+01  -7.3142757e+01
   1.2300000e+02   1.9742999e+01
   4.5000000e+02             NaN
   9.4000000e+01  -4.4301213e+01
   5.0000000e+01             NaN
   3.1000000e+01  -1.7302291e+01
