   6.2200000e+02   2.9435374e+01
   7.2000000e+01             NaN
   3.5000000e+01  -1.1172311e+02
   2.1000000e+01             NaN
   2.0000000e+01   5.1903777e+01
   2.0500000e+02  -8.8707216e+01
   1.6300000e+02             NaN
   1.6200000e+02   5.2714784e+01
   4.2000000e+01             NaN
   4.5000000e+01  -8.9947074e+01
   1.1700000e+02   5.1300202e+01
   2.5000000e+02             NaN
   2.3000000e+01  -1.0404616e+02
   2.6000000e+01             NaN
   3.8700000e+02  -8.9788710e+00
   9.1000000e+01  -1.0742905e+02
   2.0000000e+01             NaN
   2.0000000e+01   5.3560068e+01
   2.3000000e+01             NaN
   3.1000000e+01  -1.1767877e+02
   1.0900000e+02   4.0228032e+01
   2.0700000e+02             NaN
   5.5800000e+02  -5.8539095e+01
   5.2000000e+01             NaN
   6.4000000e+01  -6.1903436e+00
   2.0000000e+01  -9.9069723e+01
   6.4100000e+02             NaN
   2.0000000e+01   1.2378409e+01
   2.0000000e+01             NaN
   2.2000000e+01  -1.0884659e+02
   2.1000000e+01  -2.3124632e+01
   2.0000000e+01             NaN
   2.3000000e+01  -4.8277348e+01
   2.3000000e+01             NaN
   2.3000000e+01   2.2198175e+01
   1.8800000e+02  -1.0733197e+02
   1.9400000e+02             NaN
   2.1700000e+02   4.4942248e+01
   1.9700000e+02             NaN
   1.0900000e+02  -5.7759792e+01
   4.4200000e+02   1.2341353e+01
   1.0400000e+02             NaN
   1.1600000e+02  -8.7496881e+01
   2.2000000e+01             NaN
   5.8500000e+02   3.2873491e+01
   2.0000000e+01  -1.1074264e+02
   2.1000000e+01             NaN
   2.2000000e+01   1.8295038e+01
   2.1000000e+01             NaN
   2.7000000e+01  -1.5113910e+01
   2.3000000e+01  -1.1137614e+02
   2.0000000e+01             NaN
   2.0000000e+01  -9.1027708e+01
   2.4000000e+01             NaN
   2.1000000e+01  -6.4117874e+01
   2.0000000e+01  -1.1123154e+02
   2.1000000e+01             NaN
   2.6000000e+01  -4.7289368e+01
   2.1000000e+01             NaN
   2.0000000e+01  -4.6095183e+01
