   9.5000000e+01   5.8581874e+01
   4.4700000e+02             NaN
   2.1000000e+01  -1.0794353e+02
   4.5900000e+02             NaN
   6.8600000e+02   2.9539406e+01
   5.6000000e+01  -1.0290465e+02
   2.3000000e+01             NaN
   1.4900000e+02   5.5871620e+01
   4.6400000e+02             NaN
   2.9100000e+02  -1.0521313e+02
   2.1500000e+02   2.9942635e+01
   7.2000000e+01             NaN
   2.0000000e+01  -1.1087726e+02
   2.0000000e+01             NaN
   2.2000000e+01  -1.7755128e+01
   2.0000000e+01  -1.0641716e+02
   2.2000000e+01             NaN
   2.2600000e+02   3.3542140e+01
   4.9000000e+01             NaN
   1.3500000e+02  -9.8635952e+01
   1.8100000e+02   7.6067057e+00
   7.5000000e+01             NaN
   6.2000000e+01  -1.0281085e+02
   1.1700000e+02             NaN
   1.8500000e+02  -3.0029054e+01
   2.0000000e+01  -1.0275091e+02
   2.5000000e+01             NaN
   2.1000000e+01  -5.9964492e+01
   2.2000000e+01             NaN
   2.8000000e+01   4.7201903e+01
   3.8000000e+01  -7.5521773e+01
   3.0000000e+01             NaN
   1.6000000e+02   5.3535261e+01
   2.2000000e+01             NaN
   7.4000000e+01  -8.9784448e+01
   6.5600000e+02   4.7174178e+01
   2.3000000e+01             NaN
   7.9000000e+01  -8.9301205e+01
   4.7000000e+01             NaN
   4.4000000e+02   5.6310078e+01
   3.8000000e+01  -1.1283182e+02
   3.7000000e+01             NaN
   3.6000000e+01   3.7951356e+01
   2.0000000e+01             NaN
   2.4000000e+01  -5.9768268e+01
   4.8000000e+01   2.3463876e+01
   2.0000000e+01             NaN
   2.1000000e+01  -1.1835333e+02
   2.1000000e+01             NaN
   2.5000000e+01   3.2390677e+01
   3.7000000e+01  -1.1691230e+02
   2.0000000e+01             NaN
   2.0000000e+01  -2.3658861e+01
   2.3000000e+01             NaN
   2.0000000e+01  -9.0207111e+01
   3.0300000e+02   5.5270308e+01
   1.3400000e+02             NaN
   4.3000000e+01  -7.6107918e+01
   2.5000000e+01             NaN
   1.9300000e+02   5.1507472e+00
