   9.8300000e+02   2.9654952e+01
   2.8600000e+02             NaN
   5.3000000e+01  -1.0477711e+02
   1.1900000e+02  -5.3543800e-02
   2.6000000e+01             NaN
   2.0000000e+01  -1.0108724e+02
   1.9300000e+02   5.8023385e+01
   3.2000000e+01             NaN
   1.3400000e+02  -8.9801703e+01
   2.3000000e+01   2.5672012e+01
   3.0000000e+01             NaN
   2.0000000e+01  -9.6292153e+01
   2.2000000e+01  -2.9751687e+01
   1.8100000e+02             NaN
   2.0000000e+01  -8.7416337e+01
   4.1200000e+02   2.9933299e+01
   2.0000000e+01             NaN
   2.5200000e+02  -9.2180532e+01
   7.0000000e+01  -5.9073439e+01
   3.9000000e+01             NaN
   2.4000000e+01   3.2078327e+01
   4.7500000e+02  -1.0369646e+02
   2.0000000e+01             NaN
   1.4500000e+02   8.7078852e+00
   2.1000000e+01  -1.0361605e+02
   2.0000000e+01             NaN
   2.3000000e+01  -6.3697376e+01
   1.0600000e+02   5.9868573e+01
   2.2500000e+02             NaN
   6.9000000e+01  -7.9043498e+01
   2.1000000e+01  -1.6308466e+00
   1.5800000e+02             NaN
   2.2000000e+01  -9.6402542e+01
   2.0000000e+01   5.8999574e+01
   2.0000000e+01             NaN
   2.0000000e+01  -1.4859657e+01
   2.5000000e+01  -9.5596855e+01
   2.1000000e+01             NaN
   2.1000000e+01  -5.6391031e+01
   2.0000000e+01  -2.5751620e+01
   2.0000000e+01             NaN
   2.3000000e+01  -9.6018213e+01
   2.1000000e+01  -3.8026111e+01
   2.2000000e+01             NaN
   2.0000000e+01  -2.1700964e+01
   2.0000000e+01  -1.1083073e+02
   2.1000000e+01             NaN
   2.0000000e+01  -2.7945722e+01
   2.0000000e+01   2.6333290e+01
   2.1000000e+01             NaN
   2.1000000e+01  -5.5962088e+00
