   5.9600000e+02   2.9826675e+01
   1.2200000e+02             NaN
   3.5000000e+01  -1.1684391e+02
   1.0200000e+02             NaN
   8.0000000e+02  -1.5105758e+01
   2.3000000e+01  -1.0499727e+02
   7.6000000e+01             NaN
   3.1500000e+02   4.3500618e+01
   3.0500000e+02             NaN
   7.2000000e+01  -8.9821068e+01
   3.2600000e+02   4.1387596e+01
   7.1000000e+01             NaN
   4.2000000e+01  -1.0064669e+02
   1.3600000e+02             NaN
   2.0000000e+01   1.8262596e+01
   2.4000000e+01  -1.1583742e+02
   2.0000000e+01             NaN
   2.1000000e+01  -9.2267430e+00
   2.0000000e+01             NaN
   2.1000000e+01  -6.0141390e+01
   8.7000000e+01   5.9580207e+01
   2.6800000e+02             NaN
   2.1000000e+01  -1.0134760e+02
   3.0000000e+01             NaN
   2.0000000e+01   1.6896774e+01
   8.0000000e+01  -1.1815773e+02
   2.0000000e+01             NaN
   2.8000000e+01   2.4333381e+01
   2.1000000e+01             NaN
   2.7000000e+01  -6.4859003e+01
   6.8000000e+01   4.1325024e+01
   2.1000000e+01             NaN
   2.2000000e+01  -7.5781413e+01
   2.0000000e+01             NaN
   2.0000000e+01  -8.5596336e+01
   2.1000000e+01   1.2793945e+00
   2.1000000e+01             NaN
   2.2000000e+01   4.1031295e+01
   2.1000000e+01             NaN
   2.0000000e+01   3.3242576e+01
   2.0000000e+01  -1.0525977e+02
   2.2000000e+01             NaN
   4.7000000e+01   5.9564344e+01
   2.3000000e+01             NaN
   2.1000000e+01  -9.7578319e+01
   1.9100000e+02   2.9055801e+01
   8.8000000e+01             NaN
   7.8000000e+01  -4.0986761e+01
   1.0200000e+02             NaN
   8.1000000e+01   1.8818829e+01
   2.4000000e+01  -1.0155100e+02
   2.0000000e+01             NaN
   2.0000000e+01  -5.7093604e+01
   2.0000000e+01             NaN
   2.1000000e+01   2.4891864e+01
   6.6000000e+01  -6.8994987e+01
   6.1000000e+01             NaN
   1.3900000e+02   5.1685495e+01
   2.0000000e+01             NaN
   7.2000000e+01  -6.1674832e+01
