   7.1300000e+02   2.8086750e+01
   2.0000000e+01             NaN
   5.4000000e+01  -1.0807455e+02
   2.3000000e+01             NaN
   2.5000000e+01   5.9643945e+01
   2.4300000e+02  -8.9913387e+01
   9.1000000e+01             NaN
   3.4800000e+02   5.9878036e+01
   4.2200000e+02             NaN
   9.1000000e+01  -8.8781329e+01
   2.2000000e+01  -1.2842512e+01
   1.3400000e+02             NaN
   2.0000000e+01  -9.2355060e+01
   2.7000000e+01             NaN
   2.0000000e+01   2.3866716e+01
   4.0000000e+01  -1.1861732e+02
   2.2000000e+01             NaN
   5.5000000e+01   4.0650836e+01
   4.2000000e+01             NaN
   2.0000000e+01  -9.2181424e+01
   7.4000000e+01   5.8385162e+01
   2.8500000e+02             NaN
   2.1000000e+01  -1.1811527e+02
   9.4000000e+01             NaN
   2.7500000e+02  -3.0077302e+01
   2.6800000e+02   5.4382366e+01
   2.1000000e+01             NaN
   2.1000000e+01  -9.0915541e+01
   2.1000000e+01             NaN
   2.5000000e+01   5.8323503e+01
   5.6000000e+01  -1.1932890e+02
   2.3400000e+02             NaN
   2.3000000e+01   2.0027270e+01
   2.1000000e+01             NaN
   2.0000000e+01  -6.8525677e+01
   2.0000000e+01  -1.1983620e+02
   2.0000000e+01             NaN
   2.1000000e+01  -7.4756093e+00
   2.0000000e+01             NaN
   1.1300000e+02  -1.0141248e+02
   7.5000000e+01   5.9406680e+01
   2.0000000e+01             NaN
   2.1000000e+01  -3.9165230e+01
   2.1000000e+01             NaN
   2.0000000e+01  -2.7830806e+00
   2.1000000e+01  -1.0807981e+02
   2.2000000e+01             NaN
   2.0000000e+01  -9.3624432e+01
   2.1000000e+01             NaN
   2.0000000e+01   4.7269503e+01
   2.1000000e+01  -6.8827582e+01
   2.0000000e+01             NaN
   2.0000000e+01  -3.5321292e+01
   2.2000000e+01             NaN
   2.0000000e+01   1.1228159e+01
   2.1000000e+01  -1.1159492e+02
   2.2000000e+01             NaN
   2.2000000e+01  -7.9101132e+01
   2.0000000e+01             NaN
   2.1000000e+01  -2.9719464e+01
