   6.5600000e+02   2.9991168e+01
   1.3100000e+02  -1.0567067e+02
   2.3000000e+01  -6.1923188e+00
   2.1000000e+01  -9.3051181e+01
   1.1000000e+02   5.9997181e+01
   1.9600000e+02  -8.9961462e+01
   1.3000000e+02  -4.9034028e+00
   4.5000000e+01  -1.1255060e+02
   3.8000000e+01  -4.6430667e+01
   5.8400000e+02   2.1063204e+01
   3.0000000e+01  -8.9744121e+01
   2.0000000e+01   5.6985692e+01
   7.1000000e+02  -5.3648734e+01
   4.6100000e+02  -3.0036740e+01
   8.1300000e+02  -6.2419716e+01
   1.4900000e+02   5.5787207e+01
   2.5000000e+01  -5.8733073e+01
   2.3000000e+01  -1.8618299e+01
   5.0000000e+01  -9.9326365e+01
   6.2000000e+01  -1.1455139e+01
   3.6000000e+01  -9.1408766e+01
   8.3900000e+02   2.9608490e+01
   6.6000000e+01  -8.8190035e+01
   2.3600000e+02   3.1311992e+01
   1.2200000e+02   5.9646665e+01
   7.6000000e+01  -1.0991127e+02
   2.2000000e+01  -3.7063618e+01
   1.5800000e+02  -8.8639279e+01
   1.1300000e+02  -2.8584227e+01
   2.0000000e+01  -8.9302005e+01
   3.8500000e+02   5.8619344e+01
   1.2300000e+02  -8.9130988e+01
   4.1100000e+02   2.4118940e+01
   3.4000000e+01  -1.1977023e+02
   2.2000000e+01   3.5371550e+00
   2.0000000e+01  -8.8826391e+01
   6.8000000e+01   5.9977994e+01
   2.0000000e+01  -9.3413220e+01
   2.1000000e+01   2.3694271e+01
   3.9500000e+02   5.0050798e+01
   3.7000000e+01  -7.9852618e+01
   3.6600000e+02  -1.2870849e+01
   2.0000000e+01  -8.1970437e+00
   2.0000000e+01  -5.9266893e+01
   2.1000000e+01   5.9319938e+01
   1.2600000e+02  -1.1247439e+02
   2.0400000e+02  -3.0037659e+01
   1.0300000e+02   1.6418657e+01
   2.2000000e+01  -4.1967227e+01
   2.0000000e+01  -2.4151065e+01
   2.0000000e+01  -2.9733493e+00
