   6.6600000e+02   2.9000000e+01
   1.3200000e+02  -1.0500000e+02
   8.3000000e+01  -1.4000000e+01
   2.0000000e+01  -1.1800000e+02
   1.1200000e+02   6.0000000e+01
   1.9600000e+02  -9.0000000e+01
   4.3000000e+02   4.1000000e+01
   1.4200000e+02  -8.7000000e+01
   2.1000000e+01  -3.0000000e+00
   7.4000000e+01  -9.3000000e+01
   1.7000000e+02   2.9000000e+01
   1.0400000e+02  -8.7000000e+01
   2.0000000e+01  -3.4000000e+01
   2.9000000e+01  -1.2000000e+02
   2.0000000e+01  -3.3000000e+01
   2.0000000e+01  -2.0000000e+01
   1.0800000e+02   6.0000000e+01
   5.6200000e+02  -6.0000000e+01
   2.0000000e+01   2.1000000e+01
   2.0000000e+01  -4.8000000e+01
   2.7900000e+02  -6.9000000e+01
   6.7000000e+01   6.0000000e+01
   2.0000000e+01  -9.5000000e+01
   2.3000000e+01  -1.0000000e+01
   5.4000000e+01   6.0000000e+01
   2.5000000e+01  -6.0000000e+01
   2.1000000e+01   1.4000000e+01
   2.0000000e+01  -3.0000000e+01
   2.0000000e+01  -1.1000000e+02
   2.0000000e+01  -1.1000000e+01
   2.5000000e+01   6.0000000e+01
   2.1000000e+01  -9.6000000e+01
   2.1000000e+01   5.7000000e+01
   6.5000000e+01  -1.1900000e+02
   3.3000000e+01  -1.1000000e+01
   2.0000000e+01  -6.9000000e+01
   1.4400000e+02   2.9000000e+01
   2.0500000e+02  -4.0000000e+01
   7.4000000e+01  -7.4000000e+01
   3.9300000e+02   2.7000000e+01
   2.5000000e+01  -1.1500000e+02
   2.7000000e+01  -4.8000000e+01
   3.2000000e+01  -1.1700000e+02
   2.3800000e+02  -1.0000000e+01
   2.5800000e+02  -5.1000000e+01
   7.6600000e+02   5.7000000e+01
   5.0000000e+01  -7.9000000e+01
   1.8100000e+02  -1.0000000e+00
   4.8000000e+01   6.0000000e+01
   2.0000000e+01  -9.5000000e+01
   2.0000000e+01   4.9000000e+01
