   6.4200000e+02   2.9000000e+01
   1.4500000e+02  -1.0300000e+02
   2.4000000e+01  -9.0000000e+00
   2.0000000e+01  -1.1800000e+02
   1.1200000e+02   6.0000000e+01
   1.9500000e+02  -9.0000000e+01
   1.0300000e+02   2.0000000e+00
   3.6000000e+01  -1.1700000e+02
   3.5000000e+01  -3.8000000e+01
   2.9900000e+02   2.9000000e+01
   2.7800000e+02  -8.7000000e+01
   2.3000000e+01  -1.1000000e+01
   2.4000000e+01  -9.0000000e+01
   1.0900000e+02   6.0000000e+01
   5.6200000e+02  -6.0000000e+01
   1.0200000e+02   6.0000000e+01
   1.8000000e+02  -8.3000000e+01
   4.6000000e+01  -2.5000000e+01
   2.0000000e+01  -4.5000000e+01
   3.6000000e+01   6.0000000e+01
   2.0000000e+01  -9.3000000e+01
   2.0000000e+01   9.0000000e+00
   2.0000000e+01  -6.7000000e+01
   2.0000000e+01  -3.0000000e+00
   7.2800000e+02   2.9000000e+01
   6.5000000e+01  -5.7000000e+01
   1.2100000e+02  -2.6000000e+01
   4.2000000e+01  -1.1800000e+02
   6.7000000e+01  -2.4000000e+01
   9.0000000e+01  -8.2000000e+01
   2.0000000e+01  -5.7000000e+01
   2.0000000e+01   2.5000000e+01
   2.0000000e+01  -4.6000000e+01
   1.3800000e+02   5.8000000e+01
   3.8000000e+01  -9.8000000e+01
   2.3000000e+01  -5.0000000e+00
   2.0000000e+01  -3.3000000e+01
   2.6000000e+01  -1.0500000e+02
   2.0000000e+01  -5.4000000e+01
   2.0000000e+01  -1.1800000e+02
   2.0000000e+01  -2.1000000e+01
   2.0000000e+01   2.9000000e+01
   6.4000000e+01   6.0000000e+01
   2.0000000e+01  -9.5000000e+01
   2.0000000e+01   4.8000000e+01
   2.0000000e+01  -1.1800000e+02
   2.0000000e+01   3.8000000e+01
   2.0000000e+01  -3.2000000e+01
   3.2400000e+02   5.0000000e+01
   4.8000000e+01  -9.0000000e+01
   6.8000000e+01   1.4000000e+01
