   2.5000000e+02   2.9843931e+01
   3.4000000e+01  -1.1970551e+02
   3.7000000e+01  -2.8960454e+00
   2.5000000e+01  -1.1057518e+02
   1.2200000e+02   5.8814645e+01
   2.5900000e+02  -8.9957634e+01
   3.1600000e+02   2.9824290e+01
   2.3000000e+01  -1.1757218e+02
   3.8000000e+01  -2.3640996e+01
   1.6400000e+02  -8.9298013e+01
   3.1000000e+01  -2.1212634e+01
   2.0000000e+01  -5.7270568e+01
   1.8400000e+02   5.9924102e+01
   2.8000000e+01  -8.9493807e+01
   2.2000000e+01   4.8097502e+00
   4.3000000e+01  -1.1115279e+02
   8.2000000e+01   5.9859276e+01
   2.9000000e+01  -5.6772949e+01
   2.3000000e+01   2.1573025e+01
   3.6000000e+01  -9.3578969e+01
   4.2000000e+01  -2.5520381e+01
   6.5000000e+01  -8.9087924e+01
   2.1000000e+01   1.8839486e+01
   2.0000000e+01  -5.8508887e+01
   2.6000000e+01  -1.1143195e+02
   4.8000000e+01  -4.7448733e+01
   2.4000000e+01  -6.7997122e+01
   2.9000000e+01  -1.1862736e+02
   2.2000000e+01  -3.4649181e+01
   2.0000000e+01  -6.8686700e+01
   2.5300000e+02   4.4818497e+01
   3.7000000e+01  -9.1005221e+01
   2.3000000e+01   5.9915506e+01
   2.0000000e+01  -1.5529149e+01
   2.1000000e+01  -1.0698130e+02
   2.0000000e+01   3.7271310e+00
   2.8000000e+01  -1.1885669e+02
   2.1000000e+01   5.9895518e+01
   2.1000000e+01  -5.7814364e+01
   9.5000000e+01   5.8001321e+01
   2.1000000e+01  -1.3466780e+01
   2.7300000e+02  -5.9865579e+01
   2.5600000e+02   4.9096110e+01
   2.0000000e+01  -9.4287100e+01
   8.9400000e+02  -2.7696423e+01
   2.2000000e+01  -1.1124777e+02
   2.2000000e+01  -4.7591215e+01
   3.2000000e+01   1.7460506e+01
   2.2000000e+01  -1.1835978e+02
   2.0000000e+01  -5.6706761e+01
   2.0000000e+01   2.5868510e+01
