   6.4300000e+02   2.9000000e+01
   1.1700000e+02  -1.0700000e+02
   2.3000000e+01  -1.0000000e+00
   2.0000000e+01  -1.1900000e+02
   1.1200000e+02   6.0000000e+01
   1.9500000e+02  -9.0000000e+01
   5.5000000e+01   1.0000000e+01
   3.4000000e+01  -1.1800000e+02
   2.9000000e+01  -3.9000000e+01
   2.0000000e+01  -6.1000000e+01
   6.6000000e+01  -1.0000000e+00
   2.0000000e+01  -8.1000000e+01
   4.2000000e+01   5.9000000e+01
   2.0000000e+01  -8.5000000e+01
   2.1000000e+01  -3.0000000e+00
   3.5000000e+01  -7.7000000e+01
   1.1300000e+02   5.6000000e+01
   6.3800000e+02  -5.9000000e+01
   1.5700000e+02   6.0000000e+01
   4.2000000e+01  -9.0000000e+01
   2.1000000e+01  -6.0000000e+00
   2.0000000e+01  -4.6000000e+01
   2.0000000e+01  -9.9000000e+01
   2.0000000e+01   1.4000000e+01
   2.2000000e+01  -1.0800000e+02
   3.4000000e+01  -2.0000000e+01
   2.0000000e+01  -5.7000000e+01
   3.5000000e+01  -1.0600000e+02
   2.0000000e+01  -5.9000000e+01
   2.1000000e+01   2.3000000e+01
   3.0400000e+02   5.7000000e+01
   2.8000000e+01  -9.2000000e+01
   4.9000000e+01   5.0000000e+00
   2.5000000e+01  -1.0600000e+02
   5.2000000e+01   6.0000000e+01
   2.0000000e+01  -1.2000000e+01
   2.0000000e+01   4.5000000e+01
   2.0000000e+01  -9.9000000e+01
   2.0000000e+01   1.4000000e+01
   2.0000000e+01  -5.0000000e+00
   6.2000000e+01  -1.2000000e+02
   2.0000000e+01  -4.5000000e+01
   6.2000000e+01   4.0000000e+01
   1.5900000e+02  -3.5000000e+01
   1.6200000e+02  -5.7000000e+01
   2.0000000e+01  -1.1900000e+02
   2.0000000e+01  -1.1000000e+01
   2.0000000e+01  -9.5000000e+01
   5.5000000e+01  -1.1800000e+02
   5.5000000e+01  -3.0000000e+00
   1.8700000e+02  -8.9000000e+01
