   7.7100000e+02   2.8185168e+01
   1.9900000e+02  -9.9025682e+01
   1.2300000e+02  -3.9923572e+00
   2.0000000e+01  -8.1825623e+01
   9.6000000e+01   5.4065626e+01
   1.5900000e+02  -8.9883646e+01
   4.8700000e+02  -5.8399052e+00
   5.5000000e+01  -1.0995252e+02
   4.3000000e+01  -3.6884518e+01
   2.7600000e+02   5.6808390e+01
   6.1000000e+01  -8.7760109e+01
   1.6600000e+02  -2.9627522e+00
   4.8400000e+02  -5.9989249e+01
   8.5000000e+01  -8.9912721e+01
   2.0000000e+01   2.4476703e+01
   2.0000000e+01  -5.3293308e+01
   1.5400000e+02  -8.9687359e+01
   2.0000000e+01  -3.5411043e+01
   1.7800000e+02   4.2396281e+01
   2.2000000e+01  -1.1189872e+02
   6.9500000e+02  -3.7663295e-01
   3.4100000e+02   3.2846745e+01
   3.3000000e+01  -8.9690433e+01
   4.9900000e+02   2.8138089e+01
   2.6000000e+01  -2.2095283e+01
   2.3000000e+01  -1.1923553e+02
   2.0000000e+01   5.9432081e+01
   6.1000000e+01  -8.9991940e+01
   1.3300000e+02   5.4680084e+01
   2.3000000e+01  -5.8717766e+01
   3.8500000e+02   3.9966949e+01
   6.8000000e+01  -8.8921224e+01
   6.2000000e+01   5.3248205e+01
   2.7000000e+01  -1.1274524e+02
   2.3000000e+01  -2.4921823e+00
   2.0000000e+01  -5.4066194e+01
   2.0000000e+01  -9.5544765e+01
   2.0000000e+01   2.0454776e+01
   2.0000000e+01  -6.4866253e+01
   5.1000000e+01  -1.1675269e+02
   3.7000000e+01   1.7447715e-01
   2.2000000e+01  -9.7406741e+01
   2.7000000e+01  -1.5409011e+01
   2.0000000e+01  -1.1831634e+02
   2.0000000e+01   4.7511157e+01
   1.4200000e+02  -1.1550077e+02
   3.9900000e+02  -3.0003770e+01
   1.8700000e+02  -7.0283947e+01
   5.3700000e+02   5.0077380e+01
   3.7000000e+01  -8.9048763e+01
   3.3000000e+01   2.0420284e+01
