   6.7600000e+02   2.9917546e+01
   1.2200000e+02  -1.0713701e+02
   2.4000000e+01  -7.2469676e-01
   1.8900000e+02  -1.1873241e+02
   1.3000000e+02   5.8783861e+01
   5.7600000e+02  -8.9853231e+01
   1.3700000e+02   5.9969924e+01
   2.2300000e+02  -8.3029437e+01
   6.7500000e+02  -5.2398573e+01
   1.4100000e+02   1.5017669e+01
   3.1000000e+01  -1.1975190e+02
   2.0000000e+01  -3.3676881e+01
   4.7200000e+02   3.8966582e+01
   2.5400000e+02  -5.9500733e+01
   2.5000000e+01  -2.0933902e+01
   3.7000000e+01  -1.1435023e+02
   3.7000000e+01  -2.1770922e+01
   3.1000000e+01  -7.5315851e+01
   9.5000000e+01   5.9923285e+01
   3.0000000e+01  -1.0045362e+02
   2.2000000e+01   5.3314066e+01
   2.2000000e+01  -1.1282893e+02
   2.9000000e+01   1.6960072e+01
   5.8900000e+02  -5.8099464e+01
   1.8800000e+02   2.9925306e+01
   9.5000000e+01  -8.9609398e+01
   2.1000000e+01  -2.5246794e+01
   1.4900000e+02  -8.9933291e+01
   4.0000000e+01  -2.4728655e+01
   2.3000000e+01  -7.8015509e+01
   3.2000000e+01   5.5394048e+01
   3.1000000e+01  -9.5261499e+01
   2.6000000e+01   3.1561420e+00
   1.0400000e+02   5.9615549e+01
   3.6000000e+01  -5.5672683e+01
   2.2000000e+01   1.4414623e+01
   2.0000000e+01  -2.4227587e+01
   2.4000000e+01  -1.0307534e+02
   2.0000000e+01  -1.2638813e+01
   8.0000000e+01   5.7750915e+01
   2.4000000e+01  -7.5148887e+01
   2.1000000e+01  -1.5154363e+01
   2.8000000e+01   5.0058083e+01
   5.3000000e+01  -1.1471912e+02
   3.5000000e+01   5.0606018e+01
   2.0000000e+01  -1.1895300e+02
   2.6000000e+01  -7.6787555e+00
   2.1000000e+01  -5.8082174e+01
   2.1000000e+01  -1.1853775e+02
   2.0000000e+01  -5.8045673e+01
   2.0000000e+01   2.4789863e+01
