   7.2300000e+02   2.8747080e+01
   2.5600000e+02  -9.3307696e+01
   6.4000000e+01  -1.2301059e+01
   2.0000000e+01  -1.1497699e+02
   1.1300000e+02   5.9836036e+01
   2.2000000e+02  -8.9149326e+01
   7.0000000e+01   2.2406645e+01
   4.4000000e+01  -1.1404144e+02
   2.3000000e+01  -3.8566105e+01
   3.9000000e+01   5.9836689e+01
   2.8000000e+01  -8.9698144e+01
   3.7000000e+01  -2.3885919e+01
   1.7500000e+02  -7.4135877e+01
   9.9000000e+01   5.9085965e+01
   2.4600000e+02  -5.9980284e+01
   1.2600000e+02   5.9993698e+01
   7.5000000e+01  -8.9465050e+01
   2.8200000e+02  -1.8043780e+01
   7.4000000e+01  -1.1569038e+02
   2.7300000e+02  -3.0099410e+01
   5.9000000e+01  -6.1486284e+01
   2.2100000e+02  -8.7470675e-01
   2.6000000e+01  -8.9882831e+01
   4.8000000e+01  -6.5493103e+00
   9.7000000e+01   4.4873183e+01
   9.9000000e+01  -5.5763391e+01
   1.0200000e+02   1.2343154e+01
   1.1900000e+02   5.7783348e+01
   3.9000000e+01  -9.8494339e+01
   7.2000000e+01   1.2425222e+01
   7.6600000e+02   4.1327993e+01
   3.9000000e+01  -1.1046111e+02
   2.3000000e+02  -2.2620585e+01
   2.0000000e+01  -5.3537562e+01
   6.7000000e+01   5.9810464e+01
   2.2000000e+01   2.4958427e+01
   2.0000000e+01   5.2172448e+01
   2.3000000e+01  -5.9290331e+01
   2.0000000e+01  -1.6170378e+01
   2.8000000e+01  -1.0039175e+02
   2.5000000e+01  -4.6197139e+01
   2.5000000e+01  -5.6781979e+01
   6.2000000e+01   4.0467508e-01
   5.5000000e+01  -1.0566733e+02
   7.5400000e+02  -4.6101335e+01
   2.6000000e+01  -1.1573347e+02
   2.5000000e+01  -8.9483878e+00
   2.0000000e+01  -1.1317909e+02
   6.0000000e+01   5.1411800e+01
   2.0000000e+01  -1.1215144e+02
   2.1000000e+01   7.9150876e+00
