   4.8700000e+02   2.7000000e+01
   2.5000000e+01  -1.1400000e+02
   5.3000000e+01  -2.5000000e+01
   5.2000000e+01  -1.1000000e+02
   1.0800000e+02   6.0000000e+01
   1.9700000e+02  -9.0000000e+01
   2.9000000e+02   2.2000000e+01
   2.3700000e+02  -9.0000000e+01
   3.0000000e+01  -2.0000000e+01
   2.0000000e+01  -1.1300000e+02
   3.0000000e+01  -4.6000000e+01
   2.0000000e+01  -6.7000000e+01
   3.5900000e+02   3.8000000e+01
   2.2000000e+01  -1.1200000e+02
   3.1500000e+02  -2.3000000e+01
   2.0000000e+01  -6.0000000e+01
   7.5000000e+01   6.0000000e+01
   2.5200000e+02  -6.0000000e+01
   6.7000000e+01   6.0000000e+01
   2.5700000e+02  -8.7000000e+01
   2.3000000e+01  -3.8000000e+01
   3.5000000e+01   2.0000000e+01
   7.2000000e+01  -6.9000000e+01
   4.3000000e+01  -7.4000000e+01
   3.8800000e+02   4.3000000e+01
   7.0000000e+01  -5.7000000e+01
   2.5200000e+02   1.2000000e+01
   3.6000000e+01  -1.8000000e+01
   3.2000000e+01  -1.1300000e+02
   3.5000000e+01   1.6000000e+01
   5.5000000e+01  -4.7000000e+01
   2.0000000e+01  -2.0000000e+00
   2.0000000e+01  -1.0000000e+02
   1.6400000e+02   6.0000000e+01
   3.6000000e+01  -9.0000000e+01
   2.3000000e+01  -1.0000000e+01
   2.8000000e+01  -9.6000000e+01
   2.0000000e+01  -4.3000000e+01
   2.9000000e+01  -9.7000000e+01
   9.0000000e+01   6.0000000e+01
   2.3000000e+01  -7.9000000e+01
   2.3000000e+01   4.3000000e+01
   4.9000000e+01  -1.1600000e+02
   2.0000000e+01  -9.0000000e+00
   2.0000000e+01   1.9000000e+01
   2.1000000e+01   6.0000000e+01
   3.6000000e+01  -8.8000000e+01
   2.0000000e+01  -5.1000000e+01
   2.0000000e+01  -1.1200000e+02
   2.0000000e+01   1.6000000e+01
   2.1000000e+01  -3.3000000e+01
