   6.4500000e+02   2.9000000e+01
   1.0500000e+02  -1.0900000e+02
   2.2000000e+01  -1.0000000e+00
   1.0800000e+02   6.0000000e+01
   2.0000000e+02  -9.0000000e+01
   2.0000000e+01   3.1000000e+01
   2.0000000e+01  -9.5000000e+01
   1.8800000e+02   2.9000000e+01
   1.0200000e+02  -8.7000000e+01
   3.0000000e+01  -1.5000000e+01
   2.1000000e+01  -1.1800000e+02
   2.3000000e+01  -3.8000000e+01
   2.3300000e+02   5.8000000e+01
   7.8000000e+01  -9.0000000e+01
   9.9000000e+01  -1.1000000e+01
   2.9500000e+02  -9.0000000e+01
   2.0000000e+01  -5.2000000e+01
   2.2000000e+01  -2.1000000e+01
   5.3000000e+01  -1.0700000e+02
   4.2000000e+01   3.3000000e+01
   3.0000000e+01  -7.6000000e+01
   1.0800000e+02   6.0000000e+01
   2.0000000e+01  -5.7000000e+01
   2.0000000e+01  -9.9000000e+01
   5.5300000e+02   2.9000000e+01
   7.3000000e+01  -5.7000000e+01
   3.7100000e+02  -1.8000000e+01
   4.9000000e+01  -1.0400000e+02
   2.0000000e+01   2.2000000e+01
   2.1000000e+01  -5.8000000e+01
   5.2000000e+01   6.0000000e+01
   2.0000000e+01  -9.6000000e+01
   2.0000000e+01  -5.7000000e+01
   3.2900000e+02   5.8000000e+01
   2.8000000e+01  -9.2000000e+01
   1.5100000e+02   4.0000000e+00
   2.0000000e+01  -1.1900000e+02
   2.1000000e+01   9.0000000e+00
   2.0000000e+01  -2.9000000e+01
   2.2000000e+01  -1.1900000e+02
   2.4000000e+01  -2.0000000e+00
   2.0000000e+01  -4.8000000e+01
   2.9000000e+01  -1.2000000e+02
   2.1000000e+01  -3.2000000e+01
   2.0000000e+01  -7.4000000e+01
   1.7400000e+02   6.0000000e+01
   2.0000000e+01  -9.5000000e+01
   2.0000000e+01   5.9000000e+01
   2.5000000e+01  -1.1900000e+02
   2.0000000e+01   4.7000000e+01
   2.0000000e+01  -8.1000000e+01
