   5.1400000e+02   2.9000000e+01
   3.2000000e+01  -1.1400000e+02
   1.7400000e+02  -2.7000000e+01
   3.0000000e+01  -1.1900000e+02
   5.0500000e+02   4.1000000e+01
   2.0900000e+02  -9.0000000e+01
   2.9000000e+01   2.5000000e+01
   4.4000000e+01  -1.1400000e+02
   3.8000000e+01  -2.1000000e+01
   2.1000000e+01  -1.1300000e+02
   2.0000000e+01  -3.4000000e+01
   2.1000000e+01  -7.3000000e+01
   2.6600000e+02   4.1000000e+01
   2.3800000e+02  -8.6000000e+01
   8.3300000e+02  -1.2000000e+01
   2.1000000e+01  -6.0000000e+01
   3.7000000e+01   2.2000000e+01
   2.1000000e+01  -8.3000000e+01
   1.1100000e+02   5.9000000e+01
   3.3000000e+01  -5.9000000e+01
   2.9000000e+01   1.3000000e+01
   2.9000000e+01  -1.1400000e+02
   2.4000000e+01  -2.0000000e+00
   2.0000000e+01  -5.9000000e+01
   2.0000000e+01  -1.1800000e+02
   2.1000000e+01  -3.5000000e+01
   2.0000000e+01  -7.9000000e+01
   2.0200000e+02   6.0000000e+01
   3.9000000e+01  -8.9000000e+01
   5.3000000e+01  -1.0000000e+01
   2.4100000e+02  -5.9000000e+01
   2.1000000e+01   7.0000000e+00
   2.0000000e+01  -8.3000000e+01
   4.1000000e+01   5.7000000e+01
   2.2000000e+01  -9.6000000e+01
   2.1000000e+01   5.0000000e+01
   3.6000000e+01  -1.1000000e+02
   5.1000000e+01   3.1000000e+01
   2.4000000e+02  -8.5000000e+01
   2.3200000e+02   8.0000000e+00
   6.1000000e+01  -8.9000000e+01
   7.4000000e+01  -2.7000000e+01
   1.2600000e+02   6.0000000e+01
   2.0000000e+01  -7.9000000e+01
   2.3000000e+01  -1.6000000e+01
   2.5000000e+01  -1.1700000e+02
   2.1800000e+02   2.5000000e+01
   3.2000000e+01  -2.3000000e+01
   2.6000000e+01  -1.0000000e+02
   2.6000000e+01  -5.2000000e+01
   2.2000000e+01  -1.1100000e+02
