   7.2900000e+02   2.9000000e+01
   5.4000000e+01  -1.1000000e+02
   7.4000000e+01  -2.5000000e+01
   2.0000000e+01  -1.1400000e+02
   1.0200000e+02   6.0000000e+01
   2.1800000e+02  -8.8000000e+01
   2.4000000e+01   2.9000000e+01
   3.4000000e+01  -1.2000000e+02
   2.5000000e+01  -3.0000000e+00
   2.1000000e+01  -1.1800000e+02
   2.3000000e+01  -3.9000000e+01
   2.0000000e+01  -7.6000000e+01
   4.7000000e+01   5.8000000e+01
   1.4800000e+02  -9.0000000e+01
   2.0000000e+01  -1.0000000e+00
   9.5000000e+01  -9.0000000e+01
   1.0800000e+02   6.0000000e+01
   2.4800000e+02  -6.0000000e+01
   1.4200000e+02   5.7000000e+01
   7.5000000e+01  -8.9000000e+01
   1.2200000e+02  -2.2000000e+01
   3.3000000e+01  -1.1700000e+02
   2.3200000e+02  -3.7000000e+01
   7.4000000e+01  -5.6000000e+01
   2.0600000e+02   2.9000000e+01
   2.7000000e+01  -5.7000000e+01
   2.1000000e+01  -6.0000000e+00
   2.6000000e+01   3.3000000e+01
   2.7000000e+01  -9.0000000e+01
   2.1000000e+01   5.9000000e+01
   1.7100000e+02   5.0000000e+01
   2.8000000e+01  -1.1700000e+02
   1.9300000e+02   2.6000000e+01
   6.4000000e+01   6.0000000e+01
   2.9000000e+01  -5.8000000e+01
   3.3000000e+01  -0.0000000e+00
   4.5000000e+01  -9.2000000e+01
   7.6000000e+01   6.0000000e+01
   2.5000000e+01  -1.8000000e+01
   6.6400000e+02   3.2000000e+01
   2.6000000e+01  -9.1000000e+01
   1.0300000e+02  -1.3000000e+01
   3.5000000e+01   3.8000000e+01
   3.9000000e+01  -9.6000000e+01
   9.5000000e+01  -5.3000000e+01
   2.0000000e+01  -7.6000000e+01
   2.6000000e+01  -1.1900000e+02
   2.0000000e+01  -4.6000000e+01
   2.0000000e+01   1.4000000e+01
   2.2000000e+01  -3.2000000e+01
   2.0000000e+01  -7.1000000e+01
