   7.3400000e+02   2.9000000e+01
   1.0500000e+02  -1.1000000e+02
   5.0900000e+02  -2.0000000e+00
   2.0000000e+01  -1.1600000e+02
   6.3000000e+01   6.0000000e+01
   2.0200000e+02  -8.8000000e+01
   2.0800000e+02   2.9000000e+01
   2.2000000e+01  -1.1500000e+02
   2.2000000e+01  -3.8000000e+01
   2.4600000e+02   5.0000000e+01
   1.2300000e+02  -9.0000000e+01
   1.3400000e+02  -2.2000000e+01
   8.8000000e+01  -9.0000000e+01
   2.1000000e+01  -4.0000000e+00
   2.0000000e+01  -8.2000000e+01
   2.9000000e+02   4.4000000e+01
   2.6300000e+02  -6.0000000e+01
   1.0100000e+02   6.0000000e+01
   7.3000000e+01  -1.2000000e+02
   2.2000000e+01  -3.2000000e+01
   2.0000000e+01  -9.7000000e+01
   1.1800000e+02   6.0000000e+01
   2.6000000e+01  -5.9000000e+01
   2.0000000e+01  -1.3000000e+01
   4.9000000e+01  -9.0000000e+01
   2.0000000e+01   2.0000000e+00
   2.0000000e+01  -4.7000000e+01
   2.2000000e+01  -1.1800000e+02
   1.1500000e+02  -0.0000000e+00
   1.8700000e+02   5.6000000e+01
   3.1800000e+02   2.8000000e+01
   7.5000000e+01  -9.0000000e+01
   2.1800000e+02   1.1000000e+01
   6.2000000e+01  -1.2000000e+02
   3.7000000e+01  -2.1000000e+01
   2.0000000e+01  -8.2000000e+01
   2.2000000e+01   5.7000000e+01
   2.2000000e+01  -5.9000000e+01
   2.5000000e+01  -3.0000000e+01
   2.6900000e+02   5.9000000e+01
   2.0000000e+01  -1.1500000e+02
   3.1000000e+01  -6.0000000e+00
   2.0000000e+01  -1.1600000e+02
   2.0000000e+01  -2.8000000e+01
   2.0000000e+01   8.0000000e+00
   2.2000000e+01  -9.2000000e+01
   4.8000000e+01   3.9000000e+01
   2.1000000e+01  -2.4000000e+01
   2.2000000e+01  -1.2000000e+02
   2.0000000e+01  -4.9000000e+01
   2.0000000e+01  -5.0000000e+01
