   4.1600000e+02   2.9980898e+01
   3.3100000e+02  -8.7109139e+01
   2.0000000e+01  -4.8360623e-02
   5.6200000e+02   2.9835065e+01
   1.2900000e+02  -9.6816971e+01
   3.9000000e+01  -2.0834269e+01
   2.0000000e+01  -9.7934209e+01
   1.1200000e+02   5.9784664e+01
   2.0000000e+01  -8.3246740e+01
   8.9200000e+02  -5.2353486e+01
   1.1200000e+02  -1.0165529e+02
   2.7900000e+02  -4.9710297e+01
   2.1000000e+01  -1.1295070e+02
   2.8000000e+01  -4.4217574e+01
   2.3000000e+01  -6.8632030e+01
   2.3000000e+02   2.5860364e+01
   6.8000000e+01  -8.7417452e+01
   9.9000000e+01   2.3030336e+01
   1.0000000e+02   5.9891338e+01
   2.9700000e+02  -5.9680681e+01
   2.0000000e+01  -4.4363479e+00
   4.7000000e+01  -9.4432006e+01
   2.9000000e+01   5.9580283e+01
   4.9800000e+02  -5.3806506e+01
   2.0000000e+01   1.8286776e+01
   2.0000000e+01  -9.9540237e+01
   2.3000000e+01  -6.7993193e+00
   2.4600000e+02  -5.9041938e+01
   3.1100000e+02   4.2682602e+01
   2.6000000e+02  -8.8455449e+01
   1.0200000e+02   5.9909778e+01
   2.0000000e+01  -9.5349592e+01
   3.3000000e+01  -2.2418334e+01
   2.6300000e+02   5.6992494e+01
   5.0000000e+01  -8.8520480e+01
   5.4000000e+02   2.9136833e+01
   4.9600000e+02  -1.5053030e+01
   3.1000000e+01  -1.1179505e+02
   5.2500000e+02   1.1004329e+01
   1.1000000e+02   5.9867113e+01
   2.0000000e+01  -9.2780381e+01
   2.0000000e+01  -1.9520137e+01
   6.8000000e+01   5.3440206e+01
   2.0000000e+01  -1.1207693e+02
   2.1000000e+01   3.4955046e+01
   6.3000000e+01  -1.1918479e+02
   2.0000000e+01   5.5253177e+01
   2.2000000e+01  -7.1896970e+01
   1.8000000e+02   5.9186782e+01
   2.0000000e+01  -9.3825523e+01
   5.6000000e+01   1.6555265e+01
