   1.0530000e+03   2.9000000e+01
   1.9500000e+02  -9.0000000e+01
   2.4000000e+01  -1.0000000e+01
   4.2000000e+01  -1.1800000e+02
   6.7400000e+02  -1.5000000e+01
   4.1000000e+01  -6.5000000e+01
   2.5200000e+02   3.3000000e+01
   2.0000000e+01  -1.1900000e+02
   2.0000000e+01  -3.2000000e+01
   4.8300000e+02   2.9000000e+01
   6.0100000e+02  -9.6000000e+01
   2.5700000e+02  -4.2000000e+01
   2.1000000e+01  -1.1900000e+02
   5.7000000e+01   6.0000000e+01
   2.5400000e+02  -8.6000000e+01
   3.4900000e+02   5.8000000e+01
   8.4000000e+01  -9.0000000e+01
   1.1800000e+02  -1.3000000e+01
   3.4800000e+02  -6.0000000e+01
   7.6000000e+01   6.0000000e+01
   2.1000000e+01  -6.0000000e+01
   2.9700000e+02   2.0000000e+01
   4.9000000e+01  -1.1600000e+02
   1.3700000e+02   1.7000000e+01
   4.9000000e+01  -8.5000000e+01
   2.2000000e+01  -1.0000000e+00
   2.1000000e+01  -5.5000000e+01
   1.0100000e+02   6.0000000e+01
   2.3000000e+01  -6.0000000e+01
   2.0000000e+01  -1.0000000e+00
   5.6000000e+01  -9.9000000e+01
   3.2000000e+01  -2.3000000e+01
   3.5000000e+01   2.8000000e+01
   3.3000000e+01   6.0000000e+01
   2.0000000e+01  -9.5000000e+01
   2.0000000e+01   5.6000000e+01
   2.0000000e+01  -1.0600000e+02
   2.0000000e+01   1.5000000e+01
   2.0000000e+01   1.0000000e+01
   7.6000000e+01  -3.0000000e+01
   5.5000000e+01  -1.0400000e+02
   8.0000000e+01   4.6000000e+01
   2.3000000e+01  -1.2000000e+02
   2.0000000e+01  -5.7000000e+01
   2.1000000e+01   1.1000000e+01
   3.1000000e+01  -1.2000000e+02
   2.0000000e+01   1.1000000e+01
   2.0000000e+01  -7.5000000e+01
   2.7000000e+01   6.0000000e+00
   3.0000000e+01  -1.5000000e+01
   2.2000000e+01  -4.1000000e+01
