   9.3300000e+02   2.5757959e+01
   1.4700000e+02  -1.0392711e+02
   7.7000000e+01  -1.2797628e+01
   2.0000000e+01  -1.1693684e+02
   1.1400000e+02   5.9703867e+01
   1.9700000e+02  -8.9876380e+01
   1.4600000e+02  -2.4229464e+00
   4.4000000e+01  -1.1295807e+02
   5.3000000e+01  -4.3467723e+01
   1.2700000e+02   2.9481412e+01
   1.5200000e+02  -8.9945670e+01
   2.5000000e+01  -5.5648102e+01
   5.7600000e+02   5.6689884e+01
   4.0000000e+01  -8.9252990e+01
   3.0000000e+01  -8.2058875e+00
   6.2600000e+02  -5.9942697e+01
   2.5000000e+01   3.6037809e+01
   6.2500000e+02  -7.0383652e+01
   3.0200000e+02   2.9756496e+01
   2.0000000e+01  -1.1909687e+02
   2.0000000e+01   1.3154813e+01
   1.2400000e+02  -4.0111877e+01
   2.4000000e+02   5.1466752e+01
   1.9800000e+02  -5.5372894e+01
   5.4000000e+01   5.8919904e+01
   3.3000000e+01  -1.1443870e+02
   3.8000000e+01  -1.3040929e+00
   2.3000000e+01  -3.4678823e+01
   4.4000000e+01   2.4112579e+01
   2.0000000e+01  -8.7714077e+01
   1.0400000e+02   5.8415810e+01
   2.0000000e+01  -7.7903056e+01
   2.0000000e+01   2.9229718e+01
   2.1000000e+01  -9.8232926e+01
   2.0000000e+01  -1.3084938e+01
   2.0000000e+01   3.1863106e+00
   2.0000000e+01  -1.0532064e+02
   2.0000000e+01   5.6739757e+00
   2.0000000e+01   4.7177921e+01
   5.8000000e+01  -1.1931661e+02
   3.4000000e+01  -1.9717003e+01
   2.0000000e+01  -7.3577528e+01
   5.3900000e+02   4.4532237e+01
   2.8000000e+01  -8.9922286e+01
   2.0000000e+01   5.9203124e+01
   4.2000000e+01  -1.1929523e+02
   2.4000000e+01   3.2041780e+01
   2.0000000e+01   4.5660384e+01
   2.1000000e+01   5.1464328e+01
   2.0000000e+01  -1.1822858e+02
   2.1000000e+01  -8.2289543e+01
