   4.6800000e+02   2.9322099e+01
   9.4000000e+01  -1.0966623e+02
   2.6700000e+02  -3.1384113e+00
   2.0000000e+01  -1.1578224e+02
   1.2600000e+02   5.8182278e+01
   2.3300000e+02  -8.8194660e+01
   1.7600000e+02   2.9987918e+01
   4.0000000e+01  -8.8055466e+01
   3.4000000e+01  -2.2061754e+01
   2.1000000e+01  -1.1767322e+02
   2.1000000e+01  -3.2963543e+01
   2.0000000e+01  -8.8996481e+01
   1.0300000e+02   5.9953101e+01
   2.6000000e+01  -9.4893401e+01
   2.0000000e+01   3.9719559e-02
   9.8000000e+01  -5.9243326e+01
   1.2000000e+02   5.9918755e+01
   2.6000000e+01  -8.9972080e+01
   6.0000000e+01   2.9626584e+01
   2.4000000e+01  -5.8964462e+01
   2.0000000e+01  -1.5044832e+01
   6.9000000e+01  -1.1932325e+02
   3.4000000e+01  -4.7210650e+01
   2.0000000e+01  -7.3119238e+01
   1.8000000e+02   3.6777624e+01
   1.9200000e+02  -5.5656992e+01
   2.9000000e+01   1.2800062e+01
   4.0000000e+01   4.0106317e+01
   1.0000000e+02  -8.9658372e+01
   2.8000000e+01  -1.5865279e+01
   3.6000000e+01   5.6849904e+01
   2.0000000e+01  -9.4339396e+01
   2.5000000e+01  -1.3584728e+01
   2.1000000e+01   5.8611425e+01
   2.0000000e+01  -9.5131263e+01
   2.1000000e+01   2.7729994e+01
   1.0400000e+02  -2.4279236e+01
   3.6000000e+01  -1.1020523e+02
   4.2100000e+02   4.3440019e+01
   4.8000000e+01  -9.5893133e+01
   9.3000000e+01   5.5268626e+01
   1.0500000e+02  -1.2682517e+01
   1.8500000e+02   4.6176053e+01
   2.7000000e+01  -9.0758901e+01
   8.3000000e+02   4.8709010e+01
   3.8000000e+01  -9.0255320e+01
   2.3000000e+01  -1.0913512e+01
   2.0000000e+01  -4.1959321e+01
   2.3000000e+01  -1.1883135e+02
   2.2000000e+01   1.1088282e+01
   2.0000000e+01  -7.7779747e+01
