   1.1260000e+03   2.9531215e+01
   5.1600000e+02  -8.8943600e+01
   1.0290000e+03  -2.3431497e-01
   2.6000000e+01  -1.1662601e+02
   6.8000000e+01   5.9808882e+01
   3.5000000e+01  -1.0255974e+02
   3.1000000e+01  -1.1017430e+01
   4.0000000e+01  -1.1998055e+02
   2.4200000e+02  -5.2711065e+01
   2.8300000e+02   2.9864258e+01
   4.8000000e+01  -8.7599922e+01
   2.0000000e+01   2.9122235e+00
   2.5000000e+01  -9.4544316e+01
   2.3900000e+02   3.6267918e+01
   1.7800000e+02  -8.6844501e+01
   4.3000000e+01  -2.6991562e+01
   1.5100000e+02  -8.9750059e+01
   2.0000000e+01  -3.8610615e+01
   4.1200000e+02   4.0892045e+01
   3.8100000e+02  -5.3079660e+01
   2.5000000e+02  -1.6860606e+00
   4.1000000e+01  -8.9404776e+01
   5.7000000e+01   1.4743545e+01
   8.2800000e+02  -5.7137677e+01
   1.0700000e+02   5.8470700e+01
   3.7000000e+01  -9.4936689e+01
   2.3000000e+01   4.2228602e+01
   2.7500000e+02   5.1450371e+01
   3.1000000e+01  -8.9944602e+01
   2.5600000e+02  -1.5324687e+01
   4.6000000e+01  -1.1677592e+02
   2.0000000e+01   1.0720978e+01
   2.1000000e+01  -6.7363258e-02
   2.9000000e+01  -1.1976001e+02
   2.9000000e+01  -1.3791209e+01
   2.5000000e+01  -9.9362870e+01
   4.0000000e+01   5.9950563e+01
   2.5000000e+01  -1.1239313e+02
   2.1000000e+01  -3.6137687e+01
   1.0100000e+02   5.9604738e+01
   3.0000000e+01  -5.7003877e+01
   2.0000000e+01  -1.7772318e+01
   2.0000000e+01  -9.2923519e+01
   2.2000000e+01   9.9106414e+00
   2.0000000e+01  -1.1066420e+02
   2.3400000e+02  -5.5862761e+01
   1.1600000e+02  -2.8519184e+01
   1.3300000e+02  -3.3308008e+01
   2.1700000e+02   5.7087267e+01
   3.7000000e+01  -8.0082799e+01
   6.4000000e+01   4.4409529e+01
