   1.2990000e+03   2.9000000e+01
   3.6500000e+02  -9.0000000e+01
   3.1400000e+02  -1.2000000e+01
   2.0000000e+01  -9.8000000e+01
   6.2000000e+01   6.0000000e+01
   5.3000000e+01  -1.0900000e+02
   4.7000000e+01   6.0000000e+01
   1.4700000e+02  -9.0000000e+01
   4.2000000e+01  -4.4000000e+01
   2.0000000e+01  -7.6000000e+01
   2.4900000e+02  -1.0000000e+00
   2.0000000e+01  -8.6000000e+01
   3.7000000e+01   2.9000000e+01
   3.6000000e+01  -1.1800000e+02
   2.1000000e+01  -3.4000000e+01
   2.0000000e+01  -1.1700000e+02
   1.2000000e+02   5.9000000e+01
   2.4600000e+02  -6.0000000e+01
   4.8000000e+01   5.5000000e+01
   2.3000000e+01  -1.1600000e+02
   1.4300000e+02  -2.3000000e+01
   2.0000000e+01  -5.9000000e+01
   2.0000000e+01  -1.4000000e+01
   2.0000000e+01  -4.5000000e+01
   3.6000000e+01   6.0000000e+01
   2.0000000e+01  -8.0000000e+01
   2.0000000e+01  -1.1000000e+01
   3.6000000e+01  -9.9000000e+01
   8.5300000e+02   2.9000000e+01
   1.3100000e+02  -5.9000000e+01
   2.0000000e+01   1.2000000e+01
   2.0000000e+01  -1.2000000e+02
   2.0000000e+01   1.9000000e+01
   5.1000000e+01  -1.1800000e+02
   3.6000000e+01  -1.1000000e+01
   3.8000000e+01  -7.1000000e+01
   3.6100000e+02   5.7000000e+01
   2.6000000e+01  -9.5000000e+01
   3.0900000e+02  -2.6000000e+01
   2.1000000e+01  -1.0200000e+02
   2.0000000e+01  -4.9000000e+01
   2.0000000e+01   3.3000000e+01
   2.0000000e+01  -7.1000000e+01
   2.0000000e+01  -1.1900000e+02
   2.0000000e+01  -9.0000000e+00
   2.0000000e+01   4.3000000e+01
   2.0000000e+01  -1.1900000e+02
   2.0000000e+01  -1.4000000e+01
   2.0000000e+01  -2.8000000e+01
   2.4000000e+01  -1.2000000e+02
   2.0000000e+01  -4.2000000e+01
