   2.9000000e+01  -2.0000000e+00
   9.5800000e+02   2.5000000e+01
   6.1000000e+01  -1.0800000e+02
   5.9700000e+02   4.7000000e+01
   2.9500000e+02  -8.9000000e+01
   6.1000000e+01  -1.5000000e+01
   2.3000000e+01  -1.2000000e+02
   5.2300000e+02   2.3000000e+01
   1.3900000e+02  -8.7000000e+01
   2.0000000e+01   4.2000000e+01
   4.1000000e+01  -1.1500000e+02
   4.1000000e+01  -4.7000000e+01
   2.1000000e+01  -1.1800000e+02
   2.0000000e+01  -3.4000000e+01
   2.0000000e+01  -8.1000000e+01
   4.5100000e+02   3.4000000e+01
   1.5200000e+02  -8.2000000e+01
   2.3600000e+02  -8.0000000e+00
   4.2000000e+01  -8.8000000e+01
   2.3000000e+01   6.0000000e+00
   3.2000000e+02  -5.3000000e+01
   1.1400000e+02   5.9000000e+01
   3.0000000e+02  -5.9000000e+01
   4.8000000e+01  -1.0000000e+00
   2.1000000e+01  -5.0000000e+01
   4.2000000e+01  -1.1300000e+02
   2.4000000e+01   4.0000000e+00
   4.6000000e+01  -1.1200000e+02
   2.0000000e+01   3.4000000e+01
   2.0000000e+01  -7.9000000e+01
   1.0600000e+02   6.0000000e+01
   2.0000000e+01  -1.1400000e+02
   2.1000000e+01   3.0000000e+00
   2.0000000e+01   5.1000000e+01
   2.1000000e+01  -9.2000000e+01
   2.0000000e+01   4.4000000e+01
   2.5000000e+01  -1.0100000e+02
   2.8000000e+01  -5.3000000e+01
   2.3000000e+01   1.6000000e+01
   1.2100000e+02   5.6000000e+01
   2.2000000e+01  -7.6000000e+01
   7.7000000e+01   4.9000000e+01
   2.2000000e+01  -1.8000000e+01
   2.0000000e+01  -1.0400000e+02
   2.0000000e+01  -1.7000000e+01
   2.0000000e+01  -4.7000000e+01
   3.8000000e+01   5.8000000e+01
   2.1000000e+01   9.0000000e+00
   2.0000000e+01  -7.0000000e+01
   2.0000000e+01  -9.5000000e+01
   2.0000000e+01   1.8000000e+01
