   4.2500000e+02   2.9793396e+01
   3.4000000e+01  -1.1020917e+02
   2.8000000e+01  -1.6297327e+00
   2.0000000e+01  -1.1408548e+02
   1.0400000e+02   5.9685708e+01
   1.9800000e+02  -8.9781247e+01
   7.4600000e+02   2.4910888e+01
   8.1000000e+01  -1.1550690e+02
   1.0900000e+02  -1.3620739e+01
   2.3000000e+01  -1.1795178e+02
   1.3300000e+02   5.9950496e+01
   2.7000000e+02  -8.6774188e+01
   1.1800000e+02   9.5619878e+00
   1.4700000e+02  -8.8521817e+01
   2.7200000e+02  -4.3917089e+01
   1.0800000e+02   5.9983962e+01
   2.9400000e+02  -5.8861593e+01
   4.1800000e+02  -7.2947513e-01
   6.5000000e+01  -8.9169145e+01
   2.6000000e+01  -1.1814151e+01
   2.3000000e+01  -5.8108889e+01
   1.7100000e+02   5.9950096e+01
   1.6000000e+02  -5.9672900e+01
   2.0000000e+01   2.9218639e+01
   6.9000000e+01  -1.1962890e+02
   2.2000000e+01  -3.4698387e+01
   2.2000000e+01  -8.5356677e+01
   2.0000000e+01   5.8818670e+01
   2.0000000e+01   1.2684514e+01
   2.0000000e+01  -1.0485457e+02
   3.5000000e+01   5.9534995e+01
   2.3000000e+01  -9.4635626e+01
   2.5000000e+01   1.4166089e+01
   4.6800000e+02   5.2011128e+01
   5.8000000e+01  -8.7525894e+01
   7.3200000e+02  -9.5443342e+00
   2.0000000e+01   2.2444725e+01
   2.5000000e+01  -9.4559268e+01
   4.3000000e+01   5.5977202e+01
   2.1000000e+01   1.9123288e+01
   2.2000000e+01  -1.1291689e+02
   2.6000000e+01  -4.2815471e+01
   2.0000000e+01   1.4269410e+01
   2.1000000e+01  -1.1478739e+02
   2.1000000e+01   5.4898564e+01
   9.9000000e+01   5.9662064e+01
   2.0000000e+01  -7.9678442e+01
   2.4000000e+01  -1.7870525e+01
   3.8000000e+01  -9.3184705e+01
   2.2000000e+01  -5.9748293e+01
   2.1000000e+01   3.0984231e+01
