   1.0500000e+03   2.9674381e+01
   4.6600000e+02  -8.7478086e+01
   1.6100000e+02  -1.4338364e+01
   5.7000000e+01   5.3766753e+01
   2.1000000e+01  -1.1617286e+02
   3.0000000e+01  -1.2076104e+01
   3.6000000e+01  -8.9786092e+01
   6.2000000e+01   5.7834635e+01
   1.2300000e+02  -9.4351339e+01
   2.3100000e+02   2.6220938e+01
   2.2000000e+01  -7.9525280e+01
   1.1700000e+02   5.4781816e+01
   3.3200000e+02  -5.8327996e+01
   1.0950000e+03  -5.2752257e+01
   2.1000000e+01  -1.1802248e+02
   4.2300000e+02  -5.1509512e+01
   2.0000000e+01  -1.1900891e+02
   2.1000000e+01  -5.2422478e+01
   2.0000000e+01  -1.1463212e+02
   2.8000000e+01  -1.4159995e+01
   2.0000000e+01  -6.7629478e+01
   2.7800000e+02   4.8157707e+01
   4.2000000e+01  -9.3596244e+01
   5.3000000e+01  -2.1011211e+01
   2.2100000e+02   5.7007928e+01
   1.3300000e+02  -8.9406252e+01
   2.2000000e+01   2.4611239e+01
   3.5000000e+01   5.2804364e+01
   3.1000000e+01  -8.9385377e+01
   2.0000000e+01  -8.8666556e+00
   2.4000000e+01  -9.6501125e+01
   2.2000000e+01   1.0255575e+01
   2.0000000e+01  -3.5510186e+01
   2.0000000e+01   1.0889311e+01
   2.0000000e+01  -1.1490234e+02
   2.0000000e+01  -5.6481037e+01
   2.6900000e+02  -3.0025219e+01
   2.5000000e+01  -9.9582302e+01
   3.4000000e+01  -2.1809917e+01
   7.3000000e+01   5.9794809e+01
   2.4000000e+01  -9.2063377e+01
   2.1000000e+01   4.4733280e+01
   2.1000000e+01   5.9398703e+01
   2.6000000e+01  -9.2478761e+01
   2.1000000e+01   1.4066314e+01
   5.4000000e+01   5.9894598e+01
   3.4000000e+01  -5.5681199e+01
   2.0000000e+01   4.5632883e+01
   2.2000000e+01  -2.4378072e+01
   4.2000000e+01  -1.1461338e+02
   4.1000000e+01   3.3952808e+01
