   4.3900000e+02   2.9634530e+01
   1.3500000e+02  -1.0154958e+02
   2.8000000e+01  -1.1154905e+01
   2.3000000e+01  -9.1772564e+01
   5.6200000e+02   5.7419519e+01
   2.3500000e+02  -8.9937259e+01
   5.1000000e+01   5.8748523e+01
   2.0400000e+02  -8.6685691e+01
   3.8000000e+01  -5.0716166e+01
   5.0300000e+02   2.9951405e+01
   8.5000000e+01  -1.1384437e+02
   2.0000000e+01  -3.0708243e+01
   4.1800000e+02  -9.2419665e+00
   3.6000000e+01  -8.8253649e+01
   2.9000000e+02   8.8807633e+00
   4.3100000e+02   3.9446763e+01
   6.3300000e+02  -5.8604912e+01
   2.9000000e+01  -1.1531297e+01
   1.4100000e+02  -8.0360682e+01
   5.0000000e+01   1.0215824e+01
   5.9500000e+02  -1.0895868e+02
   9.8000000e+01   5.9944337e+01
   3.3000000e+01  -8.8607173e+01
   2.2000000e+01  -8.8373408e-02
   2.7000000e+01  -5.8566491e+01
   2.8000000e+01  -1.0283773e+02
   1.0400000e+02   2.1616153e+00
   1.2900000e+02   5.9994522e+01
   2.1000000e+01  -9.2324058e+01
   2.1000000e+01   2.5276664e+01
   2.0000000e+01  -3.1852303e+00
   2.4000000e+01  -1.0660128e+02
   2.0000000e+01   5.7939393e+01
   2.1000000e+01  -1.1268205e+01
   3.7000000e+01  -1.1805157e+02
   2.1000000e+01  -2.7762820e+01
   3.4000000e+01  -1.1728598e+02
   4.0000000e+01  -2.4179620e+01
   2.0000000e+01  -7.5789069e+01
   2.8000000e+01   5.3642590e+01
   2.0000000e+01  -4.0493310e+01
   2.1000000e+01  -2.0352931e+01
   1.5000000e+02   5.9869915e+01
   2.0000000e+01  -9.2646835e+01
   4.9000000e+01  -1.0636828e+01
   6.0000000e+01   5.9693832e+01
   2.0000000e+01  -9.2838525e+01
   2.0000000e+01  -5.6217671e+01
   2.7000000e+01   5.9368742e+01
   4.0000000e+01  -9.6640379e+01
   9.7000000e+01  -1.8866380e+01
