   7.2900000e+02   2.9000000e+01
   1.1000000e+02  -1.0900000e+02
   2.3000000e+01  -3.0000000e+00
   2.4000000e+01  -1.1700000e+02
   1.1300000e+02   6.0000000e+01
   1.9600000e+02  -9.0000000e+01
   1.2800000e+02   3.3000000e+01
   6.5000000e+01  -9.5000000e+01
   3.2000000e+01  -3.2000000e+01
   1.6900000e+02   2.9000000e+01
   2.7500000e+02  -8.7000000e+01
   2.1000000e+01  -4.0000000e+01
   3.0800000e+02   5.7000000e+01
   8.1000000e+01  -9.0000000e+01
   9.3000000e+01  -1.7000000e+01
   4.5000000e+01  -9.0000000e+01
   6.8000000e+01   6.0000000e+01
   2.4600000e+02  -6.0000000e+01
   2.0000000e+01   7.0000000e+00
   2.0000000e+01  -1.1800000e+02
   2.3000000e+01  -3.0000000e+00
   2.0000000e+01  -1.1900000e+02
   2.0000000e+01   9.0000000e+00
   2.0000000e+01  -8.1000000e+01
   2.0000000e+01  -1.2000000e+02
   2.5000000e+01  -5.0000000e+00
   2.0000000e+01  -6.8000000e+01
   2.0000000e+01   3.5000000e+01
   2.0000000e+01  -1.1900000e+02
   2.0000000e+01  -3.9000000e+01
   1.2300000e+02   6.0000000e+01
   4.0000000e+01  -5.9000000e+01
   2.4000000e+01   1.6000000e+01
   2.0000000e+01  -1.2000000e+01
   2.1000000e+01  -1.0900000e+02
   2.0000000e+01  -1.8000000e+01
   2.1800000e+02   5.7000000e+01
   3.0000000e+01  -9.3000000e+01
   6.6000000e+01   4.3000000e+01
   2.0000000e+01   2.2000000e+01
   2.4000000e+01  -1.2000000e+02
   2.0000000e+01   1.0000000e+01
   2.0000000e+01  -3.6000000e+01
   2.0000000e+01   2.7000000e+01
   2.0000000e+01  -4.4000000e+01
   2.0000000e+01  -0.0000000e+00
   2.0000000e+01  -1.1800000e+02
   2.0000000e+01  -2.7000000e+01
   2.0000000e+01  -7.8000000e+01
   2.0000000e+01   9.0000000e+00
   2.0000000e+01  -4.9000000e+01
