   1.3670000e+03   2.6000000e+01
   2.0900000e+02  -8.7000000e+01
   1.4200000e+02  -9.9000000e+01
   2.4900000e+02  -1.0000000e+00
   2.1000000e+01  -1.2000000e+02
   2.1000000e+01  -3.5000000e+01
   6.7000000e+01   6.0000000e+01
   2.1000000e+01  -1.1000000e+02
   2.5000000e+01  -7.0000000e+00
   1.0900000e+02  -8.6000000e+01
   4.5000000e+01  -1.0000000e+00
   2.0000000e+01  -1.1300000e+02
   1.0900000e+02   5.9000000e+01
   2.4800000e+02  -6.0000000e+01
   2.2000000e+01   3.6000000e+01
   1.5600000e+02  -9.0000000e+01
   2.0000000e+01   1.5000000e+01
   2.1000000e+01  -5.8000000e+01
   1.7500000e+02   6.0000000e+01
   4.2000000e+01  -9.0000000e+01
   2.0000000e+01  -3.0000000e+00
   3.2000000e+01  -1.1000000e+02
   2.0000000e+01   1.4000000e+01
   2.0000000e+01  -5.8000000e+01
   5.3000000e+01  -1.1700000e+02
   3.6000000e+01  -1.6000000e+01
   4.2000000e+01  -6.9000000e+01
   1.1600000e+02   6.0000000e+01
   2.3000000e+01  -6.0000000e+01
   2.0000000e+01  -1.6000000e+01
   2.2000000e+01  -1.2000000e+02
   2.0000000e+01   5.1000000e+01
   2.0000000e+01   2.0000000e+01
   3.8000000e+01   6.0000000e+01
   2.0000000e+01  -9.5000000e+01
   2.1000000e+01   1.6000000e+01
   2.7200000e+02   5.6000000e+01
   2.9000000e+01  -9.3000000e+01
   1.9800000e+02   2.5000000e+01
   2.3000000e+01  -1.2000000e+02
   2.0000000e+01  -5.5000000e+01
   2.0000000e+01   3.4000000e+01
   2.0000000e+01   2.6000000e+01
   2.0000000e+01  -1.2000000e+02
   2.0000000e+01  -4.8000000e+01
   3.7000000e+01  -1.2000000e+02
   2.0000000e+01   3.1000000e+01
   2.0000000e+01  -7.1000000e+01
   2.0000000e+01   7.0000000e+00
   2.0000000e+01  -4.5000000e+01
   2.0000000e+01  -4.6000000e+01
