   7.0500000e+02   2.9723225e+01
   1.0800000e+02  -1.0963568e+02
   1.1300000e+02  -1.7701503e+00
   2.0000000e+01  -9.7164424e+01
   1.1700000e+02   5.8940948e+01
   2.0100000e+02  -8.9496593e+01
   3.7800000e+02  -1.1819964e+01
   3.0000000e+01  -8.9500873e+01
   8.6000000e+01  -3.0032177e+01
   4.2800000e+02  -6.9747893e+01
   1.1000000e+02   5.9783906e+01
   6.4600000e+02  -5.7712868e+01
   2.6000000e+01   3.1467210e+01
   5.7000000e+01  -1.1656974e+02
   2.0000000e+01  -3.1603820e+01
   1.2600000e+02   5.9970712e+01
   5.1000000e+01  -8.9808862e+01
   3.0200000e+02  -2.6819701e+01
   1.6900000e+02  -8.7356098e+01
   9.4000000e+01   1.1345609e+01
   3.8600000e+02  -9.4338911e+01
   2.2000000e+01  -5.8167022e+00
   2.0000000e+01  -1.1297907e+02
   2.0000000e+01   5.4870916e+01
   1.0400000e+02   5.9978973e+01
   2.0000000e+01  -1.1852643e+02
   2.1000000e+01   2.1841549e+00
   5.3600000e+02  -5.9916705e+01
   2.0000000e+01   2.9594862e+01
   2.0000000e+01  -3.6118256e+01
   1.0100000e+02   5.9926175e+01
   2.9000000e+01  -5.6943306e+01
   2.0000000e+01  -1.7679122e+01
   2.0000000e+01   2.4990609e+01
   2.0000000e+01  -1.1260564e+02
   2.0000000e+01  -1.9288010e+01
   2.1000000e+01  -1.0284235e+02
   2.1000000e+01  -9.5773936e+00
   2.1000000e+01   4.1019199e+01
   5.0000000e+01  -1.1974268e+02
   3.3000000e+01  -1.7520646e+01
   2.0000000e+01  -7.4273736e+01
   6.6000000e+01   5.5965667e+01
   3.6000000e+01  -9.1330621e+01
   4.0000000e+01  -5.1646315e+01
   2.2000000e+01  -1.1535738e+02
   6.6000000e+01   4.4630300e+01
   2.5000000e+01  -3.1384623e+00
   4.9000000e+01   5.6499830e+01
   2.0000000e+01  -9.3050801e+01
   2.1000000e+01   5.3631562e+01
