   6.6200000e+02   2.9000000e+01
   1.1900000e+02  -1.0700000e+02
   2.5000000e+01  -3.0000000e+00
   2.0000000e+01  -9.5000000e+01
   1.0900000e+02   6.0000000e+01
   1.9500000e+02  -9.0000000e+01
   7.0000000e+01  -1.0000000e+00
   2.0000000e+01  -9.5000000e+01
   2.0000000e+01   8.0000000e+00
   2.0000000e+01  -8.4000000e+01
   3.9000000e+01   5.3000000e+01
   2.0000000e+01  -8.5000000e+01
   7.0000000e+01   2.9000000e+01
   9.7000000e+01  -9.0000000e+01
   2.0000000e+01  -4.1000000e+01
   1.7600000e+02   6.0000000e+01
   3.0000000e+01  -8.9000000e+01
   2.3000000e+01  -1.1000000e+01
   7.4000000e+01  -1.1800000e+02
   5.8000000e+01  -4.6000000e+01
   7.5000000e+01  -6.9000000e+01
   1.0900000e+02   6.0000000e+01
   2.4600000e+02  -6.0000000e+01
   2.0000000e+01  -3.0000000e+00
   2.0000000e+01  -5.1000000e+01
   2.0000000e+01  -1.1000000e+02
   2.0000000e+01   5.7000000e+01
   7.4600000e+02   4.9000000e+01
   3.1000000e+01  -9.4000000e+01
   1.6000000e+02   1.7000000e+01
   2.0000000e+01  -9.5000000e+01
   3.4000000e+01   6.0000000e+01
   2.1000000e+01  -6.0000000e+01
   1.8400000e+02   4.8000000e+01
   2.3000000e+01  -1.1900000e+02
   7.8000000e+01   2.2000000e+01
   2.0000000e+01  -1.0300000e+02
   2.0000000e+01   4.0000000e+00
   2.0000000e+01  -5.5000000e+01
   2.0000000e+01  -1.1900000e+02
   2.3000000e+01  -2.0000000e+00
   2.0000000e+01  -4.1000000e+01
   2.7000000e+01  -1.2000000e+02
   2.3000000e+01  -1.0000000e+00
   2.0000000e+01  -7.6000000e+01
   2.0000000e+01  -1.1900000e+02
   2.0000000e+01  -4.7000000e+01
   2.0000000e+01  -3.9000000e+01
   2.0000000e+01  -4.0000000e+00
   4.1000000e+01  -1.1800000e+02
   4.2200000e+02   4.6000000e+01
