   7.9500000e+02   2.7120830e+01
   5.1000000e+01  -1.1046441e+02
   5.3000000e+01  -2.8312055e+01
   3.6000000e+01  -1.1619611e+02
   6.9000000e+01  -1.3045290e+01
   4.3000000e+01  -5.6633570e+01
   1.1600000e+02   5.9056834e+01
   2.0000000e+01  -1.7269088e+01
   1.9600000e+02  -8.9933965e+01
   4.0000000e+01   4.9629052e+01
   9.3000000e+01  -8.9327296e+01
   2.1000000e+01   2.1278782e+01
   4.9000000e+01  -5.4628919e+01
   2.0000000e+01  -4.3614574e+00
   2.0000000e+01  -7.5886075e+01
   2.5400000e+02   4.6465816e+01
   3.1400000e+02  -5.8353555e+01
   8.2000000e+01  -8.1571312e+01
   5.7000000e+01  -1.4084461e+01
   3.5000000e+01  -1.0701945e+02
   2.7000000e+01  -5.6302017e+01
   7.8100000e+02   2.9911058e+01
   3.8600000e+02  -1.1312455e+02
   8.9000000e+01  -5.0006948e+01
   1.9400000e+02   5.9891086e+01
   8.7000000e+01  -8.9689579e+01
   2.0000000e+01   5.7653353e+01
   2.2000000e+01   2.2063773e+01
   2.1000000e+01  -5.9471977e+01
   2.1000000e+01  -1.4971880e+01
   2.8000000e+01  -9.2076954e+01
   5.7000000e+01   2.1600039e+01
   9.0000000e+01  -3.0698639e+01
   6.3000000e+01  -1.1712299e+02
   5.6000000e+01  -2.4716796e+01
   2.5000000e+01  -1.0264754e+02
   3.2000000e+01  -2.0374414e+01
   2.1000000e+01  -6.2669875e+01
   2.0000000e+01  -3.1125748e+01
   2.0000000e+01  -2.1466760e+01
   2.0000000e+01  -1.1765951e+02
   2.0000000e+01   3.8414705e+01
   2.0000000e+01  -4.5257598e+01
   5.0000000e+01   5.5666002e+01
   2.1000000e+01  -7.3010845e+01
   5.3000000e+01   5.9842839e+01
   2.0000000e+01  -9.7053409e+01
   2.0000000e+01   2.2974075e+01
   2.0000000e+01  -1.8241715e+01
   2.0000000e+01  -1.1406015e+02
   2.0000000e+01   1.0141040e+01
