   6.8500000e+02   2.9964038e+01
   5.5000000e+01  -1.0990007e+02
   2.9000000e+01  -6.6815717e+00
   2.1000000e+01  -1.1366503e+02
   5.8800000e+02   5.9970711e+01
   2.3400000e+02  -8.9968304e+01
   3.5900000e+02   2.9772691e+01
   3.5400000e+02  -8.6920922e+01
   2.1100000e+02  -1.5294790e+01
   2.0000000e+01  -7.4563478e+01
   2.3000000e+01  -1.1942071e+02
   2.1000000e+01  -3.3055386e+01
   1.7200000e+02   5.0473864e+01
   2.9000000e+01  -8.9107751e+01
   3.4000000e+01  -2.3338604e+01
   2.1000000e+01  -1.1172303e+02
   2.1300000e+02   4.3884394e+01
   3.4200000e+02  -5.3610241e+01
   2.2000000e+01  -1.1951839e+02
   2.3300000e+02  -3.0102422e+01
   3.2000000e+01  -9.5837645e+01
   6.0000000e+01   1.9326241e+01
   3.4000000e+01  -8.8226845e+01
   2.1000000e+01  -4.1985366e+01
   1.2200000e+02   5.9753437e+01
   7.2000000e+01  -5.6761431e+01
   5.6700000e+02  -2.9928627e+01
   2.4000000e+01  -9.3169163e+01
   2.1000000e+01   1.4864157e+01
   2.9000000e+01  -3.5143229e+01
   2.0000000e+01  -1.0364233e+02
   6.6000000e+01   5.9888857e+01
   2.0000000e+01   2.6249593e+01
   2.4000000e+01  -1.1862895e+02
   2.2000000e+01  -7.4053507e+00
   2.1000000e+01  -1.0141505e+02
   4.2000000e+01  -1.1812627e+02
   2.5000000e+01  -3.6519098e+00
   2.3000000e+01  -1.0479722e+02
   3.1900000e+02   5.6977708e+01
   2.9000000e+01  -9.3387113e+01
   2.4000000e+01   9.4768499e+00
   2.3000000e+01  -2.9559874e+01
   3.8000000e+01  -9.3616884e+01
   2.2000000e+01  -5.0823030e+01
   3.3800000e+02   4.1036887e+01
   2.9000000e+01  -8.2578058e+01
   1.8000000e+02   3.2811429e+01
   2.2000000e+01   5.1716314e+00
   2.0000000e+01  -1.1729080e+02
   2.0000000e+01  -2.6557717e+01
