   4.9200000e+02   2.7799762e+01
   3.3000000e+01  -1.1114320e+02
   3.4000000e+01  -3.0528671e+00
   3.1000000e+01  -1.1936533e+02
   3.8000000e+01  -2.1459855e+01
   2.0000000e+01  -1.1907211e+02
   3.1000000e+01  -4.5971813e+01
   1.1400000e+02   5.9811215e+01
   2.0500000e+02  -8.9440711e+01
   9.5000000e+01   5.9842095e+01
   2.0000000e+01  -1.1533579e+02
   5.5900000e+02   2.9350060e+01
   3.1300000e+02  -5.6803074e+01
   7.3200000e+02  -7.5650204e+00
   3.2600000e+02  -8.0931624e+01
   8.4000000e+01   2.4003240e+01
   3.0000000e+01  -8.9998828e+01
   2.8000000e+01  -4.6980879e+01
   1.7300000e+02   5.9972419e+01
   2.8000000e+01  -8.9470857e+01
   2.3000000e+01  -9.7031124e-01
   2.4000000e+01  -1.1883620e+02
   3.1000000e+01  -1.7425717e+01
   3.5000000e+01  -5.4463457e+01
   4.5000000e+01  -1.1938564e+02
   3.7000000e+01   5.9467857e+01
   2.1000000e+01  -3.8925836e+01
   3.0000000e+01  -8.8495756e+01
   2.1000000e+01   9.9386515e+00
   2.2000000e+01   4.8695359e+00
   4.6000000e+01  -1.1987365e+02
   2.5000000e+01  -1.9048379e+00
   2.0000000e+01  -6.2244066e+01
   5.1000000e+01   5.7901866e+01
   2.0000000e+01  -9.3836260e+01
   2.2000000e+01  -3.4971855e+01
   1.9400000e+02   4.7743067e+01
   2.9000000e+01  -5.9116876e+01
   4.2300000e+02   2.4158948e+01
   4.5000000e+01  -9.6771086e+01
   5.8000000e+01   3.8978060e+01
   3.6000000e+01  -4.5329398e+01
   2.0000000e+01  -3.5739026e-01
   2.0000000e+01  -9.6818473e+01
   2.2000000e+01  -7.9000171e+00
   3.2100000e+02  -1.0573164e+02
   8.9000000e+01   3.0063981e+01
   3.5600000e+02  -5.0994608e+01
   2.5000000e+01   5.5492091e+01
   2.0000000e+01  -6.7130309e+01
   2.0000000e+01  -5.5222925e+01
