   4.6800000e+02   2.8998326e+01
   3.2000000e+01  -1.1232466e+02
   3.8000000e+01  -3.2370006e+00
   3.3000000e+01  -9.4282820e+01
   1.0200000e+02   5.9754663e+01
   1.9700000e+02  -8.9944887e+01
   4.6800000e+02   2.9860777e+01
   1.0600000e+02  -1.0989741e+02
   2.6000000e+01  -2.2088494e+00
   3.8000000e+01  -1.1065710e+02
   1.3000000e+02   4.2998350e+01
   1.1200000e+02  -8.6145393e+01
   5.0000000e+01   1.4491135e+01
   4.8000000e+01  -1.1123162e+02
   4.9000000e+01  -4.4512837e+01
   3.6600000e+02   4.5769275e+01
   4.2400000e+02  -5.3902119e+01
   2.4800000e+02  -2.7039797e+01
   2.0000000e+01  -5.9333285e+01
   2.0000000e+01   2.3768845e+01
   2.0000000e+01  -7.9677252e+01
   1.3900000e+02   5.9969946e+01
   8.8000000e+01  -8.9919527e+01
   2.1000000e+01  -5.3423652e-01
   5.7000000e+01  -1.1993203e+02
   2.2000000e+01  -3.3367098e+01
   2.0000000e+01  -8.0151831e+01
   2.1000000e+01   3.8101826e+01
   2.1000000e+01  -7.6488482e+01
   2.0000000e+01  -1.0967488e+02
   2.2000000e+02   5.0548753e+01
   4.9000000e+01  -1.1558693e+02
   6.3000000e+01   5.6084128e+01
   3.8000000e+02  -5.7503199e+01
   2.0000000e+01  -9.0203183e+00
   2.3000000e+01  -5.9995345e+01
   1.3300000e+02   5.9826049e+01
   2.0000000e+01  -9.2817716e+01
   2.5000000e+01   1.5456967e+01
   3.3000000e+01  -9.6850824e+01
   2.3700000e+02   5.0460189e+01
   3.9000000e+01  -1.0897828e+01
   2.4000000e+01  -9.1506177e+01
   2.5000000e+01  -1.1681222e+02
   2.1000000e+01  -4.6888587e+01
   2.0000000e+01  -3.6191834e+01
   2.3000000e+01  -1.1279149e+02
   2.0000000e+01  -8.8729083e+01
   6.7000000e+02   4.1302795e+01
   2.1000000e+01  -9.3269952e+01
   1.2400000e+02  -9.6753514e+00
