   2.7300000e+02   2.9606952e+01
   4.1000000e+01  -1.1750591e+02
   3.2000000e+01  -2.2889268e-01
   2.3000000e+01  -1.1471514e+02
   1.1400000e+02   5.9963332e+01
   5.5900000e+02  -8.4731097e+01
   5.6100000e+02   2.9932761e+01
   2.1000000e+02  -1.1564812e+02
   4.2400000e+02  -3.0113952e+01
   4.8000000e+01   5.8980494e+01
   3.6000000e+01  -8.8411474e+01
   4.2100000e+02  -5.2466404e+01
   1.1500000e+02  -9.4051461e+01
   4.4000000e+01  -2.7052939e+01
   2.0000000e+01  -6.1855949e+01
   2.6800000e+02   5.7609715e+01
   8.9000000e+01  -8.8597322e+01
   2.1100000e+02  -1.9691583e+00
   7.4000000e+01  -8.9765836e+01
   7.7000000e+01   5.9979773e+01
   5.2900000e+02  -5.4071835e+01
   2.4000000e+01  -1.1970581e+02
   9.4400000e+02   2.9073043e+01
   2.3000000e+01  -1.1357846e+02
   2.0000000e+01   1.5231269e+01
   2.0000000e+01  -1.0178108e+02
   1.0500000e+02  -2.9609529e+01
   4.6500000e+02  -5.9904112e+01
   2.1000000e+01  -8.9718092e+01
   2.1000000e+01   1.7368001e+01
   1.0500000e+02   5.9783964e+01
   2.9000000e+01  -5.7619120e+01
   2.1000000e+01   2.7390263e+01
   4.9900000e+02  -1.0311404e+01
   2.7000000e+01  -9.6538791e+01
   6.8000000e+01  -1.8908980e+01
   4.9000000e+01  -1.1192501e+02
   2.0000000e+01   5.0411775e+01
   2.0000000e+01  -1.1513013e+02
   2.1000000e+01  -5.1985776e+01
   2.6000000e+01   5.9309853e+01
   2.0000000e+01  -4.8511154e+01
   6.2000000e+01  -1.1512697e+02
   2.3000000e+01  -2.6775521e+00
   2.1000000e+01  -7.7220633e+01
   9.5000000e+01   5.8101567e+01
   2.0000000e+01  -9.5889432e+01
   2.0000000e+01   3.5809270e+01
   6.5000000e+01   5.9944306e+01
   2.3000000e+01  -7.6021987e+01
   2.7000000e+01   3.4034266e+01
