   6.7400000e+02   2.9978310e+01
   7.2000000e+01  -1.0618833e+02
   3.0000000e+01  -1.7644418e+01
   3.4000000e+01  -1.1582127e+02
   9.3000000e+01  -1.5546976e+01
   1.4400000e+02  -7.4805125e+01
   1.4200000e+02   5.9482940e+01
   1.3000000e+02  -8.9498302e+01
   1.3300000e+02  -1.9304926e+00
   2.1000000e+01  -9.8252939e+01
   3.7000000e+01   5.9596845e+01
   3.0000000e+02  -7.7300012e+01
   7.8300000e+02   1.9832663e+01
   6.6000000e+01  -1.1566376e+02
   2.8900000e+02  -5.0321387e+01
   2.0000000e+01  -1.1269842e+02
   2.1000000e+01  -3.2731154e+01
   2.0000000e+01  -1.9110387e+00
   1.1200000e+02   5.9906174e+01
   2.3000000e+01  -5.9741132e+01
   2.6000000e+01  -2.3385531e+01
   1.1500000e+02  -8.8299609e+01
   2.0000000e+01   1.5884575e+01
   3.7000000e+01  -5.4354670e+01
   2.8000000e+02  -5.0405171e+01
   8.4000000e+01  -8.7827983e+01
   6.6400000e+02   3.3955068e+01
   2.4000000e+01  -2.7693281e+01
   3.2000000e+01  -5.8979469e+01
   2.4000000e+01   1.9180740e+01
   2.0000000e+01   5.7386878e+01
   2.2000000e+01  -1.1361406e+02
   2.0000000e+01  -6.7376561e+00
   2.9900000e+02   4.7907472e+01
   2.2000000e+01  -1.1264619e+02
   1.5600000e+02   4.0379982e+01
   1.7100000e+02  -1.1160318e+02
   4.5000000e+01   5.0447994e+01
   3.0000000e+01  -6.0491851e+01
   2.3000000e+01   1.3504343e+01
   2.0000000e+01  -2.8563570e+01
   2.2000000e+01  -5.4715453e+01
   3.5900000e+02   4.7926955e+01
   2.0000000e+01  -1.1326017e+02
   2.4100000e+02  -5.6850236e+01
   3.7400000e+02   1.8235057e+01
   6.5000000e+01  -1.1573668e+02
   1.9500000e+02   2.6458339e+01
   7.5700000e+02   5.1177609e+01
   4.1000000e+01  -8.8249272e+01
   2.9100000e+02  -2.7430873e+01
