   1.1300000e+03   2.9689309e+01
   6.3800000e+02  -8.7248642e+01
   3.5000000e+01  -9.8911074e+00
   8.6000000e+01   4.9801903e+01
   4.8000000e+01  -1.0977664e+02
   3.0000000e+01  -1.0969625e+00
   2.4000000e+01  -1.1770390e+02
   3.6000000e+01   5.9835686e+01
   3.4000000e+02  -7.4654773e+01
   4.6300000e+02   2.9848323e+01
   3.4200000e+02  -1.0972852e+02
   2.1000000e+01  -3.7783452e+01
   3.7100000e+02   3.7723396e+01
   7.6000000e+01  -8.8035960e+01
   1.4000000e+02  -1.8729171e+01
   5.3800000e+02  -5.9503104e+01
   9.2000000e+01  -3.0078374e+01
   1.3300000e+02  -6.8574901e+01
   1.4200000e+02   5.5772994e+01
   4.0000000e+01  -5.4729660e+01
   2.1000000e+01   5.9655454e+01
   2.0000000e+01  -2.0598838e+01
   2.0000000e+01  -1.1328252e+02
   2.1000000e+01  -3.5999087e+01
   2.6000000e+01  -5.0316299e+01
   2.7000000e+01  -9.8182795e+01
   2.8000000e+01   1.2010309e+01
   4.5400000e+02   4.4975073e+01
   1.5900000e+02  -8.9661182e+01
   1.0000000e+02   5.4899332e+01
   3.4000000e+01  -7.7981565e+01
   1.2100000e+02  -4.1975975e+00
   7.1000000e+01  -3.1207163e+01
   2.1000000e+01  -1.1527428e+02
   7.5000000e+01  -2.9559166e+01
   2.0000000e+01  -7.6939127e+01
   2.1000000e+01   2.3250837e+01
   2.0000000e+01  -1.1475676e+02
   2.1000000e+01  -5.6198080e+01
   3.0000000e+01  -1.1997391e+02
   2.8000000e+01  -6.8745306e+00
   2.0000000e+01  -1.0768822e+02
   1.9100000e+02  -3.0006083e+01
   1.6700000e+02  -6.5584521e+01
   1.1000000e+02  -1.0460282e+02
   3.9800000e+02   5.3047922e+01
   2.6000000e+01  -1.1047542e+02
   8.6000000e+01   2.5168749e+01
   2.0000000e+01   4.4657728e+01
   2.9000000e+01  -8.9227244e+01
   2.1000000e+01   3.5517306e+01
