   6.9200000e+02   2.9681244e+01
   1.8700000e+02  -9.9659298e+01
   1.3500000e+02  -1.1152127e+01
   2.6000000e+01  -1.0986490e+02
   1.6100000e+02   5.4848465e+01
   2.0000000e+02  -8.9639317e+01
   9.0000000e+01  -2.8950195e-01
   4.3000000e+01  -1.1294240e+02
   4.2000000e+01  -5.0269148e+01
   1.0110000e+03   1.2720798e+01
   1.2400000e+02  -8.5443987e+01
   1.3900000e+02   4.3870360e+01
   3.0000000e+01  -1.0229826e+02
   1.0500000e+02   5.4978408e+01
   3.4000000e+01  -5.5279131e+01
   3.5000000e+02   2.8800851e+01
   8.4000000e+01  -8.7018442e+01
   8.4000000e+01  -1.1667270e+01
   3.5200000e+02  -5.7551084e+01
   5.8000000e+01  -9.6018471e+01
   3.2000000e+01   1.0011337e+01
   2.1100000e+02  -3.0590291e+01
   1.3400000e+02  -1.0604677e+01
   1.1400000e+02  -7.9208664e+01
   2.2000000e+01  -1.1721086e+02
   2.0000000e+01  -3.2476701e+01
   2.2000000e+01  -6.8989940e+01
   1.3200000e+02   5.8445333e+01
   3.7000000e+01  -5.6292573e+01
   2.7000000e+01  -7.4139127e-01
   2.6000000e+01   4.3295238e+01
   2.2000000e+01  -1.1992422e+02
   2.5000000e+01  -4.7097438e+01
   2.1000000e+01  -1.1330189e+02
   2.0000000e+01  -1.3120272e+01
   2.1000000e+01  -4.6839657e+01
   3.0000000e+01   5.8934070e+01
   2.5000000e+01  -9.1942988e+01
   2.2000000e+01   4.4212458e+00
   2.1600000e+02   5.2934643e+01
   2.3000000e+01  -9.1162292e+01
   5.3700000e+02   3.6776167e+01
   3.1000000e+01  -9.9490508e+00
   2.7000000e+01  -8.9456751e+01
   2.4000000e+01   1.4082431e+01
   2.0000000e+01   4.6487978e+01
   2.0000000e+01  -7.8676930e+01
   2.6000000e+01  -1.8146659e+01
   4.0200000e+02   3.8033912e+01
   2.3000000e+01  -1.1111568e+02
   7.6000000e+01   1.0792778e+01
