   2.9300000e+02   2.7220140e+01
   2.1000000e+01  -9.2827363e+01
   5.2600000e+02   2.9635449e+01
   3.5000000e+01  -1.0982437e+02
   6.4200000e+02  -1.5849398e+00
   1.3500000e+02  -8.8536194e+01
   7.1200000e+02   5.8295654e+01
   1.0100000e+02  -8.7856439e+01
   5.2000000e+01   3.9467088e+01
   1.7100000e+02  -8.9075158e+01
   3.2000000e+01  -1.1860670e+01
   2.1000000e+01  -7.5488342e+01
   2.1000000e+01  -3.8796905e+01
   2.9000000e+01  -1.1887300e+02
   3.0000000e+01  -1.3110537e+01
   2.1000000e+01  -1.1655898e+02
   2.5000000e+01  -4.0926978e+01
   2.0000000e+01  -6.7963710e+01
   1.2900000e+02   5.9122555e+01
   3.2000000e+01  -5.8069766e+01
   2.4000000e+01   1.4373483e+01
   2.4000000e+01  -1.0264043e+02
   3.6000000e+01  -7.6649854e+00
   3.4800000e+02  -5.8704597e+01
   3.0000000e+01   2.7668636e+01
   2.0000000e+01  -1.1014922e+02
   2.2000000e+01  -4.0037269e+01
   1.5600000e+02   5.9861051e+01
   2.1000000e+01  -9.4692460e+01
   5.8000000e+02   4.9389567e+01
   2.1000000e+01  -5.0005848e+01
   2.1000000e+01  -7.9528213e+01
   2.1000000e+01  -1.0892498e+01
   2.2000000e+01  -1.1106888e+02
   5.0000000e+01  -5.6895328e+01
   6.5000000e+01  -8.5976686e+00
   7.0000000e+01  -8.8632321e+01
   2.2000000e+01   3.1580213e+01
   2.0000000e+01  -5.0475598e+01
   9.8000000e+01  -1.1621246e+02
   2.2000000e+01   4.4002650e+01
   2.5300000e+02  -3.9052020e+01
   5.9000000e+01   5.9368813e+01
   2.2000000e+01  -1.0584308e+02
   2.4000000e+01   2.6864103e+01
   3.2000000e+01  -1.1713638e+02
   4.3000000e+01  -1.1010683e+01
   3.5000000e+01  -9.9993259e+01
   2.1000000e+01  -5.7115504e+01
   7.7000000e+01   5.6308015e+01
   2.6000000e+01  -4.8879810e+01
