   6.3600000e+02   2.9796569e+01
   7.0900000e+02  -1.0264350e+02
   3.4100000e+02  -2.6365965e+01
   8.4000000e+02   3.2116586e+01
   2.0000000e+02  -8.9698238e+01
   5.4000000e+01  -8.0071896e-01
   2.6000000e+01  -1.0232403e+02
   2.9000000e+01   5.8440038e+01
   1.1400000e+02  -8.6351331e+01
   7.7700000e+02   2.9999588e+01
   2.3600000e+02  -9.6821871e+01
   2.1000000e+01  -3.1868563e+01
   4.4800000e+02  -1.1397742e+02
   3.3200000e+02   4.5459805e+01
   5.6300000e+02  -5.9965869e+01
   2.0000000e+01  -3.8640358e+00
   4.8000000e+01  -1.1915017e+02
   2.2000000e+01  -3.8006853e+01
   1.4100000e+02   5.9765528e+01
   4.2000000e+01  -7.1324404e+01
   2.9000000e+01  -2.3208130e+01
   3.6200000e+02  -5.2758339e+01
   6.8000000e+01  -8.8968574e+01
   2.1000000e+01   5.7274376e+01
   2.1800000e+02  -5.9939458e+01
   2.0000000e+01  -1.1834181e+01
   2.0000000e+01  -3.7326549e+01
   6.2000000e+01  -1.1410658e+02
   2.1000000e+01   1.7883356e+00
   2.0000000e+01  -6.9738163e+01
   1.2200000e+02   5.9146920e+01
   2.7000000e+01  -5.7479468e+01
   2.6000000e+01   1.3394241e+01
   4.7000000e+01  -2.4127386e+01
   2.2000000e+01  -1.1178596e+02
   9.6000000e+01   6.7775612e+00
   2.0000000e+01   1.9427619e+01
   2.2000000e+01  -1.1365655e+02
   2.0000000e+01   6.5639743e+00
   3.9000000e+01  -1.1996490e+02
   3.4000000e+01  -1.8228280e+01
   2.1000000e+01  -7.9311786e+01
   2.0000000e+01   2.8068632e+00
   2.1000000e+01   4.4824367e+00
   2.0000000e+01  -9.2384265e+01
   2.0000000e+01   2.8526893e+01
   2.1000000e+01  -1.9171782e+01
   2.1000000e+01  -5.3663759e+01
   2.3700000e+02   5.7140728e+01
   4.3000000e+01  -8.9081126e+01
   2.3500000e+02   3.9699781e+01
