   6.5200000e+02   2.8898434e+01
   3.2800000e+02  -9.0438509e+01
   3.5400000e+02  -1.0281679e+01
   1.1700000e+02  -1.1689063e+02
   1.2200000e+02   5.9810112e+01
   2.0400000e+02  -8.9388244e+01
   1.4900000e+02  -2.1224629e-02
   4.3000000e+01  -9.2161254e+01
   2.0000000e+01   5.9047934e+01
   8.0000000e+01  -8.9657193e+01
   2.0000000e+01   2.6062449e+01
   2.3000000e+01  -8.1817156e+01
   3.1000000e+01  -3.5348184e+01
   6.4000000e+01  -1.1421848e+02
   1.1500000e+02  -3.0000419e+01
   1.8900000e+02   5.9891729e+01
   2.8000000e+01  -8.9684687e+01
   3.7000000e+01   2.8277955e+01
   8.7000000e+01  -9.4890342e+01
   7.1000000e+02   2.7941354e+01
   2.5200000e+02  -5.9768089e+01
   3.1000000e+01  -2.4736072e+01
   6.1000000e+01  -8.9618773e+01
   2.0000000e+01  -3.6102971e+01
   8.8000000e+01   5.9267346e+01
   2.8000000e+01  -5.8532446e+01
   6.8000000e+01  -1.7621380e+01
   3.0000000e+01  -1.1408202e+02
   2.0000000e+01   4.2016345e+01
   2.1000000e+01  -4.9129784e+01
   2.0000000e+01  -1.0163158e+02
   2.0000000e+01  -4.5122594e+00
   2.0000000e+01   3.8803566e+01
   4.6000000e+01  -1.1952796e+02
   2.6000000e+01  -9.1197867e+00
   2.1000000e+01  -7.6530500e+01
   8.8000000e+01   5.9467681e+01
   2.2000000e+01  -9.4979929e+01
   2.1000000e+01   4.3595130e+01
   2.0000000e+01   5.3771029e+01
   2.0000000e+01  -9.3659783e+01
   2.0000000e+01  -2.1190474e+01
   4.8600000e+02   5.3602318e+01
   2.3000000e+01  -9.7444441e+01
   1.0000000e+02   5.1131515e+01
   2.1000000e+01   1.9937409e+01
   3.3000000e+01  -1.0459563e+02
   2.1000000e+01   1.0669308e+01
   2.3000000e+01  -1.1670366e+02
   2.0000000e+01  -4.6225689e+01
   2.0000000e+01   2.3630869e+01
