   6.8500000e+02   2.9939168e+01
   9.2000000e+01  -1.0394833e+02
   2.1000000e+01   5.0127325e+01
   1.8900000e+02  -8.9242090e+01
   9.1000000e+01  -4.1655139e+00
   5.9400000e+02  -1.1758854e+02
   1.9200000e+02   5.4829715e+01
   1.3200000e+02  -8.7753098e+01
   1.0300000e+02  -2.1351444e+00
   2.0000000e+01  -1.1683632e+02
   2.4000000e+01  -3.9978939e+01
   2.0000000e+01  -4.8424684e+01
   2.2000000e+01  -9.4973815e+00
   3.4000000e+01  -1.1678342e+02
   2.3000000e+01  -3.9183884e+01
   2.0000000e+01  -8.8442838e+01
   2.0000000e+01   2.9607362e+01
   2.7000000e+01  -7.7208192e+01
   4.3900000e+02   2.8162328e+01
   3.8000000e+01  -8.9423918e+01
   5.8000000e+01   7.5974412e+00
   9.4000000e+01   5.8831006e+01
   4.8000000e+01  -5.8002522e+01
   2.5000000e+01   1.9980353e+01
   4.7000000e+01  -8.9855128e+01
   2.7000000e+01  -1.3579574e+01
   2.3000000e+01  -5.6940232e+01
   1.3200000e+02   5.9933458e+01
   2.2900000e+02  -8.9567955e+01
   2.5000000e+01  -7.0686175e+00
   2.9000000e+01   5.6445597e+01
   2.0000000e+01  -1.0792742e+02
   2.0000000e+01   3.7255069e+01
   1.4400000e+02   5.9620994e+01
   2.0000000e+01  -9.2878346e+01
   2.2000000e+01  -7.4978910e+00
   6.9000000e+01  -1.1935935e+02
   2.1000000e+01  -4.3533466e+01
   2.8000000e+01  -2.5126524e+01
   2.1000000e+01  -1.1501038e+02
   2.7000000e+01  -1.1677572e+01
   2.1000000e+01  -5.4315694e+01
   4.7000000e+02   4.9922126e+01
   2.5000000e+01  -9.6142959e+01
   2.0000000e+01   5.6181341e+01
   2.0000000e+01   2.2205154e+01
   2.0000000e+01  -1.1455198e+02
   2.0000000e+01   3.1757041e+00
   3.1000000e+01  -1.1578947e+02
   2.7000000e+01   3.7906360e+01
   2.4000000e+01   1.1848856e+01
