   7.2500000e+02   2.9000000e+01
   6.8000000e+01  -1.0600000e+02
   2.4000000e+01  -1.0000000e+00
   4.5000000e+01  -9.6000000e+01
   4.3500000e+02   2.4000000e+01
   2.0100000e+02  -8.7000000e+01
   3.1400000e+02   6.0000000e+01
   1.3700000e+02  -9.0000000e+01
   7.6000000e+01  -5.2000000e+01
   5.5000000e+01  -1.1700000e+02
   2.6000000e+01  -9.0000000e+00
   2.0000000e+01  -1.1100000e+02
   2.0000000e+01  -3.5000000e+01
   2.1000000e+01   3.5000000e+01
   2.7000000e+01  -6.8000000e+01
   7.1000000e+01   6.0000000e+01
   2.3000000e+01  -8.1000000e+01
   2.7000000e+01  -1.0000000e+00
   2.8000000e+01  -1.2000000e+02
   2.0000000e+01   1.8000000e+01
   2.8000000e+01  -7.1000000e+01
   9.5000000e+01   6.0000000e+01
   4.0000000e+01  -9.6000000e+01
   2.1000000e+01   6.0000000e+01
   2.6400000e+02   2.9000000e+01
   2.6000000e+01  -5.8000000e+01
   2.0000000e+01  -1.6000000e+01
   3.1000000e+01  -9.4000000e+01
   3.1000000e+01  -1.1900000e+02
   2.2000000e+01  -3.7000000e+01
   1.2900000e+02   3.3000000e+01
   5.2000000e+01  -5.5000000e+01
   6.6000000e+01  -1.0000000e+00
   2.9000000e+01   4.5000000e+01
   2.0000000e+01  -9.4000000e+01
   2.1000000e+01   1.4000000e+01
   2.6000000e+01  -1.1300000e+02
   9.3000000e+01   6.0000000e+01
   2.2000000e+01  -3.0000000e+01
   4.3000000e+01  -8.8000000e+01
   1.7400000e+02   1.5000000e+01
   1.6700000e+02   2.7000000e+01
   3.7000000e+01   5.5000000e+01
   2.2000000e+01  -6.0000000e+01
   2.1000000e+01  -2.0000000e+01
   2.0000000e+01  -6.1000000e+01
   2.6000000e+01  -1.1600000e+02
   2.1000000e+01  -1.6000000e+01
   2.1000000e+01   5.0000000e+01
   5.9000000e+01  -1.1800000e+02
   2.1000000e+01   3.0000000e+01
