   6.4600000e+02   2.9000000e+01
   6.2000000e+01  -1.0600000e+02
   3.1000000e+01  -1.4000000e+01
   3.4000000e+01  -9.3000000e+01
   9.8000000e+01   6.0000000e+01
   1.9500000e+02  -9.0000000e+01
   2.6000000e+01   1.2000000e+01
   1.5700000e+02  -9.0000000e+01
   2.2000000e+01  -2.0000000e+00
   2.0000000e+01  -1.1800000e+02
   2.2000000e+01  -3.5000000e+01
   2.1000000e+01  -8.3000000e+01
   1.2900000e+02   6.0000000e+01
   2.0000000e+01  -4.6000000e+01
   1.3700000e+02  -8.7000000e+01
   3.0000000e+01   6.0000000e+01
   2.4000000e+01  -6.0000000e+01
   2.1000000e+01  -3.0000000e+00
   2.0000000e+01  -7.8000000e+01
   4.6300000e+02   2.9000000e+01
   2.0000000e+01  -1.1700000e+02
   2.4000000e+01  -5.0000000e+00
   1.8500000e+02  -5.1000000e+01
   2.0000000e+01  -1.1100000e+02
   1.2800000e+02  -6.0000000e+01
   2.1000000e+01  -0.0000000e+00
   2.0000000e+01  -5.9000000e+01
   9.5000000e+01   5.8000000e+01
   2.6000000e+01  -9.8000000e+01
   2.9000000e+01   1.4000000e+01
   1.1700000e+02   6.0000000e+01
   2.0000000e+01  -9.5000000e+01
   2.0000000e+01  -1.2000000e+01
   7.2000000e+01   6.0000000e+01
   2.0000000e+01  -9.5000000e+01
   2.0000000e+01   1.6000000e+01
   2.0000000e+01  -1.7000000e+01
   2.2000000e+01  -1.2000000e+02
   2.0000000e+01  -2.8000000e+01
   4.6000000e+01  -1.2000000e+02
   2.0000000e+01   4.8000000e+01
   2.0000000e+01  -6.6000000e+01
   2.0000000e+01   3.6000000e+01
   2.0000000e+01  -1.1700000e+02
   2.0000000e+01  -5.4000000e+01
   3.6200000e+02   5.9000000e+01
   3.6000000e+01  -9.0000000e+01
   6.4000000e+01  -4.3000000e+01
   2.3000000e+01  -1.0200000e+02
   2.2000000e+01   3.4000000e+01
   2.0000000e+01  -1.0000000e+01
