   7.2600000e+02   2.9000000e+01
   1.1000000e+02  -1.0900000e+02
   2.2000000e+01  -1.0000000e+00
   2.0000000e+01  -6.4000000e+01
   1.0800000e+02   6.0000000e+01
   1.9600000e+02  -9.0000000e+01
   2.3000000e+01   2.4000000e+01
   3.2000000e+01  -1.1900000e+02
   3.1000000e+01  -4.6000000e+01
   1.2900000e+02   6.0000000e+01
   1.5000000e+02  -8.6000000e+01
   2.1000000e+01  -6.0000000e+00
   1.1600000e+02  -8.5000000e+01
   2.0300000e+02   5.1000000e+01
   7.8400000e+02  -6.0000000e+01
   4.3000000e+01  -1.1800000e+02
   2.8000000e+01  -9.0000000e+00
   2.0000000e+01  -1.0500000e+02
   1.2600000e+02   4.7000000e+01
   2.2000000e+01  -1.2000000e+02
   5.0000000e+01  -4.6000000e+01
   2.4100000e+02  -2.6000000e+01
   3.3100000e+02  -5.7000000e+01
   1.0600000e+02   2.8000000e+01
   3.4000000e+01  -1.2000000e+02
   2.0000000e+01  -3.6000000e+01
   2.0000000e+01  -1.2000000e+01
   2.0000000e+01  -8.2000000e+01
   6.2000000e+01   6.0000000e+01
   2.0000000e+01  -5.8000000e+01
   5.0000000e+01   1.3000000e+01
   4.9000000e+01  -9.0000000e+01
   4.8000000e+01   4.6000000e+01
   2.6000000e+01  -1.0300000e+02
   6.6800000e+02   2.9000000e+01
   8.3000000e+01  -3.0000000e+01
   2.0000000e+01  -9.6000000e+01
   2.0000000e+01   3.2000000e+01
   2.0000000e+01  -5.8000000e+01
   8.9000000e+01   2.7000000e+01
   2.1000000e+01  -9.5000000e+01
   3.0000000e+01  -4.0000000e+00
   2.9000000e+01  -1.1700000e+02
   3.7000000e+01  -2.0000000e+00
   3.9000000e+01  -8.6000000e+01
   2.7100000e+02   5.1000000e+01
   8.0000000e+01  -5.9000000e+01
   4.6000000e+01   2.9000000e+01
   2.0000000e+01  -9.9000000e+01
   2.0000000e+01   1.9000000e+01
   2.0000000e+01  -9.5000000e+01
