   7.2800000e+02   2.9000000e+01
   8.4000000e+01  -1.0200000e+02
   3.8000000e+01  -9.0000000e+00
   2.0000000e+01  -8.8000000e+01
   9.5000000e+01   6.0000000e+01
   1.9500000e+02  -9.0000000e+01
   2.0000000e+01   9.0000000e+00
   3.0000000e+01  -1.2000000e+02
   2.3000000e+01  -2.0000000e+00
   2.1000000e+01  -5.7000000e+01
   1.0800000e+02   6.0000000e+01
   5.6300000e+02  -6.0000000e+01
   2.0000000e+01   4.4000000e+01
   2.1000000e+01  -8.2000000e+01
   2.0000000e+01  -9.0000000e+00
   4.9000000e+01  -1.1900000e+02
   2.2000000e+01  -3.2000000e+01
   2.0000000e+01  -7.3000000e+01
   1.7800000e+02   5.9000000e+01
   1.3000000e+02  -9.0000000e+01
   5.8000000e+01  -3.4000000e+01
   2.3600000e+02  -9.0000000e+01
   2.6000000e+01  -8.0000000e+00
   2.1000000e+01  -9.9000000e+01
   1.1800000e+02   6.0000000e+01
   2.5000000e+01  -6.0000000e+01
   2.0000000e+01  -2.1000000e+01
   2.0000000e+01   2.9000000e+01
   2.2000000e+01  -1.0500000e+02
   2.1000000e+01   1.7000000e+01
   2.0000000e+01  -3.5000000e+01
   5.8000000e+01  -1.2000000e+02
   2.0000000e+01  -4.4000000e+01
   2.0000000e+01   1.7000000e+01
   2.0000000e+01  -6.6000000e+01
   2.0000000e+01   1.0000000e+01
   7.8000000e+01   6.0000000e+01
   2.0000000e+01  -9.5000000e+01
   2.0000000e+01   5.9000000e+01
   1.7900000e+02   6.0000000e+01
   2.4000000e+01  -9.5000000e+01
   4.8000000e+01   1.0000000e+01
   2.0000000e+01  -3.0000000e+00
   2.0000000e+01  -9.7000000e+01
   2.0000000e+01   1.9000000e+01
   2.0000000e+01  -1.1900000e+02
   2.3000000e+01  -1.0000000e+00
   2.0000000e+01  -4.8000000e+01
   2.9000000e+01   2.1000000e+01
   2.9000000e+01  -1.0900000e+02
   2.5000000e+01   5.4000000e+01
