   4.4900000e+02   2.9181653e+01
   2.5000000e+01  -1.1620590e+02
   2.8000000e+01  -6.2062500e+00
   5.2000000e+01  -1.1043407e+02
   4.6600000e+02   5.1206704e+01
   2.5900000e+02  -8.7974447e+01
   6.8500000e+02   2.5539835e+01
   3.9200000e+02  -8.7009198e+01
   6.0000000e+01  -1.6866174e+01
   2.8800000e+02  -1.1736470e+02
   5.4300000e+02  -3.0010170e+01
   2.9200000e+02  -7.7468528e+01
   1.2100000e+02   5.9854016e+01
   2.0000000e+01  -5.8128170e+01
   2.2000000e+01  -1.0400021e+02
   2.4000000e+01   1.5208022e+00
   6.0000000e+01  -8.9688076e+01
   2.3000000e+01  -7.7843792e+00
   2.5000000e+01  -1.1229673e+02
   3.2000000e+01  -4.7009800e+01
   2.0000000e+01  -6.3687125e+01
   2.3000000e+01   2.9608026e+01
   2.0000000e+01  -7.9286966e+01
   2.0000000e+01   4.3961331e+01
   2.1100000e+02   5.9019558e+01
   2.1000000e+01  -1.1439835e+02
   2.4000000e+01   3.0587350e+01
   5.8200000e+02  -5.2297458e+01
   2.2700000e+02   5.5438907e+01
   8.6700000e+02  -5.3322447e+01
   4.9000000e+01   5.8905029e+01
   2.6000000e+01  -9.3606268e+01
   2.1000000e+01  -3.2133896e+00
   6.0100000e+02   2.8164341e+01
   6.4000000e+01  -1.1878759e+02
   1.2100000e+02  -3.0140739e+01
   2.0000000e+01  -7.6190032e+01
   2.1000000e+01  -1.1856854e+02
   2.1000000e+01  -6.5797969e+01
   9.6000000e+01   4.6689570e+01
   1.4200000e+02  -3.8740714e+01
   2.3000000e+01  -6.1519167e+00
   9.8000000e+01   5.9957680e+01
   2.3000000e+01  -7.5399134e+01
   2.0000000e+01  -1.0513853e+01
   2.0000000e+01   5.0790831e+01
   2.0000000e+01  -9.4387392e+01
   2.0000000e+01   1.4491122e+01
   2.2000000e+01   2.5522640e+01
   2.3000000e+01  -1.1694299e+02
   2.0000000e+01   5.7178030e+01
