   7.3000000e+02   2.9000000e+01
   1.1600000e+02  -1.0800000e+02
   2.8700000e+02  -2.2000000e+01
   6.1200000e+02   2.0000000e+01
   1.0400000e+02  -9.0000000e+01
   2.3000000e+01   2.8000000e+01
   4.3000000e+01  -9.9000000e+01
   1.0100000e+02   6.0000000e+01
   2.8800000e+02  -8.9000000e+01
   3.9000000e+01  -2.5000000e+01
   1.5600000e+02  -8.9000000e+01
   2.0000000e+01  -3.1000000e+01
   1.9400000e+02   6.0000000e+01
   2.8000000e+01  -9.0000000e+01
   3.6000000e+01  -1.3000000e+01
   6.7500000e+02  -5.8000000e+01
   8.0600000e+02  -1.0000000e+01
   5.5600000e+02  -6.0000000e+01
   5.7000000e+01  -5.0000000e+01
   1.8800000e+02   3.4000000e+01
   4.6000000e+01  -9.3000000e+01
   9.1000000e+01   6.0000000e+01
   2.7000000e+01  -6.0000000e+01
   1.1600000e+02   1.0000000e+00
   6.7000000e+01  -1.2000000e+02
   4.5000000e+01  -1.7000000e+01
   2.5000000e+01  -1.0500000e+02
   1.7300000e+02   3.7000000e+01
   9.0000000e+01  -6.3000000e+01
   5.1500000e+02   2.3000000e+01
   7.0200000e+02   4.8000000e+01
   2.7000000e+01  -1.1100000e+02
   2.4000000e+01  -3.0000000e+01
   5.8000000e+01   5.7000000e+01
   2.8000000e+01  -1.1500000e+02
   2.3000000e+01   2.3000000e+01
   3.5700000e+02   6.0000000e+01
   2.5000000e+01  -9.8000000e+01
   3.0000000e+01   4.8000000e+01
   8.4000000e+01  -1.2000000e+02
   2.0000000e+01   3.7000000e+01
   2.2000000e+01  -7.8000000e+01
   2.0000000e+01   4.8000000e+01
   2.0000000e+01  -1.1400000e+02
   2.0000000e+01  -5.4000000e+01
   2.1000000e+01  -4.0000000e+00
   2.0000000e+01  -5.0000000e+01
   2.3000000e+01   2.9000000e+01
   6.4000000e+01   6.0000000e+01
   2.1000000e+01  -1.1200000e+02
   2.3000000e+01   5.3000000e+01
