   6.7000000e+02   2.9000000e+01
   2.2200000e+02  -1.0000000e+02
   1.1600000e+02  -2.2000000e+01
   2.0600000e+02   6.0000000e+01
   2.2800000e+02  -9.0000000e+01
   5.0000000e+01  -2.0000000e+00
   2.0000000e+01  -9.3000000e+01
   4.9900000e+02   2.8000000e+01
   1.8000000e+02  -8.7000000e+01
   1.0000000e+02   5.9000000e+01
   8.2700000e+02  -6.0000000e+01
   6.3200000e+02  -6.8000000e+01
   4.7000000e+01   5.6000000e+01
   6.2000000e+01  -1.1000000e+02
   3.8000000e+01  -3.9000000e+01
   5.3000000e+01  -9.0000000e+01
   2.0000000e+01  -3.8000000e+01
   2.4000000e+01  -1.1500000e+02
   4.3000000e+01   6.0000000e+01
   2.2000000e+01  -8.0000000e+01
   2.1000000e+01  -1.2000000e+01
   2.3000000e+01  -5.6000000e+01
   2.0000000e+01   1.3000000e+01
   2.0000000e+01  -8.6000000e+01
   8.2000000e+01   6.0000000e+01
   2.5000000e+01  -1.0300000e+02
   2.1000000e+01   2.1000000e+01
   5.1000000e+01   4.8000000e+01
   2.9000000e+01  -9.0000000e+01
   2.0000000e+01   5.7000000e+01
   4.7400000e+02   2.4000000e+01
   2.1000000e+01  -6.0000000e+01
   2.0000000e+01  -1.3000000e+01
   2.2000000e+01  -1.1500000e+02
   2.0000000e+01  -1.0000000e+01
   2.0000000e+01  -3.8000000e+01
   5.0000000e+01  -1.2000000e+02
   3.2000000e+01  -1.7000000e+01
   2.1000000e+01  -7.6000000e+01
   4.3000000e+01   1.0000000e+00
   5.9000000e+01  -4.8000000e+01
   4.4000000e+01  -6.3000000e+01
   1.9900000e+02   5.8000000e+01
   2.0000000e+01  -9.4000000e+01
   2.1000000e+01   1.2000000e+01
   2.0000000e+01  -3.0000000e+01
   2.6000000e+01  -1.1600000e+02
   2.1000000e+01  -6.0000000e+01
   4.5500000e+02   5.9000000e+01
   3.1000000e+01  -9.4000000e+01
   5.4000000e+01   4.5000000e+01
