   1.0810000e+03   2.9776520e+01
   3.7100000e+02  -8.8991359e+01
   3.5000000e+01  -9.5810099e+00
   1.1200000e+02   5.1487006e+01
   4.8000000e+01  -1.1180909e+02
   2.7000000e+01   5.3301477e+01
   4.2000000e+01  -1.0122052e+02
   5.5000000e+01  -2.0629715e+00
   2.0000000e+01  -8.7926656e+01
   2.2000000e+01  -4.1154459e+01
   3.9000000e+01  -1.1182202e+02
   2.5000000e+01  -3.9035785e+01
   2.2000000e+01  -1.1088736e+02
   4.7000000e+01   5.7070329e+01
   3.7000000e+01  -7.1571188e+01
   6.3300000e+02   2.9982393e+01
   2.7200000e+02  -5.9896391e+01
   2.1000000e+01  -7.3420699e-01
   5.5000000e+01   5.8693861e+01
   2.9000000e+01  -1.1942217e+02
   2.5000000e+01  -4.1729268e+01
   3.9000000e+01   5.9929497e+01
   3.0000000e+01  -8.8996202e+01
   2.0000000e+01   1.3776876e+01
   1.0800000e+02  -5.7102650e+01
   2.0900000e+02   4.4044793e+01
   1.3300000e+02  -1.4255108e+01
   1.3100000e+02   4.3131441e+01
   7.4000000e+01  -8.7888882e+01
   5.9000000e+01   4.4377416e+01
   2.1000000e+01  -4.8160771e+01
   2.4000000e+01  -1.1312609e+02
   2.4000000e+01  -7.1256431e+00
   2.3000000e+01  -1.1487602e+02
   2.8000000e+01   3.4465281e+00
   4.7300000e+02  -4.4862578e+01
   1.1200000e+02   5.9598181e+01
   2.7000000e+01  -5.8002479e+01
   2.1000000e+01   4.8475782e+01
   2.0000000e+01  -8.0207652e+00
   2.1000000e+01  -9.3894092e+01
   2.1000000e+01   2.4294531e+01
   6.5000000e+01  -1.1976860e+02
   2.5000000e+01  -3.2498011e+00
   2.1000000e+01  -8.8850060e+01
   1.8700000e+02  -9.4630922e+00
   4.0000000e+01  -1.1254733e+02
   1.3500000e+02  -6.4095746e+01
   2.6800000e+02   5.8209540e+01
   4.0000000e+01  -8.9240086e+01
   1.3400000e+02  -2.5790872e+00
