   6.2000000e+02   2.9898299e+01
   2.6500000e+02  -9.4695908e+01
   5.3900000e+02  -6.3372627e+00
   2.0000000e+01  -1.0403959e+02
   1.0900000e+02   5.9931405e+01
   2.1600000e+02  -8.9109376e+01
   9.7000000e+01   9.7372338e+00
   1.3500000e+02  -8.9900418e+01
   6.5000000e+02  -4.7814870e+01
   1.9000000e+02   5.9582657e+01
   2.7000000e+01  -8.9919955e+01
   3.1000000e+01  -2.0828155e+01
   2.5400000e+02  -5.9924257e+01
   6.4000000e+01  -8.8616544e+01
   2.0000000e+01  -1.2477183e+00
   4.4600000e+02  -7.1627692e+01
   1.0430000e+03  -3.2189804e+00
   2.4600000e+02  -9.2881187e+01
   1.6400000e+02  -3.0047280e+01
   1.9900000e+02  -1.8183839e+01
   8.5000000e+01  -1.1889434e+02
   1.3000000e+02   5.9573325e+01
   2.8000000e+01  -5.7388305e+01
   2.1000000e+01   2.7963152e+01
   2.4000000e+01  -1.1930744e+02
   5.3300000e+02   5.4514355e+01
   2.0000000e+01  -1.1715785e+00
   4.3000000e+01  -1.1256029e+02
   3.3000000e+01   2.5697694e+00
   6.4000000e+01  -5.7858900e+01
   5.3000000e+01   5.8604642e+01
   2.0000000e+01  -9.3572598e+01
   2.0000000e+01   3.4445843e+01
   2.0000000e+01  -9.3333269e+01
   2.0000000e+01   4.3363035e+00
   2.1000000e+01  -1.1314218e+02
   2.3000000e+01  -5.0220874e+01
   5.2000000e+01  -1.1461425e+02
   2.3000000e+01  -6.3052648e+01
   2.3000000e+01   1.8386632e+00
   2.0000000e+01  -6.2097205e+01
   2.0000000e+01   3.6496992e+01
   2.3000000e+01  -7.1856994e+01
   2.8000000e+01   4.7832360e+01
   2.4000000e+01  -3.7204916e+01
   2.0000000e+01  -4.3818456e+01
   2.0000000e+01  -1.1324575e+02
   2.2000000e+01  -1.9350142e+01
   7.8000000e+01   5.9724387e+01
   2.0000000e+01  -1.1707142e+02
   2.1000000e+01  -2.8825098e+01
