   4.6000000e+02   2.9127354e+01
   6.4000000e+01  -1.0969730e+02
   5.9200000e+02  -1.9361119e+01
   2.5000000e+01  -1.1288725e+02
   1.9200000e+02  -9.7970115e+00
   2.7500000e+02  -7.0405949e+01
   1.1500000e+02   5.9677870e+01
   9.5000000e+01  -9.1136823e+01
   1.1300000e+02  -8.6804549e+01
   9.5000000e+01   5.9732482e+01
   5.0000000e+01  -8.9192221e+01
   3.4000000e+01  -2.3164776e+01
   9.6000000e+01  -8.1927189e+01
   1.0270000e+03   2.6215643e+01
   1.1710000e+03  -5.8370776e+01
   3.4000000e+01   2.1588773e+01
   3.5000000e+01  -1.1858501e+02
   2.0000000e+01  -3.3846335e+01
   1.8600000e+02   5.9584572e+01
   2.7000000e+01  -8.9976318e+01
   3.9800000e+02   3.3580249e+01
   5.5000000e+01  -1.0636625e+02
   3.5000000e+01  -2.0455083e+01
   2.0000000e+01  -7.7376713e+01
   2.2000000e+01  -4.4892154e+01
   2.0000000e+01  -1.1464554e+02
   2.3000000e+01  -4.0553509e+01
   1.0700000e+02   4.8423107e+01
   2.0000000e+01  -2.7702301e+01
   2.0000000e+01  -4.7538331e+01
   2.1000000e+01   4.8992997e+01
   2.4000000e+01  -5.8520721e+01
   2.2000000e+01  -1.5781485e+01
   4.8000000e+01  -1.1280967e+02
   2.5000000e+01   2.1838635e+01
   2.1000000e+01  -4.5382146e+01
   8.3000000e+01   5.6592400e+01
   2.4000000e+01  -9.0664396e+01
   2.7000000e+01   2.3258672e+01
   2.0000000e+01   4.3433653e+01
   2.1000000e+01  -1.1194032e+02
   2.1000000e+01   4.1288452e+01
   1.4100000e+02  -8.7213984e+01
   9.5000000e+01   5.9990824e+01
   2.7000000e+01  -1.4480635e+01
   7.6000000e+01  -1.1939165e+02
   2.0000000e+01   2.2191846e+01
   2.1000000e+01  -1.1727208e+02
   2.1000000e+01  -7.8770217e+01
   2.0000000e+01   1.1430548e+01
   2.1000000e+01  -7.9290647e+01
