   4.8400000e+02   2.9305032e+01
   6.1200000e+02  -1.1411921e+02
   2.1100000e+02  -8.4645292e+00
   2.9000000e+01  -1.1144458e+02
   2.0200000e+02   5.9944195e+01
   2.2500000e+02  -8.9941462e+01
   7.6000000e+01  -1.5692313e+00
   3.4000000e+01  -1.1736369e+02
   4.7000000e+01  -3.2553733e+01
   1.4200000e+02   5.6683130e+01
   1.2700000e+02  -5.3897652e+01
   2.2900000e+02  -8.6890666e+01
   4.7000000e+02   2.9879690e+01
   5.9000000e+01  -9.4143715e+01
   1.2600000e+02  -3.2809715e+00
   5.2000000e+01  -5.6907905e+01
   2.3400000e+02  -1.1034482e+02
   1.3000000e+02  -3.0004961e+01
   4.6000000e+01   5.9643670e+01
   2.2000000e+01  -8.4615094e+01
   2.0000000e+01   5.5899465e+01
   3.3000000e+01  -8.9436402e+01
   2.4400000e+02   2.9812683e+01
   2.0000000e+01  -7.8530431e+01
   2.0800000e+02   5.5002376e+01
   2.0000000e+01  -9.7832424e+01
   2.3000000e+01   2.7803716e+01
   2.0000000e+01  -9.5805903e+01
   2.7000000e+01  -1.3078441e+01
   2.0000000e+01   1.1128087e+00
   6.8000000e+01  -1.1803068e+02
   2.6000000e+01  -8.3470868e+00
   2.0000000e+01  -6.7172965e+01
   1.2000000e+02   5.9540686e+01
   2.3000000e+01  -5.9772344e+01
   2.0000000e+01  -2.0771270e+01
   2.4000000e+01  -1.0279303e+02
   2.1000000e+01   1.8487974e+01
   2.3000000e+01  -5.6940956e+01
   2.6000000e+01   5.8954609e+01
   2.1000000e+01  -9.5691592e+01
   2.3000000e+01   3.9975579e+01
   2.0000000e+01  -1.1564545e+02
   3.1000000e+01  -1.7686003e+01
   2.1000000e+01  -3.4639800e+01
   2.0000000e+01  -1.1616396e+02
   2.0000000e+01   5.3843692e+01
   2.1000000e+01   1.7680888e+01
   2.1000000e+01  -1.1723930e+02
   2.1000000e+01   8.6377357e+00
   2.0000000e+01  -8.2900931e+01
