   7.1400000e+02   2.9000000e+01
   6.6300000e+02  -9.4000000e+01
   2.8900000e+02  -5.0000000e+00
   2.0000000e+01  -1.2000000e+02
   1.2200000e+02   6.0000000e+01
   2.2100000e+02  -8.8000000e+01
   9.1000000e+01  -7.0000000e+00
   2.5000000e+01  -1.2000000e+02
   6.2500000e+02  -4.3000000e+01
   7.7100000e+02   1.7000000e+01
   6.6000000e+01  -1.1400000e+02
   2.0000000e+01  -3.4000000e+01
   3.3000000e+02   4.4000000e+01
   3.1400000e+02  -6.0000000e+01
   1.6400000e+02  -8.7000000e+01
   1.7100000e+02   5.4000000e+01
   2.2000000e+01  -7.6000000e+01
   2.7000000e+01  -7.0000000e+00
   1.9800000e+02  -9.0000000e+01
   2.6000000e+01   1.2000000e+01
   2.3000000e+01  -7.4000000e+01
   9.4000000e+01   6.0000000e+01
   2.7000000e+01  -1.1500000e+02
   3.0000000e+01  -1.3000000e+01
   2.8000000e+01  -8.9000000e+01
   5.8000000e+01   2.9000000e+01
   3.4000000e+01  -5.5000000e+01
   5.7000000e+01  -1.1500000e+02
   6.4000000e+01  -1.6000000e+01
   3.4000000e+01  -6.8000000e+01
   1.9300000e+02   6.0000000e+01
   2.9000000e+01  -9.0000000e+01
   2.0000000e+01   1.6000000e+01
   3.2000000e+01   2.8000000e+01
   2.7000000e+01  -1.1600000e+02
   2.9000000e+01   4.6000000e+01
   2.0000000e+01  -6.2000000e+01
   2.0000000e+01   1.5000000e+01
   2.0000000e+01  -5.0000000e+01
   2.0000000e+01  -1.1500000e+02
   2.0000000e+01  -4.7000000e+01
   2.0000000e+01  -6.0000000e+00
   3.5800000e+02   4.1000000e+01
   3.3000000e+01  -5.7000000e+01
   2.0000000e+01  -2.6000000e+01
   2.0000000e+01  -9.3000000e+01
   2.0000000e+01   6.0000000e+01
   2.0000000e+01   8.0000000e+00
   3.6000000e+01  -5.0000000e+00
   3.3000000e+01  -9.4000000e+01
   4.0000000e+01  -3.7000000e+01
