   6.5000000e+02   2.9000000e+01
   1.5400000e+02  -1.0200000e+02
   6.1000000e+01  -2.3000000e+01
   2.2000000e+01  -1.2000000e+02
   1.1300000e+02   6.0000000e+01
   1.9600000e+02  -9.0000000e+01
   6.9000000e+01   1.0000000e+00
   3.4000000e+01  -1.1700000e+02
   8.8000000e+01  -4.3000000e+01
   1.2900000e+02   6.0000000e+01
   1.4200000e+02  -8.7000000e+01
   2.0000000e+01  -4.0000000e+00
   1.0400000e+02  -8.7000000e+01
   9.3000000e+01   6.0000000e+01
   5.6200000e+02  -6.0000000e+01
   9.2800000e+02   2.4000000e+01
   3.2000000e+01  -9.1000000e+01
   2.6600000e+02  -2.8000000e+01
   5.3600000e+02  -5.2000000e+01
   4.6000000e+01  -1.2000000e+02
   2.0000000e+01  -4.0000000e+01
   2.3000000e+01  -3.0000000e+00
   2.1000000e+01  -6.5000000e+01
   2.0000000e+01  -6.7000000e+01
   3.0000000e+01   3.7000000e+01
   4.1000000e+01  -9.0000000e+01
   2.4000000e+01  -2.0000000e+01
   1.1400000e+02   6.0000000e+01
   2.3000000e+01  -6.0000000e+01
   2.0000000e+01  -1.5000000e+01
   2.0000000e+01  -1.0600000e+02
   2.0000000e+01   3.5000000e+01
   2.0000000e+01  -7.0000000e+01
   6.5000000e+01  -1.2000000e+01
   6.1000000e+01  -9.0000000e+01
   5.0000000e+01   4.9000000e+01
   2.1000000e+01  -1.0800000e+02
   2.1000000e+01   1.2000000e+01
   2.1000000e+01  -4.7000000e+01
   4.9000000e+01   6.0000000e+01
   2.2000000e+01  -9.4000000e+01
   2.1000000e+01   1.5000000e+01
   2.0000000e+01  -1.2000000e+02
   2.0000000e+01  -3.8000000e+01
   2.0000000e+01  -2.0000000e+01
   4.0000000e+01  -9.0000000e+01
   2.0000000e+01  -5.0000000e+00
   2.0000000e+01  -3.6000000e+01
   3.1000000e+01  -1.2000000e+02
   2.4000000e+01  -2.0000000e+00
   2.0000000e+01  -1.0000000e+02
