   4.7700000e+02   2.8395186e+01
   5.1000000e+01  -1.0970257e+02
   3.5000000e+01  -1.8514640e+01
   2.4000000e+01  -9.4250025e+01
   1.0800000e+02   5.9445157e+01
   1.1100000e+02  -8.9953395e+01
   2.5000000e+02   4.3470866e+01
   1.8000000e+02  -1.1655493e+02
   1.5700000e+02  -1.8309547e+01
   2.1000000e+01  -1.1313631e+02
   2.2000000e+01  -3.7826053e+01
   2.1000000e+01  -8.3666349e+01
   2.0200000e+02   5.9860971e+01
   1.3400000e+02  -8.9808201e+01
   2.1300000e+02  -2.5308032e+01
   7.5000000e+01  -9.3606724e+01
   6.9000000e+01   2.3786223e+01
   1.9700000e+02  -8.7056688e+01
   7.4000000e+01   5.0488119e+01
   2.7000000e+01  -8.9721571e+01
   2.1000000e+01  -1.8935600e+00
   2.1000000e+01  -5.7809622e+01
   9.0000000e+01   5.7975776e+01
   2.8100000e+02  -5.7507906e+01
   2.2000000e+01   3.4479435e+00
   2.0000000e+01  -2.8790718e+01
   2.0000000e+01  -5.9010810e+01
   3.5000000e+01  -1.1577566e+02
   3.1000000e+01  -4.6171101e+01
   2.1000000e+01  -8.5398113e+01
   1.0400000e+02   5.9900362e+01
   2.4000000e+01  -5.9715774e+01
   2.0000000e+01  -1.7210727e+01
   4.6000000e+01  -9.0586904e+01
   1.2300000e+02   5.2814565e+01
   1.1300000e+02   2.0383096e+01
   3.8000000e+01  -1.1230786e+02
   2.0000000e+01   2.4410554e+01
   2.1000000e+01  -2.8352135e+01
   2.1900000e+02   5.7625166e+01
   2.5000000e+01  -9.4576501e+01
   7.4000000e+01  -4.4120664e-01
   8.1000000e+01   4.8615039e+01
   2.2000000e+01  -8.5590768e+01
   7.5000000e+01   1.9196916e+01
   7.2000000e+01  -1.1403363e+02
   1.0800000e+02  -3.0100226e+01
   7.6000000e+01   1.5061337e+01
   2.1700000e+02  -6.7138650e+01
   4.4500000e+02  -1.1410324e+02
   7.8000000e+01   4.4994186e+01
