   4.6900000e+02   2.9585745e+01
   3.7400000e+02  -1.0965388e+02
   1.7000000e+02  -2.6327814e+01
   4.5600000e+02   4.3030379e+01
   6.8000000e+01  -8.7787441e+01
   3.6000000e+01   2.8325811e+01
   7.6000000e+01  -8.7468507e+01
   3.0000000e+01  -3.2392092e-01
   2.4800000e+02  -8.9890754e+01
   1.4100000e+02   5.6442942e+01
   3.7000000e+01  -1.1976405e+02
   6.3900000e+02  -4.9041916e+01
   2.4000000e+01  -2.3305535e+01
   2.1000000e+01  -1.1601975e+02
   3.5000000e+01  -4.8876104e+01
   1.4400000e+02   2.9805304e+01
   5.0000000e+01  -1.1201257e+02
   2.3000000e+01  -4.3882170e+01
   5.8000000e+01   2.4437593e+01
   4.1000000e+01  -8.8315374e+01
   5.2900000e+02  -1.3356956e+01
   1.0800000e+02   5.9368109e+01
   2.1000000e+01  -8.7268060e+00
   2.5300000e+02  -5.9375036e+01
   5.6000000e+01   5.9545656e+01
   2.8000000e+01  -5.7788237e+01
   2.0000000e+01   2.5486977e+01
   4.9000000e+01  -8.9884415e+01
   2.3000000e+01  -5.8486146e-01
   2.0000000e+01  -3.2836292e+01
   2.0000000e+01   5.1773696e+01
   2.9000000e+01  -1.1014420e+02
   2.1000000e+01   4.7217006e+01
   5.9000000e+01  -1.0009047e+02
   3.1600000e+02   8.2258715e+00
   6.7000000e+01   4.1160063e+01
   8.7000000e+01   5.9990324e+01
   2.2000000e+01  -7.6478561e+01
   2.0000000e+01  -1.0618759e+01
   1.1400000e+02  -1.1230669e+02
   3.3600000e+02  -6.8659790e+01
   5.7000000e+01  -9.0477243e+01
   2.0000000e+01   1.3060542e+00
   2.1000000e+01  -1.1358680e+02
   2.0000000e+01   5.4902164e+01
   2.0000000e+01   2.2806961e+00
   2.2000000e+01  -5.8691612e+01
   2.1000000e+01   1.4916959e+00
   1.2200000e+02   5.9886248e+01
   2.0000000e+01  -7.8039340e+01
   2.1000000e+01   3.4871493e+01
