   7.1200000e+02   2.9400236e+01
   2.4400000e+02  -9.4347683e+01
   4.6000000e+01  -9.4771775e+00
   4.8000000e+01  -5.3667424e+01
   1.0800000e+02   5.9922386e+01
   5.6600000e+02  -8.9855206e+01
   5.7000000e+01   5.5700901e+01
   2.8900000e+02  -8.6440038e+01
   2.6000000e+01  -1.3579653e+01
   1.0800000e+02   3.4401277e+01
   2.1000000e+01  -1.1227405e+02
   3.7800000e+02   5.5883271e+01
   9.0000000e+01  -8.8767832e+01
   3.3000000e+01  -2.0436724e+00
   3.2000000e+01  -5.7171161e+01
   1.0000000e+02   2.0236292e+00
   3.8000000e+01  -9.8267515e+01
   5.4000000e+01  -3.8132759e+00
   1.0000000e+02  -8.8475924e+01
   2.8300000e+02   2.8495626e+01
   3.0000000e+01  -8.4257027e+01
   9.4000000e+01   5.8367207e+01
   5.7000000e+01  -5.3844218e+01
   3.1000000e+01   2.5240060e+01
   4.4000000e+01  -1.1711276e+02
   4.2000000e+01  -5.0453051e+01
   2.1000000e+01  -6.3232123e+01
   3.2000000e+01  -1.4879691e+01
   3.4000000e+01  -1.1603399e+02
   6.7000000e+01  -4.6318181e+01
   2.0000000e+01  -1.1939261e+02
   3.1000000e+01  -1.6977254e+01
   2.0000000e+01  -8.9607384e+01
   1.2100000e+02   4.1531278e+01
   6.6000000e+01  -5.4992479e+01
   2.9600000e+02   5.1716834e+01
   2.6000000e+01  -9.2584959e+01
   2.1000000e+01   4.9906059e+01
   2.0000000e+01  -8.0276769e+00
   2.5000000e+01  -1.1779679e+02
   2.0000000e+01   4.9616613e+00
   2.1000000e+01  -7.8329864e+01
   2.0100000e+02   5.8908945e+01
   2.0000000e+01  -9.3922643e+01
   1.1200000e+02  -2.6065354e+01
   3.3000000e+01  -5.4087389e+01
   4.5000000e+01  -1.1694588e+02
   2.1000000e+01  -1.3008681e+01
   2.0000000e+01  -1.1156610e+02
   2.0000000e+01  -5.0214292e+01
   2.1000000e+01  -1.1483493e+02
