   6.4200000e+02   2.9000000e+01
   5.9000000e+01  -1.0700000e+02
   2.6000000e+01  -3.0000000e+00
   2.1000000e+01  -1.0800000e+02
   1.0000000e+02   6.0000000e+01
   1.9500000e+02  -9.0000000e+01
   1.6900000e+02   2.9000000e+01
   2.8000000e+02  -8.7000000e+01
   2.0000000e+01  -3.0000000e+00
   2.0000000e+01  -1.1800000e+02
   2.0000000e+01  -3.1000000e+01
   2.0000000e+01  -8.4000000e+01
   1.3300000e+02   6.0000000e+01
   6.9000000e+01  -8.7000000e+01
   2.3000000e+01  -1.0000000e+00
   6.4000000e+01  -9.0000000e+01
   7.5000000e+01   6.0000000e+01
   5.6400000e+02  -6.0000000e+01
   2.0000000e+01  -5.0000000e+00
   2.0000000e+01  -1.1800000e+02
   2.0000000e+01   6.0000000e+00
   6.1000000e+01  -9.0000000e+01
   4.0000000e+01  -3.7000000e+01
   7.7000000e+01  -6.5000000e+01
   1.1000000e+02   6.0000000e+01
   2.3000000e+01  -6.0000000e+01
   2.0000000e+01   1.5000000e+01
   2.0000000e+01  -1.3000000e+01
   2.0000000e+01  -1.0700000e+02
   2.0000000e+01   1.7000000e+01
   2.1000000e+01  -4.0000000e+01
   2.3000000e+01  -1.0700000e+02
   2.3000000e+01  -3.7000000e+01
   4.6000000e+01  -1.2000000e+02
   2.3000000e+01  -2.0000000e+00
   2.0000000e+01  -5.1000000e+01
   2.0000000e+01  -1.1800000e+02
   2.0000000e+01   6.0000000e+01
   2.0000000e+01  -3.9000000e+01
   3.1000000e+01  -1.2000000e+02
   2.0000000e+01   9.0000000e+00
   2.0000000e+01  -7.2000000e+01
   8.8000000e+01   6.0000000e+01
   2.0000000e+01  -9.9000000e+01
   2.0000000e+01   5.5000000e+01
   2.6200000e+02   5.7000000e+01
   3.1000000e+01  -9.0000000e+01
   9.3000000e+01  -4.0000000e+00
   2.3000000e+01  -1.2000000e+02
   2.0000000e+01  -1.7000000e+01
   2.0000000e+01  -6.6000000e+01
