   4.7000000e+02   2.8000000e+01
   1.9900000e+02  -9.4000000e+01
   6.1600000e+02  -2.1000000e+01
   2.5000000e+01  -1.0800000e+02
   1.6000000e+02   6.0000000e+01
   2.3000000e+02  -8.9000000e+01
   2.1000000e+01   1.8000000e+01
   3.6000000e+01  -8.8000000e+01
   7.0000000e+01  -5.1000000e+01
   8.7000000e+01   5.6000000e+01
   5.3000000e+01  -9.8000000e+01
   4.0000000e+01  -5.0000000e+00
   4.7000000e+01  -1.2000000e+02
   2.7000000e+01  -4.0000000e+01
   2.0000000e+01  -1.1000000e+02
   8.2000000e+01   5.7000000e+01
   2.6000000e+01  -9.0000000e+01
   1.8700000e+02   2.2000000e+01
   3.2000000e+01  -5.6000000e+01
   5.2000000e+01   6.0000000e+01
   2.7000000e+01  -5.7000000e+01
   9.0000000e+01   2.0000000e+01
   5.1000000e+01  -1.1500000e+02
   3.4800000e+02   5.9000000e+01
   3.9000000e+01  -8.9000000e+01
   3.9000000e+01  -2.0000000e+01
   2.2100000e+02  -7.7000000e+01
   2.6000000e+01  -4.6000000e+01
   2.1000000e+01  -1.1600000e+02
   2.0000000e+01  -3.0000000e+00
   1.5000000e+02  -9.0000000e+01
   2.4000000e+01  -4.0000000e+00
   2.5000000e+01  -7.8000000e+01
   2.5000000e+01   2.7000000e+01
   2.0000000e+01  -3.9000000e+01
   2.0000000e+01  -9.1000000e+01
   6.8000000e+01   6.0000000e+01
   2.1000000e+01  -1.1200000e+02
   2.0000000e+01  -1.4000000e+01
   2.0000000e+01   2.1000000e+01
   2.6000000e+01  -9.0000000e+01
   2.0000000e+01   7.0000000e+00
   1.2500000e+02  -4.6000000e+01
   2.0600000e+02  -1.1600000e+02
   1.0200000e+02  -6.7000000e+01
   2.8000000e+01  -2.3000000e+01
   2.0000000e+01  -1.2000000e+02
   2.1000000e+01  -1.1000000e+01
   1.8700000e+02   5.0000000e+01
   2.0000000e+01  -9.5000000e+01
   2.0000000e+01   3.6000000e+01
