   6.7500000e+02   2.9784731e+01
   2.3900000e+02  -9.4597837e+01
   2.3000000e+01  -6.7955144e+00
   2.0000000e+01  -6.5898583e+01
   1.0900000e+02   5.9932186e+01
   2.0500000e+02  -8.9969682e+01
   3.0000000e+01   1.7074073e+01
   3.5000000e+01  -1.1623563e+02
   5.6200000e+02  -3.0095665e+01
   4.9600000e+02  -1.1294948e+02
   4.9000000e+01   5.9167180e+01
   1.2400000e+02  -8.3558478e+01
   9.5000000e+01   5.9706598e+01
   3.0300000e+02  -5.8050860e+01
   2.0000000e+01  -1.7566008e+01
   4.0000000e+01  -9.6071911e+01
   2.2000000e+01  -3.0899337e+01
   2.2000000e+01  -1.6596640e+01
   4.6000000e+01  -1.1975776e+02
   2.5000000e+01  -3.9675169e+01
   2.0000000e+01  -8.0058877e+00
   1.9100000e+02   5.9585942e+01
   2.8000000e+01  -8.9584903e+01
   2.2000000e+01  -7.2567727e+00
   3.5000000e+01  -9.6261639e+01
   4.7800000e+02   2.9899036e+01
   2.7000000e+01  -9.0360581e+00
   4.4000000e+02  -5.2647611e+01
   1.2700000e+02  -8.9307850e+01
   2.0000000e+01   4.0876692e+00
   2.3000000e+01  -4.0977299e+01
   2.0000000e+01  -9.1674550e+01
   2.0000000e+01  -8.2422736e+00
   3.1200000e+02   5.4430338e+01
   2.9000000e+01  -9.0425565e+01
   6.1000000e+01  -4.3199403e+01
   4.5000000e+01   4.4899512e+01
   2.7000000e+01  -1.1672431e+02
   3.2000000e+01   4.6357292e+01
   9.3000000e+01   5.9582430e+01
   3.9000000e+01  -7.2080296e+01
   2.0000000e+01   9.9562550e+00
   1.4200000e+02   4.1063031e+01
   3.7000000e+01  -7.6640992e+01
   4.8000000e+01   5.5418445e+01
   2.0000000e+01   5.0665775e+01
   2.0000000e+01  -1.1899911e+02
   2.1000000e+01  -1.2804468e+01
   2.0000000e+01  -9.9879386e+01
   2.1000000e+01  -1.9814059e+01
   2.1000000e+01   4.0395545e+01
