   6.4500000e+02   2.9000000e+01
   5.3000000e+01  -1.0900000e+02
   2.7000000e+01  -5.0000000e+00
   2.4000000e+01  -1.0300000e+02
   9.9000000e+01   6.0000000e+01
   1.9600000e+02  -9.0000000e+01
   1.7000000e+02   2.9000000e+01
   2.7900000e+02  -8.7000000e+01
   2.1000000e+01  -6.0000000e+00
   2.2000000e+01  -1.2000000e+02
   2.0000000e+01  -3.1000000e+01
   2.0000000e+01  -6.7000000e+01
   1.1300000e+02   6.0000000e+01
   5.6100000e+02  -6.0000000e+01
   2.0000000e+01  -1.0500000e+02
   3.0300000e+02   5.8000000e+01
   8.1000000e+01  -9.0000000e+01
   1.7400000e+02  -2.3000000e+01
   5.8000000e+01  -9.0000000e+01
   2.0000000e+01   2.0000000e+00
   2.0000000e+01  -5.7000000e+01
   2.0000000e+01  -1.1900000e+02
   2.0000000e+01  -3.3000000e+01
   2.0000000e+01  -7.3000000e+01
   5.3100000e+02   2.9000000e+01
   5.0000000e+01  -9.8000000e+01
   4.5000000e+01  -7.0000000e+00
   8.1000000e+01   6.0000000e+01
   2.3000000e+01  -6.0000000e+01
   2.0000000e+01  -9.0000000e+00
   2.2000000e+01   2.4000000e+01
   2.0000000e+01  -1.0800000e+02
   2.0000000e+01   5.0000000e+01
   2.0000000e+01  -4.6000000e+01
   2.0000000e+01  -1.1800000e+02
   2.0000000e+01  -5.3000000e+01
   2.0000000e+01  -1.1000000e+01
   2.0000000e+01  -4.3000000e+01
   2.0000000e+01   4.0000000e+01
   5.0000000e+01   6.0000000e+01
   2.0000000e+01  -9.5000000e+01
   2.0000000e+01   3.0000000e+00
   5.8000000e+01  -1.2000000e+02
   2.9000000e+01  -1.0000000e+01
   2.0000000e+01  -7.1000000e+01
   2.0000000e+01   4.1000000e+01
   2.0000000e+01  -1.1900000e+02
   2.0000000e+01   4.5000000e+01
   1.2700000e+02   6.0000000e+01
   2.1000000e+01  -8.1000000e+01
   2.0000000e+01   4.4000000e+01
