   2.0000000e+01  -2.6000000e+01
   1.1290000e+03   2.8000000e+01
   1.9500000e+02  -9.0000000e+01
   5.1000000e+01   5.9000000e+01
   5.3000000e+01  -1.0900000e+02
   2.9000000e+01  -1.6000000e+01
   6.9000000e+01  -1.0400000e+02
   2.1600000e+02   2.3000000e+01
   1.5200000e+02  -7.4000000e+01
   3.0000000e+01   6.0000000e+01
   3.7000000e+01  -9.0000000e+01
   2.0000000e+01  -4.1000000e+01
   4.0000000e+01  -1.2000000e+02
   2.2000000e+01  -3.2000000e+01
   2.0000000e+01  -1.0600000e+02
   2.0000000e+01  -4.2000000e+01
   1.1000000e+02   6.0000000e+01
   2.4500000e+02  -6.0000000e+01
   5.2000000e+01   5.4000000e+01
   3.1000000e+01  -9.4000000e+01
   6.7000000e+01  -1.5000000e+01
   1.4000000e+02   6.0000000e+01
   7.8000000e+01  -9.0000000e+01
   6.2000000e+01   1.0000000e+01
   2.3000000e+01  -1.1000000e+02
   2.0000000e+01   2.9000000e+01
   2.1000000e+01  -5.8000000e+01
   5.0000000e+01  -1.1900000e+02
   2.0000000e+01   1.3000000e+01
   2.1000000e+01  -8.0000000e+01
   5.3000000e+01  -1.0000000e+00
   2.0000000e+01  -1.1900000e+02
   2.0000000e+01   5.7000000e+01
   1.0500000e+02   6.0000000e+01
   2.3000000e+01  -6.0000000e+01
   2.0000000e+01  -1.4000000e+01
   2.0000000e+01  -1.0900000e+02
   2.0000000e+01  -1.0000000e+01
   2.0000000e+01   4.4000000e+01
   2.0000000e+01  -5.0000000e+01
   2.0000000e+01  -1.1700000e+02
   2.0000000e+01  -1.0000000e+00
   2.0000000e+01  -1.1800000e+02
   2.3000000e+01  -3.0000000e+00
   2.0000000e+01  -3.5000000e+01
   2.0900000e+02   5.9000000e+01
   2.2000000e+01  -9.6000000e+01
   6.4000000e+01   2.4000000e+01
   2.1000000e+01  -1.0500000e+02
   2.0000000e+01  -6.0000000e+01
   2.1000000e+01  -3.4000000e+01
