   2.6700000e+02   2.8000000e+01
   6.7000000e+02  -1.1100000e+02
   3.3300000e+02  -2.9000000e+01
   1.6400000e+02   5.9000000e+01
   1.2900000e+02  -9.0000000e+01
   4.1100000e+02   2.8000000e+01
   6.9000000e+01  -9.4000000e+01
   2.4000000e+01   3.0000000e+01
   2.7400000e+02  -7.0000000e+01
   5.4000000e+01  -1.3000000e+01
   3.1000000e+01  -8.9000000e+01
   2.0000000e+01  -4.1000000e+01
   3.8000000e+01  -1.1100000e+02
   5.8100000e+02   3.6000000e+01
   6.6500000e+02  -6.0000000e+01
   7.3700000e+02  -1.0000000e+00
   4.7100000e+02  -1.1300000e+02
   1.6200000e+02  -4.2000000e+01
   7.8000000e+01   6.0000000e+01
   3.1000000e+01  -8.9000000e+01
   2.0000000e+01  -2.9000000e+01
   4.0000000e+01  -8.9000000e+01
   2.4400000e+02   1.0000000e+00
   1.9500000e+02  -3.9000000e+01
   5.3000000e+01  -1.1700000e+02
   2.1000000e+01   3.0000000e+00
   2.2000000e+01  -7.0000000e+01
   3.3800000e+02   5.5000000e+01
   6.4000000e+01  -5.4000000e+01
   4.2200000e+02  -1.2000000e+01
   3.2000000e+01  -1.0000000e+02
   5.7000000e+01  -2.0000000e+01
   5.6000000e+01  -8.8000000e+01
   2.4400000e+02   5.3000000e+01
   2.9000000e+01  -9.0000000e+01
   2.2000000e+01   2.7000000e+01
   5.0000000e+01  -1.1500000e+02
   4.5000000e+01  -1.9000000e+01
   8.3000000e+01  -3.4000000e+01
   4.0300000e+02   5.6000000e+01
   3.0000000e+01  -1.1100000e+02
   2.2500000e+02  -4.6000000e+01
   5.4000000e+01   5.6000000e+01
   2.1000000e+01  -9.6000000e+01
   2.0000000e+01   5.8000000e+01
   6.6000000e+01  -1.1900000e+02
   4.1000000e+01  -1.6000000e+01
   3.1000000e+01  -9.9000000e+01
   2.0000000e+01   3.0000000e+00
   2.0000000e+01  -6.8000000e+01
   2.0000000e+01  -4.1000000e+01
