   1.0970000e+03   2.8908384e+01
   2.2800000e+02  -8.8955885e+01
   3.2900000e+02  -2.7209200e+01
   3.4000000e+01  -1.1422775e+02
   3.6000000e+01  -1.9994584e+01
   2.0000000e+01  -9.2342971e+01
   1.2500000e+02   5.8303788e+01
   2.3900000e+02  -5.7978352e+01
   5.7000000e+01  -1.0490743e+02
   2.9000000e+01  -1.4988362e+01
   2.0000000e+01  -1.1701637e+02
   2.0000000e+01  -3.1643131e+01
   8.9000000e+01  -8.9381315e+01
   2.2000000e+01  -3.2431956e+01
   2.0000000e+01  -6.2363802e+01
   3.0700000e+02   2.8751686e+01
   7.1000000e+01  -8.9076874e+01
   4.8000000e+01  -4.0438634e+01
   8.3000000e+01   5.1072203e+01
   2.6000000e+01  -1.0096232e+02
   2.1000000e+01  -2.0952829e-01
   3.7000000e+01  -7.6832024e+01
   2.1000000e+01   3.7021758e+01
   2.0000000e+01  -5.9714054e+01
   2.8000000e+01   3.7789653e+00
   2.3000000e+01  -1.1605308e+02
   3.1000000e+01   7.6327623e+00
   2.2900000e+02   5.9974644e+01
   3.4000000e+01  -8.9768031e+01
   4.0000000e+01  -2.6068831e+01
   2.1000000e+01  -9.3639198e+01
   2.0000000e+01   3.5517892e+01
   2.0000000e+01  -5.0950603e+01
   2.0000000e+01   1.2944032e+01
   3.2000000e+01  -8.8537382e+01
   2.1000000e+01  -4.9090350e+01
   2.7500000e+02   5.2784685e+01
   2.2000000e+01  -9.2888153e+01
   2.0000000e+01   2.5816072e+00
   3.7000000e+01  -1.1083566e+02
   4.2000000e+01   1.9269139e+01
   2.2900000e+02  -6.2081786e+01
   5.9000000e+01   5.9942854e+01
   2.0000000e+01  -9.3316784e+01
   2.0000000e+01   2.9879351e+01
   5.0000000e+01   2.2784315e+01
   2.0000000e+01  -1.1294985e+02
   4.9000000e+01   4.0912954e+01
   2.6000000e+01  -1.1836551e+02
   2.1000000e+01   4.1858020e+01
   2.5000000e+01  -5.1985107e+01
