   7.2400000e+02   2.9000000e+01
   9.3000000e+01  -1.0100000e+02
   2.3500000e+02  -1.0000000e+00
   3.4000000e+01  -1.1900000e+02
   1.9500000e+02   5.4000000e+01
   2.1100000e+02  -9.0000000e+01
   2.0200000e+02   2.7000000e+01
   2.3800000e+02  -9.0000000e+01
   2.5000000e+01  -3.0000000e+00
   2.0000000e+01  -9.2000000e+01
   5.8500000e+02   3.6000000e+01
   5.9400000e+02  -5.9000000e+01
   2.2000000e+01   3.4000000e+01
   2.1000000e+01  -1.1800000e+02
   2.6000000e+01  -3.5000000e+01
   6.8000000e+01   5.5000000e+01
   3.3000000e+01  -7.3000000e+01
   2.0000000e+01  -1.2000000e+01
   2.0000000e+01  -4.6000000e+01
   5.6000000e+01  -1.2000000e+02
   3.7000000e+01  -4.9000000e+01
   2.0000000e+01  -8.4000000e+01
   2.5000000e+01   2.5000000e+01
   2.1000000e+01  -8.3000000e+01
   9.4800000e+02   3.0000000e+01
   2.6000000e+01  -5.9000000e+01
   6.1000000e+01  -1.7000000e+01
   2.0000000e+01   2.9000000e+01
   3.8000000e+01  -9.5000000e+01
   2.0000000e+01   2.9000000e+01
   7.5000000e+01  -1.0200000e+02
   6.7000000e+01  -1.9000000e+01
   5.2000000e+01  -1.1400000e+02
   2.0000000e+01  -1.3000000e+01
   3.3000000e+01   5.1000000e+01
   2.1000000e+01  -4.8000000e+01
   3.1300000e+02   5.2000000e+01
   3.1000000e+01  -9.0000000e+01
   2.0000000e+01   5.6000000e+01
   2.0000000e+01  -1.3000000e+01
   1.1700000e+02  -9.0000000e+01
   2.1000000e+01  -0.0000000e+00
   2.1000000e+01  -8.9000000e+01
   2.3000000e+01  -9.0000000e+01
   2.0000000e+01  -5.4000000e+01
   2.1500000e+02   5.9000000e+01
   2.3000000e+01  -9.2000000e+01
   1.1800000e+02   5.0000000e+00
   2.1000000e+01   4.0000000e+00
   2.1000000e+01  -9.7000000e+01
   2.0000000e+01   1.4000000e+01
