   6.6900000e+02   2.9979249e+01
   2.5800000e+02  -9.3286442e+01
   2.4000000e+01  -1.0368808e+01
   4.3100000e+02  -1.1151745e+02
   1.2100000e+02   5.9978139e+01
   2.0400000e+02  -8.9899885e+01
   1.3900000e+02   3.2535094e+01
   1.0000000e+02  -8.7119017e+01
   7.8000000e+01  -4.7190797e+01
   3.4000000e+01   2.2261324e+01
   4.5000000e+01  -1.1267974e+02
   3.9000000e+01  -4.9492827e+01
   1.0800000e+02   5.9938127e+01
   2.1800000e+02  -5.9790353e+01
   3.2300000e+02  -2.1417183e+01
   3.4000000e+01  -1.1840531e+02
   2.0000000e+01   8.1134600e+00
   2.0000000e+01  -8.8956590e+01
   2.0000000e+01  -1.9169296e+01
   2.5000000e+01   5.9779265e+01
   2.1000000e+01  -5.9920431e+01
   5.3000000e+01   2.2048383e+01
   4.6000000e+01  -8.7791108e+01
   2.1000000e+01  -7.0415399e+00
   8.5600000e+02   5.3680656e+01
   4.0000000e+01  -8.9490676e+01
   8.3900000e+02   1.0639895e+01
   2.5000000e+01  -1.1959161e+02
   2.0000000e+01   1.7078592e+01
   2.0000000e+01  -3.3845020e+01
   7.1000000e+01  -1.1426194e+02
   1.4200000e+02  -3.0087027e+01
   2.5000000e+01  -7.4770370e+01
   7.3000000e+01   5.9893536e+01
   2.0000000e+01  -1.1239425e+02
   2.7000000e+01  -4.5105454e-01
   2.0000000e+01  -9.6132481e+01
   2.8000000e+01   5.6375679e+01
   2.0000000e+01  -6.8725752e+01
   7.2000000e+01   5.9622481e+01
   2.3000000e+01  -5.9668602e+01
   2.0000000e+01  -2.1212492e+01
   6.9000000e+01  -1.1962682e+02
   2.6000000e+01  -6.9956648e+00
   2.0000000e+01  -1.0432187e+02
   2.1000000e+01   2.9634068e+01
   2.0000000e+01  -1.2037964e+01
   2.1000000e+01  -4.9571868e+01
   8.4000000e+01   5.9769496e+01
   2.0000000e+01  -9.7006407e+01
   2.3000000e+01   5.2793859e+01
