   7.3300000e+02   2.9000000e+01
   1.4400000e+02  -1.0400000e+02
   2.1000000e+01  -1.0000000e+00
   2.0000000e+01  -9.4000000e+01
   1.0900000e+02   6.0000000e+01
   1.9600000e+02  -9.0000000e+01
   5.1000000e+01   2.1000000e+01
   2.1900000e+02  -1.1600000e+02
   5.2000000e+01  -2.1000000e+01
   2.0000000e+01  -7.5000000e+01
   4.6000000e+01   6.0000000e+01
   1.0300000e+02  -8.7000000e+01
   1.1300000e+02   6.0000000e+01
   6.9000000e+01  -8.7000000e+01
   2.1000000e+01  -1.0000000e+00
   2.2000000e+01  -3.4000000e+01
   3.0000000e+01  -1.1900000e+02
   4.6000000e+01  -4.0000000e+01
   2.0000000e+01  -6.4000000e+01
   2.0000000e+01   2.6000000e+01
   2.0000000e+01  -6.0000000e+01
   2.0000000e+01  -4.0000000e+00
   3.3000000e+01  -1.1800000e+02
   2.1000000e+01  -3.6000000e+01
   1.4600000e+02   5.6000000e+01
   2.5700000e+02  -6.0000000e+01
   4.1300000e+02   2.9000000e+01
   2.0000000e+01  -2.7000000e+01
   2.0000000e+01  -1.0800000e+02
   2.0000000e+01   5.5000000e+01
   2.0000000e+01  -1.0700000e+02
   2.0000000e+01   1.7000000e+01
   2.0000000e+01  -7.6000000e+01
   1.7300000e+02   5.8000000e+01
   2.7000000e+01  -9.0000000e+01
   3.8000000e+01  -2.8000000e+01
   1.2100000e+02   4.3000000e+01
   3.5000000e+01  -1.0000000e+02
   1.6700000e+02  -3.0000000e+01
   2.1000000e+01  -1.1800000e+02
   2.0000000e+01  -7.0000000e+00
   2.0000000e+01  -1.0200000e+02
   3.7200000e+02   5.6000000e+01
   3.5000000e+01  -9.1000000e+01
   7.2000000e+01   2.3000000e+01
   7.6000000e+01  -1.2000000e+02
   2.0000000e+01   3.0000000e+01
   2.0000000e+01  -1.0600000e+02
   4.8000000e+01   1.9000000e+01
   3.1000000e+01  -5.8000000e+01
   7.3000000e+01  -2.2000000e+01
