   6.8400000e+02   2.9825443e+01
   1.1300000e+02  -1.0847399e+02
   2.4000000e+01  -7.9371503e+00
   2.1000000e+01  -9.4425036e+01
   2.0000000e+02   5.5927425e+01
   2.1600000e+02  -8.9855729e+01
   1.6200000e+02   2.9820201e+01
   2.1000000e+01  -1.1605243e+02
   2.0000000e+01  -3.1261936e+01
   5.1000000e+01   4.6254250e+01
   3.0000000e+01  -8.9027468e+01
   2.3000000e+01  -8.2946849e-01
   4.2000000e+01   5.7956026e+01
   3.5800000e+02  -8.7310197e+01
   2.1000000e+01  -3.0052934e+01
   6.6000000e+01  -2.6267390e-01
   2.5000000e+01  -7.6784639e+01
   2.0000000e+01   2.9898784e+01
   3.1000000e+01  -1.1725433e+02
   1.1500000e+02   5.9823827e+01
   3.1500000e+02  -5.8773988e+01
   2.0000000e+01   5.9784095e+01
   2.7000000e+01  -8.9577674e+01
   2.4000000e+01  -1.0790959e+01
   2.6000000e+01  -1.0062953e+02
   9.1200000e+02   2.4699784e+01
   4.1500000e+02  -2.8216530e+01
   2.2000000e+01  -1.1983425e+02
   2.2000000e+01   3.9267762e+01
   9.0000000e+01  -5.6728504e+01
   9.9000000e+01   5.8032794e+01
   2.8000000e+01  -5.9530708e+01
   2.3000000e+01  -2.7943783e+01
   3.9000000e+01  -1.1968132e+02
   3.0000000e+01  -1.6630362e+01
   2.0000000e+01  -5.7954410e+01
   1.5300000e+02  -8.9551812e+01
   2.1000000e+01   4.4116421e+00
   2.1000000e+01  -6.3497321e+01
   2.9300000e+02   5.5375895e+01
   2.5000000e+01  -9.4453356e+01
   2.9000000e+01   2.5950031e+01
   4.0000000e+01  -9.3543182e+01
   2.5000000e+01   3.1770249e+01
   2.3000000e+01  -1.1646705e+02
   2.0000000e+01   1.1395826e+01
   2.1000000e+01  -5.6684253e+01
   2.1000000e+01  -1.0663994e+01
   5.1300000e+02   5.8503121e+01
   4.3000000e+01  -8.7700855e+01
   2.2000000e+02  -5.3749336e+01
