   7.3900000e+02   2.7000000e+01
   1.1400000e+02  -9.5000000e+01
   8.6000000e+01  -1.0000000e+01
   2.9000000e+01  -9.7000000e+01
   9.9000000e+01   6.0000000e+01
   1.9600000e+02  -9.0000000e+01
   2.0000000e+01   2.1000000e+01
   1.5800000e+02  -9.0000000e+01
   2.5000000e+01  -1.1000000e+01
   2.0000000e+01  -1.1700000e+02
   2.1000000e+01  -3.5000000e+01
   2.0000000e+01  -7.7000000e+01
   1.3300000e+02   6.0000000e+01
   7.3000000e+01  -8.6000000e+01
   2.4000000e+01  -4.0000000e+00
   3.1700000e+02  -6.0000000e+01
   2.0000000e+01  -1.1800000e+02
   2.0000000e+01  -3.4000000e+01
   2.3000000e+02   2.8000000e+01
   2.8000000e+01  -7.6000000e+01
   2.5000000e+01  -5.0000000e+00
   7.6000000e+01   6.0000000e+01
   2.0000000e+01  -5.6000000e+01
   2.0000000e+01  -1.1600000e+02
   1.3200000e+02   6.0000000e+01
   2.0000000e+01  -9.5000000e+01
   2.0000000e+01   2.7000000e+01
   3.7900000e+02  -3.0000000e+00
   2.5000000e+01  -1.1600000e+02
   1.6100000e+02   1.5000000e+01
   2.0400000e+02  -5.1000000e+01
   5.0000000e+01  -1.1900000e+02
   2.0000000e+01   5.5000000e+01
   2.2000000e+01  -3.1000000e+01
   2.3000000e+01  -8.7000000e+01
   2.2000000e+01   1.2000000e+01
   1.0300000e+02   6.0000000e+01
   2.6000000e+01  -5.9000000e+01
   2.1000000e+01   5.6000000e+01
   2.0000000e+01  -7.6000000e+01
   2.2000000e+01  -1.1900000e+02
   2.3000000e+01  -4.1000000e+01
   2.0000000e+01   5.6000000e+01
   2.0000000e+01  -1.2000000e+02
   2.1000000e+01   5.7000000e+01
   2.0000000e+01  -1.0300000e+02
   2.0000000e+01   2.1000000e+01
   2.0000000e+01  -5.5000000e+01
   1.5400000e+02   6.0000000e+01
   2.0000000e+01  -9.5000000e+01
   2.0000000e+01  -1.0000000e+01
