   6.4600000e+02   2.9000000e+01
   6.2000000e+01  -1.0600000e+02
   3.0000000e+01  -1.4000000e+01
   3.1000000e+01  -1.1900000e+02
   3.0000000e+01  -9.0000000e+00
   2.0000000e+01  -6.9000000e+01
   1.6300000e+02   5.7000000e+01
   3.5000000e+02  -9.0000000e+01
   7.7000000e+01  -4.3000000e+01
   5.5300000e+02   2.9000000e+01
   4.5500000e+02  -8.5000000e+01
   1.8300000e+02  -4.5000000e+01
   1.1100000e+02   6.0000000e+01
   5.6200000e+02  -6.0000000e+01
   2.0000000e+01  -1.0600000e+02
   2.3000000e+01   1.1000000e+01
   8.4000000e+01  -7.8000000e+01
   2.8000000e+01   5.5000000e+01
   8.4000000e+01   5.2000000e+01
   2.2000000e+01  -1.0000000e+02
   9.4500000e+02  -1.0000000e+00
   2.7000000e+01  -7.5000000e+01
   5.1100000e+02   2.9000000e+01
   2.2000000e+01  -5.9000000e+01
   2.0000000e+01  -1.9000000e+01
   4.5000000e+01  -1.0600000e+02
   2.2000000e+01  -4.0000000e+01
   4.5000000e+01   6.0000000e+01
   2.0000000e+01  -9.7000000e+01
   2.0000000e+01   5.8000000e+01
   3.3000000e+01  -1.2000000e+02
   2.0000000e+01   1.6000000e+01
   2.0000000e+01  -7.8000000e+01
   3.4000000e+01  -1.1700000e+02
   4.6000000e+01   5.9000000e+01
   2.4000000e+01  -3.9000000e+01
   5.0000000e+01  -1.2000000e+02
   2.2000000e+01  -3.5000000e+01
   2.1000000e+01  -1.0000000e+02
   1.9900000e+02   6.0000000e+01
   2.5000000e+01  -9.3000000e+01
   5.5000000e+01   2.7000000e+01
   5.9000000e+01  -2.1000000e+01
   4.3000000e+01  -9.0000000e+01
   1.3900000e+02  -1.1000000e+01
   2.0000000e+01  -1.1300000e+02
   2.2000000e+01  -1.0000000e+00
   2.0000000e+01  -3.3000000e+01
   2.0000000e+01  -9.9000000e+01
   2.0000000e+01   4.8000000e+01
   2.0000000e+01   4.0000000e+00
