   6.4500000e+02   2.9000000e+01
   5.3000000e+01  -1.0900000e+02
   2.3000000e+01  -2.0000000e+00
   2.0000000e+01  -1.0800000e+02
   1.0100000e+02   6.0000000e+01
   1.9600000e+02  -9.0000000e+01
   2.1000000e+01   1.4000000e+01
   1.5500000e+02  -9.0000000e+01
   2.7000000e+01  -1.1000000e+01
   2.0000000e+01  -6.8000000e+01
   2.0000000e+01  -1.1800000e+02
   2.1000000e+01  -3.4000000e+01
   7.4600000e+02   5.9000000e+01
   8.1000000e+01  -9.0000000e+01
   2.9600000e+02  -2.7000000e+01
   7.8000000e+01  -8.7000000e+01
   7.6000000e+01   6.0000000e+01
   2.4600000e+02  -6.0000000e+01
   1.1000000e+02   2.9000000e+01
   4.2000000e+01  -1.1500000e+02
   3.4000000e+01  -4.6000000e+01
   1.7200000e+02   2.9000000e+01
   9.6000000e+01  -4.3000000e+01
   3.8000000e+01  -1.0000000e+02
   9.8000000e+01   6.0000000e+01
   2.3000000e+01  -6.0000000e+01
   2.0000000e+01  -8.0000000e+00
   3.1000000e+01   1.1000000e+01
   2.5000000e+01  -1.1700000e+02
   2.2000000e+01  -5.0000000e+00
   2.0000000e+01   1.7000000e+01
   2.2000000e+01  -6.0000000e+01
   2.0000000e+01  -1.4000000e+01
   4.6000000e+01   6.0000000e+01
   2.0000000e+01  -9.5000000e+01
   2.0000000e+01   5.4000000e+01
   6.1000000e+01  -1.2000000e+02
   3.0000000e+01  -1.4000000e+01
   2.0000000e+01  -1.0100000e+02
   5.0400000e+02   5.3000000e+01
   2.5000000e+01  -9.3000000e+01
   1.3800000e+02   2.1000000e+01
   2.0000000e+01   1.9000000e+01
   2.2000000e+01  -1.0800000e+02
   2.0000000e+01  -5.6000000e+01
   3.0000000e+01  -1.2000000e+02
   2.1000000e+01   2.6000000e+01
   2.0000000e+01  -8.5000000e+01
   5.5100000e+02   2.6000000e+01
   3.9000000e+01  -9.5000000e+01
   4.3100000e+02   8.0000000e+00
