   6.4400000e+02   2.9000000e+01
   5.3000000e+01  -1.0900000e+02
   2.4000000e+01  -1.0000000e+00
   2.5000000e+01  -1.0200000e+02
   1.0000000e+02   6.0000000e+01
   1.9600000e+02  -9.0000000e+01
   1.6900000e+02   2.9000000e+01
   2.8000000e+02  -8.7000000e+01
   2.1000000e+01  -2.0000000e+00
   2.0000000e+01  -1.1800000e+02
   2.1000000e+01  -3.4000000e+01
   2.0000000e+01  -6.2000000e+01
   1.3300000e+02   6.0000000e+01
   7.3000000e+01  -8.6000000e+01
   2.2000000e+01  -1.0000000e+00
   3.1900000e+02  -6.0000000e+01
   2.0000000e+01  -1.1900000e+02
   2.0000000e+01  -3.3000000e+01
   9.1200000e+02   2.9000000e+01
   2.1000000e+01  -1.1900000e+02
   6.2500000e+02   4.9000000e+01
   4.3700000e+02  -6.0000000e+01
   2.0000000e+01  -1.7000000e+01
   4.6400000e+02  -6.9000000e+01
   3.2000000e+01   6.0000000e+01
   2.1000000e+01  -9.9000000e+01
   2.3000000e+01   1.7000000e+01
   2.5000000e+01  -5.4000000e+01
   4.6000000e+01  -1.2000000e+02
   2.0000000e+01   4.2000000e+01
   2.0000000e+01  -6.6000000e+01
   2.0000000e+01  -1.1900000e+02
   2.0000000e+01  -2.2000000e+01
   2.7100000e+02   5.5000000e+01
   2.6000000e+01  -9.0000000e+01
   1.2300000e+02  -1.9000000e+01
   2.0000000e+01  -4.6000000e+01
   2.0000000e+01  -1.0000000e+02
   2.0000000e+01   3.9000000e+01
   2.0000000e+01  -1.2000000e+01
   2.0000000e+01  -1.1900000e+02
   2.0000000e+01  -9.0000000e+00
   1.2900000e+02   5.9000000e+01
   3.3000000e+01  -8.0000000e+01
   3.9000000e+01   2.7000000e+01
   9.8000000e+01  -9.8000000e+01
   3.4800000e+02  -3.1000000e+01
   2.1100000e+02  -3.9000000e+01
   2.0000000e+01   2.0000000e+00
   2.0000000e+01  -4.2000000e+01
   2.0000000e+01  -4.8000000e+01
