   7.3500000e+02   2.9000000e+01
   4.7500000e+02  -1.0300000e+02
   3.6000000e+01  -1.0000000e+01
   2.0000000e+01  -1.1900000e+02
   3.7500000e+02   5.8000000e+01
   2.3200000e+02  -9.0000000e+01
   5.2000000e+02   2.8000000e+01
   2.3500000e+02  -8.4000000e+01
   1.4800000e+02  -1.0000000e+00
   2.0000000e+01  -1.1400000e+02
   2.0000000e+01   4.9000000e+01
   2.7000000e+01  -6.6000000e+01
   4.1400000e+02   1.9000000e+01
   2.2000000e+01  -1.1700000e+02
   2.5000000e+01  -3.3000000e+01
   2.3200000e+02   4.2000000e+01
   2.0300000e+02  -5.3000000e+01
   3.9400000e+02  -3.0000000e+00
   7.1000000e+01  -8.9000000e+01
   2.1000000e+01   3.7000000e+01
   8.1000000e+01  -5.2000000e+01
   6.8000000e+01  -1.1300000e+02
   2.6000000e+01  -4.2000000e+01
   2.0000000e+01  -8.1000000e+01
   1.1600000e+02   6.0000000e+01
   2.8000000e+01  -5.7000000e+01
   2.1000000e+01   2.1000000e+01
   2.8000000e+01  -1.1500000e+02
   9.6000000e+01  -1.0000000e+01
   1.0500000e+02  -8.5000000e+01
   3.2100000e+02   5.7000000e+01
   1.2800000e+02  -8.2000000e+01
   2.0700000e+02  -3.0000000e+01
   1.0200000e+02   5.9000000e+01
   2.0000000e+01  -9.3000000e+01
   2.7000000e+01   5.3000000e+01
   2.0000000e+01  -1.1200000e+02
   2.0000000e+01   6.0000000e+00
   2.2000000e+01  -3.5000000e+01
   4.2600000e+02   5.3000000e+01
   2.5000000e+01  -8.0000000e+01
   1.1300000e+02  -1.0000000e+01
   2.3000000e+01  -1.0000000e+01
   2.8000000e+01  -1.0600000e+02
   6.2000000e+01  -5.4000000e+01
   2.0000000e+01   4.7000000e+01
   3.0000000e+01  -1.2000000e+02
   2.0000000e+01  -5.3000000e+01
   2.2000000e+01  -9.1000000e+01
   2.0000000e+01   1.5000000e+01
   2.0000000e+01  -8.1000000e+01
