   7.1000000e+02   2.8000000e+01
   5.7000000e+01  -1.0800000e+02
   2.3000000e+01  -3.0000000e+00
   3.3000000e+01  -9.4000000e+01
   9.9000000e+01   6.0000000e+01
   1.9600000e+02  -9.0000000e+01
   1.7000000e+02   2.9000000e+01
   2.8000000e+02  -8.7000000e+01
   2.1000000e+01  -3.0000000e+00
   2.0000000e+01  -1.1800000e+02
   2.0000000e+01  -3.2000000e+01
   2.0000000e+01  -7.0000000e+01
   1.3500000e+02   6.0000000e+01
   7.4000000e+01  -8.6000000e+01
   2.1000000e+01  -5.0000000e+00
   7.7100000e+02  -6.0000000e+01
   2.0000000e+01  -0.0000000e+00
   2.0000000e+01  -7.3000000e+01
   1.0200000e+02   6.0000000e+01
   2.3000000e+01  -6.0000000e+01
   2.0000000e+01  -9.0000000e+00
   2.0000000e+01   6.0000000e+00
   2.0000000e+01  -1.0800000e+02
   2.0000000e+01   5.3000000e+01
   2.2500000e+02  -6.7000000e+01
   3.6900000e+02  -2.2000000e+01
   2.7900000e+02  -9.1000000e+01
   2.7000000e+01  -1.1900000e+02
   3.2000000e+01   5.5000000e+01
   2.6000000e+01  -5.4000000e+01
   4.4000000e+01   5.8000000e+01
   2.3000000e+01  -1.0300000e+02
   2.3000000e+01   8.0000000e+00
   4.0000000e+01  -9.0000000e+01
   2.0000000e+01  -7.0000000e+00
   2.0000000e+01  -1.9000000e+01
   3.2700000e+02   5.7000000e+01
   2.8000000e+01  -9.5000000e+01
   9.5000000e+01   1.6000000e+01
   4.4000000e+01  -6.0000000e+01
   3.1000000e+01  -9.5000000e+01
   4.0000000e+01  -3.8000000e+01
   2.0000000e+01  -1.1300000e+02
   2.0000000e+01   5.4000000e+01
   2.0000000e+01   4.1000000e+01
   2.3000000e+01  -5.4000000e+01
   2.5000000e+01  -1.1900000e+02
   2.0000000e+01  -4.2000000e+01
   3.1000000e+01  -1.1900000e+02
   2.4000000e+01  -3.0000000e+00
   2.0000000e+01  -4.1000000e+01
