   6.4700000e+02   2.9000000e+01
   5.3000000e+01  -1.0900000e+02
   2.3000000e+01  -3.0000000e+00
   3.3000000e+01  -1.1800000e+02
   2.6000000e+01  -4.0000000e+00
   2.1000000e+01  -7.2000000e+01
   1.0800000e+02   6.0000000e+01
   1.9600000e+02  -9.0000000e+01
   2.0000000e+01   2.5000000e+01
   6.0000000e+01  -6.0000000e+01
   1.7200000e+02   2.9000000e+01
   1.0300000e+02  -8.7000000e+01
   2.8700000e+02   4.8000000e+01
   2.0800000e+02  -7.7000000e+01
   5.1200000e+02  -4.9000000e+01
   4.0000000e+01  -1.2000000e+02
   2.2000000e+01  -3.2000000e+01
   2.0000000e+01  -1.1200000e+02
   1.6400000e+02   5.5000000e+01
   1.9600000e+02  -5.6000000e+01
   6.7300000e+02  -2.9000000e+01
   4.2300000e+02   2.9000000e+01
   2.3000000e+01  -1.0500000e+02
   2.0000000e+01   5.0000000e+01
   6.1000000e+01  -9.3000000e+01
   5.5200000e+02  -2.0000000e+00
   3.4400000e+02  -7.1000000e+01
   2.1000000e+01  -4.2000000e+01
   3.0000000e+01  -9.0000000e+01
   2.0000000e+01  -5.2000000e+01
   2.0000000e+01  -1.0000000e+01
   2.0000000e+01  -1.0000000e+02
   2.0000000e+01   3.9000000e+01
   3.0000000e+01  -3.7000000e+01
   6.0000000e+01   5.8000000e+01
   4.2000000e+01  -5.4000000e+01
   1.2200000e+02   6.0000000e+01
   2.0000000e+01  -9.5000000e+01
   2.0000000e+01  -3.0000000e+00
   2.3000000e+01  -1.0400000e+02
   2.0000000e+01   2.8000000e+01
   2.0000000e+01  -4.9000000e+01
   2.0000000e+01   4.3000000e+01
   2.0000000e+01  -1.1800000e+02
   2.0000000e+01  -5.0000000e+01
   2.0800000e+02   5.8000000e+01
   3.1000000e+01  -9.0000000e+01
   6.7000000e+01   3.6000000e+01
   1.0700000e+02   5.6000000e+01
   2.4000000e+01  -9.4000000e+01
   4.7000000e+01   1.9000000e+01
