   6.9500000e+02   2.9661798e+01
   5.9100000e+02  -1.0963867e+02
   2.9000000e+01  -1.0436561e+01
   3.9200000e+02   5.8090125e+01
   2.5300000e+02  -8.9952953e+01
   2.7000000e+01  -1.6396390e+01
   3.5000000e+01  -1.1482303e+02
   9.9000000e+01   5.4393038e+01
   2.6700000e+02  -8.4106761e+01
   1.8400000e+02   2.6233291e+01
   1.9400000e+02  -1.1777432e+02
   9.0000000e+01  -3.0002320e+01
   3.5100000e+02  -1.0229703e+02
   1.4900000e+02   2.4982417e+01
   4.1000000e+01  -6.7879036e+01
   1.2700000e+02   5.9940573e+01
   6.2900000e+02  -5.9929513e+01
   6.1800000e+02   2.9993382e+01
   3.8000000e+01  -2.1283905e+01
   4.8000000e+01  -8.9591427e+01
   3.3000000e+01  -2.2248413e+01
   2.6000000e+01  -1.0577167e+02
   3.7000000e+01  -7.0567232e+00
   3.7000000e+01  -7.0719278e+01
   8.4000000e+01   5.8854216e+01
   4.2000000e+01  -1.1961394e+02
   2.3000000e+01  -3.9640287e+01
   2.8000000e+01  -9.5438539e+01
   4.9300000e+02   2.8319553e+01
   4.9900000e+02  -5.0838681e+01
   2.3000000e+01  -8.9547832e+01
   2.0000000e+01   2.0690597e+01
   2.0000000e+01  -3.7684992e+01
   6.0000000e+01   5.8634448e+01
   3.0000000e+01  -8.9392764e+01
   2.1000000e+01   1.2847630e+01
   3.1000000e+01   5.3671682e+01
   2.0000000e+01  -9.4915370e+01
   2.4000000e+01  -4.4190788e+01
   2.0000000e+01   5.3343144e+01
   2.0000000e+01  -1.1313465e+02
   2.1000000e+01  -2.0674000e+01
   2.1000000e+01   4.1322097e+01
   2.0000000e+01  -1.1858226e+02
   2.0000000e+01  -5.5854119e+01
   4.0000000e+01  -1.1604014e+02
   2.3000000e+01   2.4972552e-01
   2.0000000e+01  -7.7128419e+01
   5.1000000e+01   5.7980927e+01
   2.0000000e+01  -9.5274205e+01
   2.2000000e+01   4.3008294e+01
