   8.8300000e+02   2.6000000e+01
   2.1100000e+02  -9.7000000e+01
   3.3000000e+01  -1.2000000e+01
   2.3000000e+01  -1.1800000e+02
   1.1300000e+02   6.0000000e+01
   2.3100000e+02  -8.9000000e+01
   3.9900000e+02  -4.0000000e+00
   3.1000000e+01  -1.1900000e+02
   3.3000000e+01  -4.7000000e+01
   3.3400000e+02   2.5000000e+01
   6.6000000e+01  -8.9000000e+01
   2.8700000e+02  -3.4000000e+01
   2.0000000e+01  -7.9000000e+01
   2.7000000e+01   5.9000000e+01
   2.0000000e+01  -7.9000000e+01
   1.3400000e+02   5.6000000e+01
   3.0000000e+01  -7.6000000e+01
   1.2500000e+02  -2.7000000e+01
   4.9400000e+02  -6.0000000e+01
   7.0000000e+01  -2.4000000e+01
   6.8000000e+01  -9.1000000e+01
   3.0000000e+01  -2.0000000e+01
   2.0000000e+01  -6.0000000e+01
   2.0000000e+01   4.0000000e+00
   9.9000000e+01   6.0000000e+01
   4.0000000e+01  -5.5000000e+01
   2.0000000e+01   1.5000000e+01
   3.5000000e+01  -1.1100000e+02
   1.0600000e+02   1.9000000e+01
   7.4000000e+01  -4.9000000e+01
   7.6000000e+01  -1.1100000e+02
   5.5000000e+01   3.0000000e+00
   2.2400000e+02  -8.2000000e+01
   2.0000000e+01  -2.0000000e+00
   2.0000000e+01  -7.4000000e+01
   2.1000000e+01  -1.9000000e+01
   2.0000000e+01   4.5000000e+01
   2.0000000e+01  -8.0000000e+01
   2.1000000e+01  -4.3000000e+01
   1.3100000e+02   5.6000000e+01
   2.7000000e+01  -9.8000000e+01
   3.2900000e+02   3.5000000e+01
   2.8000000e+01  -1.1600000e+02
   2.2000000e+01   4.8000000e+01
   2.0000000e+01  -4.2000000e+01
   4.1900000e+02  -1.1400000e+02
   1.2900000e+02  -2.4000000e+01
   6.2000000e+01  -3.1000000e+01
   3.0600000e+02   4.8000000e+01
   2.6000000e+01  -1.1300000e+02
   2.2700000e+02  -1.7000000e+01
