   2.9200000e+02   2.9000000e+01
   4.2000000e+01  -1.1700000e+02
   5.6000000e+01  -1.9000000e+01
   2.4000000e+01  -9.4000000e+01
   1.1100000e+02   6.0000000e+01
   2.2000000e+02  -8.8000000e+01
   4.8000000e+01   6.0000000e+01
   2.1000000e+01  -1.1800000e+02
   9.0600000e+02  -5.2000000e+01
   2.5100000e+02   2.9000000e+01
   3.0000000e+01  -8.9000000e+01
   3.1000000e+01  -7.0000000e+00
   2.1200000e+02  -9.0000000e+01
   3.1000000e+01  -3.3000000e+01
   3.1000000e+01  -8.2000000e+01
   1.4100000e+02   5.7000000e+01
   3.9000000e+01  -9.5000000e+01
   2.0800000e+02   1.0000000e+01
   7.3000000e+01   6.0000000e+01
   6.7000000e+01  -8.9000000e+01
   1.2500000e+02  -2.0000000e+00
   5.8000000e+01  -5.8000000e+01
   1.2800000e+02   5.1000000e+01
   2.4800000e+02  -6.0000000e+01
   1.6000000e+02  -9.0000000e+01
   2.0000000e+01   1.7000000e+01
   2.1000000e+01  -7.8000000e+01
   4.0000000e+01  -1.1500000e+02
   2.1000000e+01  -3.3000000e+01
   2.1000000e+01  -2.4000000e+01
   2.9400000e+02   5.9000000e+01
   3.3000000e+01  -8.9000000e+01
   6.0000000e+01  -2.2000000e+01
   2.0000000e+01   1.7000000e+01
   2.3000000e+01  -9.4000000e+01
   2.1000000e+01  -1.8000000e+01
   2.0000000e+01  -1.1700000e+02
   2.4000000e+01   2.6000000e+01
   2.0000000e+01   5.5000000e+01
   3.6000000e+01  -1.1300000e+02
   2.6000000e+01  -9.0000000e+00
   2.0000000e+01  -5.9000000e+01
   3.5000000e+01  -1.1600000e+02
   4.0000000e+01   4.3000000e+01
   5.5000000e+01  -8.0000000e+01
   7.2000000e+01   6.0000000e+01
   2.0000000e+01  -9.5000000e+01
   2.2000000e+01   5.1000000e+01
   2.2000000e+01  -9.6000000e+01
   2.0000000e+01  -4.2000000e+01
   2.0000000e+01  -6.4000000e+01
