   7.2500000e+02   2.9000000e+01
   2.2500000e+02  -9.9000000e+01
   3.7900000e+02  -1.9000000e+01
   2.3000000e+01  -1.1100000e+02
   9.7000000e+01   6.0000000e+01
   2.0700000e+02  -8.8000000e+01
   3.6300000e+02   4.6000000e+01
   3.2200000e+02  -8.3000000e+01
   2.8200000e+02  -7.0000000e+00
   4.5000000e+01  -1.1200000e+02
   2.6000000e+01  -4.0000000e+01
   2.1000000e+01  -8.6000000e+01
   2.7500000e+02  -4.0000000e+01
   1.1000000e+02   6.0000000e+01
   5.7600000e+02  -6.0000000e+01
   2.9000000e+01   2.9000000e+01
   3.4000000e+01  -1.1200000e+02
   2.0000000e+01   2.7000000e+01
   3.6000000e+01   5.8000000e+01
   2.6000000e+01  -9.0000000e+01
   3.3000000e+01  -2.2000000e+01
   3.8000000e+01  -5.4000000e+01
   2.5000000e+01  -1.7000000e+01
   4.1000000e+01  -7.9000000e+01
   9.2000000e+01   5.8000000e+01
   2.1000000e+01  -1.0500000e+02
   2.3000000e+01   4.2000000e+01
   4.1800000e+02   2.9000000e+01
   2.5000000e+01  -5.8000000e+01
   2.1000000e+01  -2.1000000e+01
   2.9000000e+01  -9.9000000e+01
   5.8000000e+01   1.1000000e+01
   2.0000000e+01   1.3000000e+01
   1.1900000e+02   4.4000000e+01
   3.2000000e+01  -1.1200000e+02
   5.3000000e+01   3.5000000e+01
   2.1000000e+01  -1.1400000e+02
   2.6000000e+01  -1.1000000e+01
   2.2000000e+01  -5.1000000e+01
   2.2000000e+01  -2.6000000e+01
   3.7000000e+01  -1.2000000e+02
   2.0000000e+01  -3.4000000e+01
   6.8000000e+01   3.0000000e+01
   2.0000000e+01  -1.1400000e+02
   3.6900000e+02  -2.3000000e+01
   2.9000000e+01  -8.8000000e+01
   2.4000000e+01  -1.3000000e+01
   2.1000000e+01  -6.3000000e+01
   2.0000000e+01   2.2000000e+01
   2.3000000e+01  -5.3000000e+01
   2.0000000e+01   1.5000000e+01
