   7.1500000e+02   2.9319077e+01
   2.4600000e+02  -9.4390520e+01
   2.7000000e+01  -1.0525385e+00
   2.8000000e+01  -1.1177390e+02
   3.3800000e+02   5.6913229e+01
   2.6800000e+02  -8.9003330e+01
   5.5000000e+01   2.9249968e+01
   5.6000000e+01  -1.0976503e+02
   2.3000000e+01  -3.6861815e+01
   1.6500000e+02   4.7515691e+01
   7.5000000e+01  -8.7999392e+01
   3.1500000e+02  -2.6669869e+01
   9.5000000e+01  -8.7498962e+01
   2.1000000e+01  -4.0265354e+01
   2.2000000e+01  -7.7611449e+01
   1.2700000e+02   5.7604632e+01
   3.2800000e+02  -5.9724903e+01
   1.1300000e+02   2.5188160e+01
   6.2000000e+01  -5.2972072e+01
   2.0000000e+01  -1.1422441e+02
   2.0000000e+01   5.5674529e+00
   3.8200000e+02  -1.0392101e+02
   2.6500000e+02  -3.0026610e+01
   1.4500000e+02  -8.0594158e+01
   5.6700000e+02   5.4968324e+01
   3.7000000e+01  -9.0601471e+01
   4.7100000e+02   1.9752511e+01
   2.5000000e+01  -1.1906779e+02
   4.0000000e+01  -3.5317984e+00
   3.9000000e+01  -3.1936805e+01
   2.3000000e+01  -1.1548957e+02
   2.4000000e+01  -6.4802823e+00
   2.0000000e+01  -3.6558059e+01
   2.0000000e+01  -1.0027451e+02
   3.0000000e+01   5.8196679e+01
   2.0000000e+01  -6.4095882e+01
   2.5000000e+01   4.3144968e+01
   7.5000000e+01   5.8338178e+01
   5.5000000e+01  -2.1521469e+01
   2.7000000e+01  -9.6757077e+01
   4.6700000e+02  -1.1090507e+01
   3.3700000e+02  -1.0123068e+02
   2.5000000e+01  -3.5383174e+00
   2.3000000e+01  -1.0532470e+02
   2.1000000e+01   3.3321532e+01
   2.0000000e+01  -7.2084889e+01
   2.0000000e+01  -1.1242518e+02
   2.1000000e+01  -1.2140178e+01
   1.2200000e+02   4.7247206e+01
   3.6900000e+02  -1.1788172e+02
   3.3000000e+01  -5.1222231e+01
