   8.6800000e+02   2.6000000e+01
   1.8700000e+02  -9.9000000e+01
   4.9000000e+01  -2.1000000e+01
   2.0000000e+01  -1.1700000e+02
   2.2900000e+02   5.9000000e+01
   2.3900000e+02  -8.9000000e+01
   2.3000000e+02   4.0000000e+01
   4.2300000e+02  -8.3000000e+01
   3.3100000e+02  -4.8000000e+01
   4.0000000e+01   4.9000000e+01
   4.0000000e+01  -1.1600000e+02
   3.4000000e+01  -5.9000000e+01
   1.5500000e+02   2.9000000e+01
   3.9000000e+01  -7.3000000e+01
   2.5000000e+01  -9.0000000e+00
   9.6000000e+01  -9.6000000e+01
   1.7700000e+02   2.2000000e+01
   8.0100000e+02  -6.3000000e+01
   4.3100000e+02   5.6000000e+01
   5.3000000e+02  -5.7000000e+01
   3.2300000e+02  -4.0000000e+00
   6.9000000e+01  -8.8000000e+01
   2.1000000e+01   1.4000000e+01
   2.3000000e+01  -5.7000000e+01
   7.8000000e+01   1.8000000e+01
   2.3000000e+01  -1.1100000e+02
   7.2600000e+02  -2.8000000e+01
   5.2800000e+02   5.8000000e+01
   3.3000000e+01  -9.3000000e+01
   3.3000000e+01   2.6000000e+01
   2.1000000e+01  -4.5000000e+01
   3.5000000e+01  -9.8000000e+01
   2.0000000e+01   6.0000000e+01
   2.0000000e+01  -3.2000000e+01
   2.4000000e+01  -1.1400000e+02
   2.0000000e+01   4.1000000e+01
   7.8000000e+01   6.0000000e+01
   2.3000000e+01  -6.0000000e+01
   2.0000000e+01   3.3000000e+01
   2.1000000e+01  -9.5000000e+01
   2.0000000e+01  -1.8000000e+01
   2.2000000e+01  -5.8000000e+01
   1.1400000e+02   1.9000000e+01
   2.5000000e+01  -1.1500000e+02
   4.0000000e+01  -3.8000000e+01
   4.7200000e+02   4.9000000e+01
   8.1000000e+01  -5.7000000e+01
   4.8500000e+02  -1.0000000e+00
   7.4000000e+01  -1.1900000e+02
   2.3000000e+01  -2.4000000e+01
   2.0000000e+01  -6.6000000e+01
