   6.7900000e+02   2.9989365e+01
   1.7200000e+02  -1.0253702e+02
   2.2600000e+02  -1.9656845e+00
   2.0100000e+02   5.5211463e+01
   3.4100000e+02  -8.9082593e+01
   3.5300000e+02  -3.0057985e+01
   2.1000000e+01  -1.1838104e+02
   2.4000000e+01  -3.8368459e+01
   2.1000000e+01  -7.4203418e+01
   4.8000000e+01   5.9858977e+01
   2.8000000e+01  -8.9323869e+01
   2.0000000e+01  -3.0962891e+00
   2.4000000e+01  -1.1547330e+02
   2.4000000e+01   2.8688055e+01
   1.0400000e+02  -7.6011757e+01
   9.9000000e+01   5.9959033e+01
   2.3000000e+01  -5.9725836e+01
   2.0000000e+01  -2.0305723e+00
   5.1000000e+01  -8.9353449e+01
   2.3500000e+02   4.7283560e+01
   2.1000000e+01  -5.9725079e+01
   2.0000000e+01   2.3222689e+01
   3.5000000e+01  -1.1334746e+02
   3.5000000e+01  -4.8831856e+01
   1.0200000e+02   1.3653124e+01
   6.1000000e+01  -5.4425412e+01
   2.7800000e+02   1.4439050e+01
   2.3000000e+01  -1.3129515e+01
   2.5000000e+01  -1.1905931e+02
   2.0000000e+01  -2.9747886e+01
   1.4400000e+02  -8.9937912e+01
   2.9000000e+01  -1.8979531e+01
   2.3000000e+01  -1.0077033e+02
   1.0500000e+02   5.9832462e+01
   2.1000000e+01  -1.0337425e+02
   2.2000000e+01   2.7277937e+01
   3.4000000e+01  -1.1766198e+02
   9.5000000e+01   5.9841867e+01
   2.0000000e+01  -2.8322856e+01
   3.6000000e+01   1.2895772e+00
   2.4000000e+01  -1.1753973e+02
   5.6000000e+01  -2.4399723e+01
   8.2000000e+01  -1.0967058e+02
   1.0000000e+02  -1.4369882e+01
   4.0000000e+01  -6.2973392e+01
   3.8000000e+01  -1.1725770e+02
   2.0000000e+01   3.0264373e+01
   2.0000000e+01  -3.5770616e+01
   2.1200000e+02   5.9024160e+01
   2.2000000e+01  -9.4371142e+01
   7.4000000e+01  -1.8339115e+01
