   6.4400000e+02   2.9000000e+01
   5.3000000e+01  -1.0900000e+02
   2.5000000e+01  -3.0000000e+00
   4.3000000e+01  -9.0000000e+01
   1.0300000e+02   6.0000000e+01
   1.3000000e+02  -8.9000000e+01
   3.1000000e+02  -1.0000000e+00
   8.1000000e+01  -1.1600000e+02
   7.5000000e+01  -1.7000000e+01
   2.1000000e+01  -1.1700000e+02
   2.0000000e+01  -3.2000000e+01
   2.0000000e+01  -8.2000000e+01
   1.1500000e+02   6.0000000e+01
   5.6100000e+02  -6.0000000e+01
   2.2000000e+01   2.0000000e+01
   1.4300000e+02  -8.2000000e+01
   2.0000000e+01   1.3000000e+01
   2.0000000e+01  -1.0800000e+02
   2.0000000e+01  -3.1000000e+01
   1.2000000e+02   6.0000000e+01
   7.0000000e+01  -8.7000000e+01
   2.1000000e+01   5.0000000e+01
   3.9000000e+01  -1.0400000e+02
   2.0000000e+01   5.5000000e+01
   2.0000000e+01  -9.8000000e+01
   2.1000000e+01  -1.0000000e+00
   2.0000000e+01  -4.7000000e+01
   8.3000000e+01   6.0000000e+01
   3.4000000e+01  -5.7000000e+01
   2.2000000e+01  -0.0000000e+00
   2.0000000e+01  -9.5000000e+01
   2.0000000e+01  -1.0000000e+00
   2.0000000e+01  -6.3000000e+01
   2.0000000e+01  -1.1800000e+02
   2.0000000e+01   1.9000000e+01
   2.0000000e+01  -5.2000000e+01
   2.0000000e+01  -1.0700000e+02
   2.0000000e+01  -3.5000000e+01
   2.0000000e+01  -7.7000000e+01
   2.0000000e+01  -8.7000000e+01
   2.0000000e+01  -1.1900000e+02
   2.1000000e+01   2.8000000e+01
   5.5000000e+01  -1.1900000e+02
   3.1000000e+01   4.0000000e+01
   5.1000000e+01  -5.1000000e+01
   1.8000000e+02   6.0000000e+01
   2.0000000e+01  -9.5000000e+01
   2.0000000e+01  -2.0000000e+00
   2.2000000e+01   1.8000000e+01
   2.8000000e+01  -1.0000000e+02
   2.4000000e+01   1.2000000e+01
