   6.8300000e+02   2.9983640e+01
   1.0200000e+02  -1.1036882e+02
   4.1000000e+01  -5.1510250e+00
   2.2000000e+01  -8.1145818e+01
   1.1700000e+02   5.8867552e+01
   2.0900000e+02  -8.8919525e+01
   2.0000000e+01   1.3314939e+01
   3.6000000e+01  -1.1584723e+02
   3.8000000e+01  -4.9757278e+01
   2.0000000e+01  -1.1779423e+02
   1.3400000e+02   5.9868621e+01
   2.4600000e+02  -8.6885682e+01
   4.3000000e+01   5.0218301e+01
   2.0000000e+01  -9.8240596e+01
   2.0000000e+01  -1.9068169e+00
   3.5100000e+02   3.9885981e+01
   3.6500000e+02  -5.3870046e+01
   2.2600000e+02  -1.8637792e+01
   5.9000000e+01  -8.9610598e+01
   2.3000000e+01  -3.5129584e+01
   2.0000000e+01  -7.7912024e+01
   5.2000000e+01   2.0183192e+01
   1.9500000e+02  -5.6362772e+01
   4.0000000e+01  -5.5377539e+01
   4.5000000e+01  -1.1758744e+02
   3.3000000e+01  -1.6814130e+01
   2.0000000e+01  -6.1480161e+01
   3.2700000e+02   4.6730828e+01
   1.3500000e+02  -1.1440938e+02
   1.6200000e+02  -3.0094332e+01
   1.8800000e+02   5.9979589e+01
   2.8000000e+01  -8.9451544e+01
   7.4900000e+02   1.9916844e+01
   2.0000000e+01  -2.3414332e+01
   3.2000000e+01  -1.0416088e+02
   2.0000000e+01   4.8739730e+01
   2.1000000e+01  -9.7733815e+01
   2.0000000e+01   2.9705598e+01
   2.0000000e+01   5.9459045e+01
   2.0000000e+01  -3.8912525e+01
   2.3000000e+01  -9.6850943e+01
   2.1000000e+01  -2.5756156e+01
   1.0000000e+02   5.9999200e+01
   2.0000000e+01  -8.7557205e+01
   2.0000000e+01  -2.5270488e+01
   1.5000000e+02   4.8662065e+01
   1.6800000e+02  -9.0950745e+01
   6.2100000e+02  -4.9179247e+01
   4.6000000e+01   1.5180977e+01
   3.0000000e+01  -1.1815417e+02
   4.0000000e+01  -7.8172779e+01
