   7.1500000e+02   2.9723342e+01
   8.1000000e+01  -1.0963813e+02
   2.6000000e+01  -6.3715089e+00
   2.7000000e+01  -1.1053326e+02
   1.4400000e+02  -1.8382109e+01
   6.6000000e+01  -6.7725403e+01
   1.7100000e+02   5.7119899e+01
   1.3000000e+02  -8.9533154e+01
   1.7200000e+02  -2.1782455e+00
   2.6000000e+01  -1.1342577e+02
   3.7300000e+02   3.1561786e+01
   4.0300000e+02  -7.6083481e+01
   4.8000000e+01   2.9993868e+01
   3.1000000e+01  -8.9018347e+01
   2.5000000e+01  -3.1565090e+01
   1.1000000e+02   5.9314793e+01
   3.0000000e+02  -5.8849197e+01
   2.3000000e+01   3.5207527e+01
   3.1000000e+01  -5.5110138e+01
   6.4000000e+01  -1.1873261e+02
   2.0000000e+01  -3.2093550e+01
   2.1000000e+01  -1.1175521e+02
   1.0300000e+02   4.5833955e+01
   5.0000000e+01  -5.4111922e+01
   3.3200000e+02   1.2441014e+01
   2.7000000e+01  -8.9745243e+01
   6.0300000e+02   2.9988874e+01
   2.1000000e+01  -7.4976748e-01
   2.0000000e+01  -9.6443457e+01
   2.2000000e+01  -1.0607395e+00
   2.0000000e+01  -1.1304832e+02
   2.0000000e+01  -1.2042077e+00
   2.0000000e+01  -2.3952192e+01
   2.1000000e+01  -1.1562993e+02
   1.1900000e+02   3.0112203e+01
   3.2900000e+02  -1.0553592e+02
   1.0400000e+02   6.1833019e+00
   1.4700000e+02  -1.1014842e+02
   5.2500000e+02  -7.3540352e+01
   2.1000000e+01   1.8635386e+01
   2.0000000e+01  -3.1338992e+01
   2.5000000e+01  -8.3147647e+01
   1.9300000e+02   5.9954185e+01
   2.8000000e+01  -8.9552756e+01
   2.5000000e+01   5.2306505e+01
   2.0000000e+01  -9.5341879e+01
   2.1000000e+01   1.0288046e+01
   2.0000000e+01  -1.1547672e+02
   3.5700000e+02   5.6051182e+01
   2.4000000e+01  -9.3765604e+01
   6.9000000e+01  -1.6187588e+01
