   8.0100000e+02   2.7000000e+01
   5.3000000e+01  -1.1000000e+02
   3.7000000e+01  -6.0000000e+00
   2.2000000e+01  -1.1300000e+02
   1.0200000e+02   6.0000000e+01
   2.0800000e+02  -8.9000000e+01
   4.9800000e+02   1.4000000e+01
   9.5000000e+01  -8.8000000e+01
   2.8000000e+01  -4.8000000e+01
   1.4700000e+02  -9.0000000e+01
   4.3000000e+01  -2.5000000e+01
   2.3000000e+01  -1.2000000e+02
   4.8000000e+01   5.8000000e+01
   5.8000000e+01  -1.1900000e+02
   5.4300000e+02  -4.9000000e+01
   3.6500000e+02   5.8000000e+01
   3.7000000e+01  -8.9000000e+01
   3.9700000e+02  -5.2000000e+01
   2.1000000e+01  -5.0000000e+00
   2.7000000e+01  -9.0000000e+01
   2.0000000e+01   2.6000000e+01
   2.0000000e+01  -1.0700000e+02
   2.2000000e+01  -4.0000000e+00
   2.1000000e+01  -4.0000000e+01
   7.8000000e+01   6.0000000e+01
   2.0000000e+01  -1.1000000e+02
   2.3000000e+01   5.4000000e+01
   9.2000000e+01  -5.3000000e+01
   2.0000000e+01  -1.7000000e+01
   2.1000000e+01  -5.7000000e+01
   5.6000000e+01   6.0000000e+01
   2.1000000e+01  -6.0000000e+01
   2.0000000e+01  -8.0000000e+00
   2.1000000e+01   7.0000000e+00
   2.1000000e+01  -1.1500000e+02
   2.0000000e+01  -1.7000000e+01
   5.1000000e+01  -1.2000000e+02
   3.2000000e+01  -1.5000000e+01
   2.2000000e+01  -6.7000000e+01
   8.0000000e+01   6.0000000e+01
   2.0000000e+01  -9.3000000e+01
   2.1000000e+01   1.0000000e+00
   2.0000000e+01  -1.1900000e+02
   2.2000000e+01   3.7000000e+01
   2.1000000e+01  -3.5000000e+01
   1.5300000e+02   2.3000000e+01
   2.3000000e+01  -1.1200000e+02
   1.2700000e+02   1.6000000e+01
   2.1000000e+01  -4.7000000e+01
   3.1000000e+01  -1.1300000e+02
   2.0000000e+01  -5.1000000e+01
