   6.4500000e+02   2.9000000e+01
   5.3000000e+01  -1.0900000e+02
   2.3000000e+01  -2.0000000e+00
   3.7000000e+01  -1.1600000e+02
   1.5100000e+02  -1.0000000e+00
   2.7000000e+01  -9.0000000e+01
   1.0800000e+02   6.0000000e+01
   1.9400000e+02  -9.0000000e+01
   2.1000000e+01  -4.2000000e+01
   1.6900000e+02   2.9000000e+01
   2.0000000e+01  -8.2000000e+01
   2.0000000e+01   5.4000000e+01
   4.7000000e+01  -8.0000000e+01
   6.9700000e+02   2.9000000e+01
   3.3300000e+02  -5.7000000e+01
   2.1000000e+01   6.0000000e+01
   6.2000000e+01  -1.2000000e+02
   2.9000000e+01  -4.0000000e+01
   2.3900000e+02   5.8000000e+01
   7.8000000e+01  -9.0000000e+01
   7.7000000e+01  -1.8000000e+01
   5.1400000e+02  -5.1000000e+01
   4.5000000e+01  -1.2000000e+02
   2.0000000e+01  -6.1000000e+01
   8.0200000e+02   4.8000000e+01
   2.0000000e+01  -9.5000000e+01
   1.8800000e+02  -1.6000000e+01
   5.9000000e+01   1.7000000e+01
   3.7000000e+01  -9.8000000e+01
   4.1000000e+01   1.9000000e+01
   3.0000000e+01  -1.2000000e+02
   3.0000000e+01   4.0000000e+00
   3.2000000e+01  -4.5000000e+01
   2.5500000e+02  -1.2000000e+02
   4.8000000e+01   3.0000000e+01
   2.0600000e+02  -1.1600000e+02
   2.0000000e+01  -6.6000000e+01
   2.0000000e+01  -1.0000000e+00
   2.0000000e+01  -7.5000000e+01
   1.7800000e+02   6.0000000e+01
   2.0000000e+01  -9.5000000e+01
   2.0000000e+01   5.9000000e+01
   2.0000000e+01  -1.2000000e+02
   2.0000000e+01  -2.5000000e+01
   2.0000000e+01  -2.8000000e+01
   1.6300000e+02   3.8000000e+01
   2.0000000e+01  -1.1800000e+02
   6.8500000e+02  -1.1000000e+01
   2.0000000e+01  -1.1600000e+02
   4.7000000e+01   6.0000000e+01
   2.0000000e+01  -3.9000000e+01
