   6.1000000e+02   2.9843283e+01
   2.4400000e+02  -9.3542855e+01
   3.7000000e+01  -2.1542081e+01
   2.0000000e+01  -1.1796971e+02
   1.9700000e+02   5.2001807e+01
   2.0400000e+02  -8.9231964e+01
   9.7000000e+01  -5.4683525e+00
   4.6000000e+01  -1.1167701e+02
   1.7400000e+02  -4.4440603e+01
   4.7000000e+01  -2.4189701e-01
   3.4000000e+01  -8.8642335e+01
   2.3000000e+01  -4.4688919e+01
   1.1100000e+02   5.9779531e+01
   2.4900000e+02  -5.9864797e+01
   1.7900000e+02  -8.6982397e+01
   3.8500000e+02   3.9796443e+01
   4.0000000e+01  -9.2942238e+01
   4.2000000e+01  -2.6377745e+01
   3.1700000e+02  -5.9954632e+01
   2.2000000e+01   1.5177887e+01
   2.7600000e+02  -6.9558574e+01
   4.7000000e+01   1.5800672e+01
   2.5000000e+01  -4.1598045e+01
   2.0000000e+01  -1.1144219e+02
   1.2500000e+02   5.9919352e+01
   2.1000000e+01  -7.8915938e+01
   4.3000000e+01  -2.7538773e+01
   2.3000000e+01  -1.1904421e+02
   2.4300000e+02   4.4504376e+01
   2.5000000e+01  -5.8440318e+01
   3.1000000e+01   2.4004215e+01
   4.8000000e+01  -9.0489234e+01
   1.5100000e+02   3.3134248e+00
   2.0000000e+01  -9.8672960e+01
   2.0000000e+01  -1.1438155e+01
   2.0000000e+01   3.3931842e+01
   9.4000000e+01   4.1552167e+01
   4.4000000e+01  -1.1445153e+02
   2.9000000e+01   1.8920463e+01
   2.3000000e+01  -7.9339002e+01
   2.1000000e+01   1.2850229e+01
   2.0000000e+01  -7.3731579e+01
   2.7000000e+01  -1.9948083e+01
   3.3000000e+01  -1.1651165e+02
   2.1000000e+01  -7.9325573e+01
   1.8000000e+02   5.6280559e+01
   4.4000000e+01  -7.1683741e+01
   5.2000000e+01   3.9453629e+01
   2.3000000e+01  -3.1982208e+01
   2.6000000e+01  -1.1696926e+02
   2.0000000e+01  -5.9255690e+01
