   6.6700000e+02   2.9294208e+01
   2.6900000e+02  -9.3306483e+01
   2.8400000e+02  -9.9023252e+00
   2.2000000e+01  -1.1315807e+02
   1.1700000e+02   5.9967195e+01
   2.9000000e+02  -8.9207379e+01
   1.5300000e+02   2.4763364e+01
   3.4000000e+01  -1.1914895e+02
   2.1000000e+01  -3.0192721e+01
   4.9300000e+02   2.6168535e+01
   9.2000000e+01  -7.3078254e+01
   2.8400000e+02  -8.8151832e+00
   8.8000000e+01  -8.9901104e+01
   2.3000000e+01  -1.0312931e+01
   2.0000000e+01  -8.3108976e+01
   3.0300000e+02   5.3252461e+01
   5.2000000e+01  -8.9147368e+01
   5.3000000e+01  -7.1722039e+00
   4.6500000e+02  -5.9909881e+01
   2.0000000e+01   1.0529890e+01
   2.3000000e+01  -3.5883754e+01
   2.0000000e+01   5.4795130e+01
   5.8000000e+01  -1.1821960e+02
   2.0000000e+01  -3.0463058e+01
   1.1900000e+02   5.9833783e+01
   3.3000000e+02  -5.7107595e+01
   2.1000000e+01   3.0000901e+01
   2.4000000e+01   1.3570694e+01
   2.7000000e+01  -8.9688707e+01
   2.0000000e+01  -2.5789448e+01
   6.1000000e+01  -1.1818004e+02
   2.8000000e+01  -6.9332748e+00
   2.0000000e+01  -8.9707457e+01
   1.1200000e+02   5.9610754e+01
   2.0000000e+01   2.5080790e+01
   2.0000000e+01  -1.1203884e+02
   3.4000000e+01   1.1399033e+01
   3.1000000e+01  -9.6844791e+01
   2.9000000e+01  -3.2551547e+01
   7.6900000e+02   4.2256041e+01
   2.9000000e+01  -9.3166741e+01
   9.7000000e+01  -1.2880795e+01
   2.1000000e+01   5.2373067e+01
   2.0000000e+01  -9.4916036e+01
   2.1000000e+01   1.3279885e+01
   2.0000000e+01  -1.1872891e+02
   2.0000000e+01   7.0863348e+00
   2.1000000e+01  -3.3235877e+01
   5.0000000e+01  -9.9071089e+01
   1.3400000e+02   5.0991271e+01
   9.2000000e+01  -9.1196270e+01
