   7.1500000e+02   2.9000000e+01
   6.3900000e+02  -8.8000000e+01
   2.3000000e+01  -1.0000000e+00
   2.0000000e+01  -1.1700000e+02
   1.0800000e+02   5.4000000e+01
   2.2300000e+02  -9.9000000e+01
   4.4900000e+02   5.8000000e+01
   9.6000000e+01  -8.8000000e+01
   4.6000000e+01  -2.0000000e+00
   1.7500000e+02  -8.7000000e+01
   2.9000000e+01  -9.0000000e+00
   2.2000000e+01  -1.1700000e+02
   5.9000000e+01   2.5000000e+01
   1.0700000e+02  -8.9000000e+01
   3.3000000e+01  -4.0000000e+01
   4.2300000e+02   4.1000000e+01
   7.2000000e+01  -1.2000000e+02
   2.0000000e+01  -3.1000000e+01
   2.2000000e+01  -8.8000000e+01
   3.7900000e+02   4.3000000e+01
   5.8500000e+02  -6.0000000e+01
   3.4000000e+01   1.0000000e+01
   2.4000000e+01  -1.1400000e+02
   2.0000000e+01   3.6000000e+01
   4.0000000e+01  -7.2000000e+01
   2.9000000e+01  -8.0000000e+00
   8.5000000e+01  -4.2000000e+01
   1.7200000e+02   6.0000000e+01
   2.5000000e+01  -9.2000000e+01
   1.7000000e+02   2.8000000e+01
   2.5000000e+01  -1.0600000e+02
   2.1000000e+01   2.5000000e+01
   2.0000000e+01  -4.6000000e+01
   2.4700000e+02   6.0000000e+01
   2.1000000e+01  -1.0200000e+02
   2.0000000e+01   6.0000000e+01
   2.1000000e+01  -1.2000000e+01
   2.0000000e+01  -9.7000000e+01
   2.0000000e+01  -1.0000000e+01
   2.0000000e+01  -5.7000000e+01
   2.1000000e+01   4.0000000e+00
   2.1000000e+01  -9.8000000e+01
   7.8000000e+01   5.7000000e+01
   4.1000000e+01  -5.6000000e+01
   2.0000000e+01  -2.2000000e+01
   2.0000000e+01  -2.1000000e+01
   3.3000000e+01  -9.6000000e+01
   3.1000000e+01  -5.3000000e+01
   4.1000000e+01  -1.1400000e+02
   2.9000000e+01  -1.3000000e+01
   2.0000000e+01  -6.0000000e+01
