   8.3200000e+02   2.7000000e+01
   9.5000000e+01  -1.0000000e+02
   4.1000000e+01  -1.0000000e+00
   3.8000000e+01  -9.0000000e+01
   1.2800000e+02   5.9000000e+01
   1.3500000e+02  -8.8000000e+01
   1.1300000e+02  -2.0000000e+00
   4.9000000e+01  -1.1900000e+02
   3.3000000e+01  -1.7000000e+01
   1.1400000e+02  -1.1900000e+02
   7.3000000e+01   6.0000000e+01
   9.9000000e+01  -8.2000000e+01
   3.0000000e+02   4.0000000e+01
   3.7000000e+01  -5.5000000e+01
   2.2000000e+01  -5.0000000e+00
   1.0400000e+02  -8.9000000e+01
   3.8000000e+01  -2.5000000e+01
   2.1000000e+01  -6.0000000e+01
   2.8900000e+02  -6.8000000e+01
   3.5000000e+01  -1.1600000e+02
   4.5000000e+01  -4.1000000e+01
   2.1000000e+01   1.3000000e+01
   2.0000000e+01  -1.1200000e+02
   2.0000000e+01  -3.2000000e+01
   1.1300000e+02   6.0000000e+01
   2.7000000e+01  -1.0100000e+02
   2.1000000e+01   3.2000000e+01
   2.0000000e+01  -1.1700000e+02
   2.0000000e+01  -3.4000000e+01
   2.0000000e+01  -8.0000000e+01
   6.6000000e+01   2.8000000e+01
   1.0530000e+03   2.8000000e+01
   3.0700000e+02  -5.5000000e+01
   2.4000000e+01  -1.1200000e+02
   1.2300000e+02   1.1000000e+01
   7.2000000e+01  -2.8000000e+01
   2.0000000e+01   4.5000000e+01
   2.9000000e+01  -1.1600000e+02
   2.0000000e+01   9.0000000e+00
   3.1000000e+01  -1.2000000e+02
   2.0000000e+01   1.4000000e+01
   2.1000000e+01  -8.2000000e+01
   2.0000000e+01  -1.0100000e+02
   2.8000000e+01  -1.5000000e+01
   2.0000000e+01  -3.7000000e+01
   3.1000000e+01   5.2000000e+01
   2.1000000e+01  -1.1800000e+02
   2.2000000e+01  -7.2000000e+01
   3.2100000e+02   5.4000000e+01
   2.9000000e+01  -9.1000000e+01
   4.1000000e+01  -4.0000000e+00
