   6.8000000e+02   2.9000000e+01
   1.1500000e+02  -1.0800000e+02
   4.5000000e+01  -1.0000000e+00
   2.0000000e+01  -1.1900000e+02
   1.1200000e+02   6.0000000e+01
   1.9500000e+02  -9.0000000e+01
   1.3800000e+02  -3.0000000e+00
   3.2000000e+01  -1.1900000e+02
   3.1000000e+01  -3.9000000e+01
   5.6000000e+01   5.3000000e+01
   1.0300000e+02  -8.7000000e+01
   2.0000000e+01   3.0000000e+01
   4.3900000e+02  -5.9000000e+01
   1.3500000e+02  -5.0000000e+00
   3.1900000e+02  -6.9000000e+01
   9.8600000e+02   2.9000000e+01
   4.0900000e+02  -5.9000000e+01
   2.8100000e+02  -7.0000000e+00
   2.5000000e+01  -8.0000000e+01
   1.6100000e+02   6.0000000e+01
   3.0000000e+01  -9.0000000e+01
   3.3000000e+01  -2.2000000e+01
   2.0000000e+01  -1.1800000e+02
   2.0000000e+01  -3.4000000e+01
   2.0000000e+01   1.0000000e+01
   2.0000000e+01  -1.0200000e+02
   2.0000000e+01   1.0000000e+01
   2.0000000e+01  -8.9000000e+01
   2.0000000e+01  -1.1800000e+02
   2.0000000e+01   9.0000000e+00
   2.0000000e+01  -4.9000000e+01
   2.1000000e+01  -1.2000000e+02
   2.0000000e+01  -4.2000000e+01
   9.2000000e+01   5.9000000e+01
   2.0000000e+01  -9.8000000e+01
   2.1000000e+01   6.0000000e+01
   2.4000000e+01   5.2000000e+01
   2.3000000e+01  -1.0000000e+02
   4.9000000e+01   2.6000000e+01
   2.0000000e+01  -6.9000000e+01
   2.0000000e+01   1.0000000e+00
   2.0000000e+01  -3.2000000e+01
   2.0000000e+01  -1.1800000e+02
   2.0000000e+01  -4.5000000e+01
   2.0000000e+01  -3.0000000e+01
   2.7800000e+02   5.9000000e+01
   2.6000000e+01  -9.3000000e+01
   5.7000000e+01   5.9000000e+01
   2.0000000e+01  -2.4000000e+01
   2.0000000e+01  -6.0000000e+01
   2.0000000e+01   1.8000000e+01
