   4.7500000e+02   2.7669584e+01
   8.3000000e+01  -1.0980917e+02
   2.3000000e+01  -4.2979025e+00
   2.1000000e+01  -1.1949795e+02
   3.4300000e+02   5.8506178e+01
   2.3300000e+02  -8.9982698e+01
   2.4300000e+02   3.9858717e+01
   3.8800000e+02  -8.5980976e+01
   2.0400000e+02  -3.9085823e+01
   8.1000000e+01   5.9922987e+01
   4.0300000e+02  -1.1966313e+02
   8.5000000e+01  -3.0008816e+01
   1.6100000e+02   5.8381546e+01
   7.1000000e+02  -5.9845369e+01
   8.1000000e+01  -1.9680515e+01
   2.1900000e+02  -8.9896522e+01
   2.0000000e+01   1.3340986e+00
   2.1000000e+01  -6.7820366e+01
   2.9000000e+01  -2.4460970e+01
   2.4000000e+01   5.4042673e+01
   2.3000000e+01  -1.1070130e+02
   3.8000000e+01   5.9945446e+01
   3.0000000e+01  -8.9138364e+01
   2.2000000e+01  -2.4254220e+00
   2.0000000e+01  -5.8698166e+01
   6.6300000e+02   2.9785479e+01
   2.1000000e+01   3.1974592e+01
   1.3700000e+02  -2.9739940e+01
   2.8000000e+01  -5.9944880e+01
   2.0000000e+01   5.4140155e+01
   2.6000000e+01  -1.1360746e+02
   2.3000000e+01   4.2371569e+01
   3.7000000e+01  -1.8615756e+01
   3.3000000e+01  -1.1867149e+02
   2.7000000e+01  -1.1499498e+01
   2.0000000e+01  -3.4875052e+01
   5.8000000e+01   5.9475983e+01
   2.0000000e+01  -1.1260645e+02
   2.3000000e+01   1.9986842e+01
   4.2700000e+02   5.3398205e+01
   4.2000000e+01  -8.7726521e+01
   5.4000000e+01   1.1092117e+01
   2.0000000e+01   1.3841486e+01
   2.0000000e+01  -9.3650743e+01
   2.0000000e+01  -1.3535531e+01
   2.7000000e+01   4.3123071e+01
   2.0000000e+01  -1.1810157e+02
   2.7000000e+01  -4.7035131e+01
   5.3000000e+01  -1.1706040e+02
   4.2000000e+01  -2.5439403e+01
   2.1000000e+01  -7.0373220e+01
