   4.5500000e+02   2.9006341e+01
   5.8000000e+01  -1.0969106e+02
   6.4000000e+01  -1.9533881e+01
   2.8000000e+01  -1.1162456e+02
   1.8900000e+02   5.9946585e+01
   2.3000000e+02  -8.9467899e+01
   4.7900000e+02   2.9812071e+01
   2.0000000e+01  -1.1479803e+02
   2.5000000e+01  -9.3472960e-01
   6.3000000e+01  -1.1502740e+02
   1.0700000e+02  -7.9178286e+00
   7.1000000e+01  -5.5403495e+01
   5.8400000e+02   2.9813864e+01
   6.1000000e+01  -8.9021264e+01
   3.2700000e+02  -3.7655699e+01
   2.0000000e+01   3.1040089e+01
   2.1000000e+01  -7.9201620e+01
   2.0000000e+01  -1.1586742e+01
   7.4000000e+01  -9.1566239e+01
   2.0000000e+01   2.2808543e+00
   2.0000000e+01  -8.9442826e+01
   1.6300000e+02   5.9561720e+01
   2.2000000e+01  -9.2110126e+01
   1.0200000e+02   8.7545430e+00
   2.1000000e+01  -1.2195164e+01
   2.0000000e+01  -5.9911783e+01
   2.1000000e+01  -2.1053500e+01
   6.6000000e+01  -1.1976393e+02
   3.8000000e+01  -4.9655044e+01
   2.1000000e+01  -1.1876413e+02
   2.2000000e+01  -4.7267990e+01
   2.0000000e+01  -1.8169192e+01
   2.0000000e+01  -8.5552296e+01
   7.2000000e+01   5.6974069e+01
   2.0000000e+01  -1.0586324e+02
   2.1000000e+01   4.4559037e+01
   2.0000000e+01  -6.7150238e+01
   2.3000000e+01   8.2521481e+00
   2.0000000e+01  -3.4955256e+01
   2.1000000e+01   5.7960473e+01
   2.0000000e+01  -1.1760226e+02
   2.0000000e+01  -5.6459756e+01
   2.1700000e+02   4.3411852e+01
   1.5100000e+02  -5.3054525e+01
   4.8200000e+02   3.2514273e+01
   2.2000000e+01  -5.9320152e+01
   2.3000000e+01  -1.1214663e+02
   2.1000000e+01   6.3180778e+00
   2.7000000e+01  -1.1940819e+02
   2.3000000e+01   4.0541881e+00
   2.0000000e+01  -7.6768792e+01
