   7.2600000e+02   2.9000000e+01
   2.2300000e+02  -9.6000000e+01
   4.4000000e+01  -1.5000000e+01
   2.8000000e+01  -9.1000000e+01
   1.1000000e+02   6.0000000e+01
   2.9800000e+02  -8.8000000e+01
   9.1000000e+01   2.9000000e+01
   2.1000000e+01  -1.1600000e+02
   2.9000000e+01  -4.5000000e+01
   2.3900000e+02  -6.8000000e+01
   4.6000000e+01   5.6000000e+01
   1.0800000e+02  -8.7000000e+01
   9.8000000e+01   6.0000000e+01
   6.2800000e+02  -6.0000000e+01
   6.0700000e+02  -8.0000000e+00
   2.0000000e+01  -1.1300000e+02
   1.4500000e+02   2.9000000e+01
   6.2400000e+02  -4.5000000e+01
   1.0700000e+02   6.0000000e+01
   2.8000000e+01  -9.0000000e+01
   2.8000000e+01  -1.5000000e+01
   2.4900000e+02  -5.2000000e+01
   3.1100000e+02  -8.9000000e+01
   2.0000000e+01  -3.2000000e+01
   1.0800000e+02   6.0000000e+01
   2.0000000e+01  -1.1800000e+02
   2.0000000e+01   1.8000000e+01
   3.1000000e+01  -1.1300000e+02
   2.1000000e+01  -2.1000000e+01
   2.4000000e+01   4.8000000e+01
   4.9000000e+01  -1.1600000e+02
   3.0000000e+01  -9.0000000e+00
   2.5000000e+01  -8.0000000e+01
   1.2300000e+02   5.2000000e+01
   2.1000000e+01  -1.1300000e+02
   3.1000000e+01   4.6000000e+01
   2.2000000e+01  -8.5000000e+01
   2.0000000e+01  -2.5000000e+01
   2.0000000e+01  -0.0000000e+00
   1.5400000e+02   6.0000000e+01
   2.9000000e+01  -9.0000000e+01
   3.0000000e+01   1.2000000e+01
   2.4000000e+01  -2.9000000e+01
   2.1000000e+01  -1.2000000e+02
   2.1000000e+01  -3.5000000e+01
   3.5900000e+02   5.8000000e+01
   3.0000000e+01  -1.0900000e+02
   8.4000000e+02   4.1000000e+01
   3.6000000e+01  -7.4000000e+01
   2.8800000e+02  -2.1000000e+01
   1.6500000e+02  -5.9000000e+01
