   4.3100000e+02   2.9750814e+01
   3.5000000e+01  -1.1003669e+02
   3.7000000e+01  -7.6706193e+00
   3.2000000e+01  -9.3062581e+01
   1.1400000e+02   5.7848626e+01
   2.0600000e+02  -8.9631555e+01
   9.9900000e+02   2.7466682e+01
   3.3900000e+02  -5.9940665e+01
   1.6400000e+02  -8.6409036e+01
   1.0300000e+02   5.8770230e+01
   1.8100000e+02  -1.1456972e+02
   3.5500000e+02  -1.0587276e+01
   2.1000000e+01  -1.1473610e+02
   2.0000000e+01  -3.0856635e+01
   2.0000000e+01  -7.4444935e+01
   1.9300000e+02   5.9956917e+01
   2.8000000e+01  -8.9845313e+01
   2.0000000e+01   3.8486560e+01
   2.4000000e+01  -1.1799613e+02
   3.4000000e+01  -3.2500037e-01
   3.0000000e+01  -5.5953435e+01
   2.0000000e+01  -2.8173971e-01
   2.3000000e+01  -1.1977068e+02
   3.3000000e+01  -4.7519917e+01
   3.3200000e+02  -8.1757168e+01
   1.1000000e+02   4.5188782e+01
   1.4900000e+02  -7.8191063e+01
   4.2500000e+02   2.9986413e+01
   2.0000000e+01  -7.7149095e+01
   2.0000000e+01  -1.0241225e+00
   2.6000000e+01  -8.9419393e+01
   3.8000000e+01   4.5497241e+01
   2.3000000e+01  -4.0888116e+01
   3.2000000e+01  -1.0177125e+02
   5.4000000e+01   1.6989387e+01
   8.1000000e+01  -3.2818170e+01
   2.1000000e+01  -6.4463899e+01
   5.6000000e+01  -1.1652119e+02
   2.0000000e+01   5.0132355e+01
   2.0000000e+01  -3.8052570e+01
   2.2000000e+01  -1.1178351e+01
   2.0000000e+01  -8.9111220e+01
   1.0900000e+02   5.9955591e+01
   2.0000000e+01  -6.0522306e+01
   2.0000000e+01  -2.0790126e+01
   2.5000000e+01   4.6984140e+01
   2.3000000e+01  -1.1930558e+02
   2.0000000e+01  -5.2927705e+01
   1.5400000e+02   5.4660425e+01
   2.7000000e+01  -8.0358636e+01
   7.3000000e+01   2.7447993e+01
