   6.4300000e+02   2.9000000e+01
   1.1100000e+02  -1.0800000e+02
   2.6000000e+01  -3.0000000e+00
   2.1000000e+01  -1.2000000e+02
   1.1300000e+02   6.0000000e+01
   1.9600000e+02  -9.0000000e+01
   1.1300000e+02   6.0000000e+01
   1.4100000e+02  -8.7000000e+01
   2.1000000e+01  -7.0000000e+00
   1.0300000e+02  -8.7000000e+01
   2.0000000e+01   2.6000000e+01
   2.3000000e+01  -1.1100000e+02
   4.2000000e+01   7.0000000e+00
   9.4000000e+01  -9.0000000e+01
   5.6000000e+01  -3.7000000e+01
   2.0000000e+01  -2.4000000e+01
   3.1000000e+01  -9.0000000e+01
   2.0000000e+01  -5.8000000e+01
   1.1000000e+02   6.0000000e+01
   2.0000000e+01  -4.0000000e+00
   5.6300000e+02  -6.0000000e+01
   1.8800000e+02   4.4000000e+01
   3.7000000e+01  -9.1000000e+01
   5.8300000e+02   2.8000000e+01
   4.1000000e+01  -6.0000000e+01
   2.3000000e+01  -2.2000000e+01
   1.5000000e+02  -6.9000000e+01
   2.0500000e+02   5.5000000e+01
   3.3000000e+01  -1.1500000e+02
   3.2900000e+02  -4.4000000e+01
   2.0000000e+01  -6.0000000e+00
   2.0000000e+01  -1.1800000e+02
   2.0000000e+01  -2.2000000e+01
   2.0000000e+01  -2.2000000e+01
   2.0000000e+01   3.4000000e+01
   2.0000000e+01  -5.7000000e+01
   1.0500000e+02   4.1000000e+01
   9.8000000e+01  -5.6000000e+01
   1.6700000e+02   1.8000000e+01
   2.0000000e+01  -9.7000000e+01
   2.0000000e+01  -1.2000000e+01
   2.0000000e+01   2.5000000e+01
   2.0000000e+01   4.5000000e+01
   2.0000000e+01  -1.1700000e+02
   2.0000000e+01  -5.3000000e+01
   3.4000000e+01  -1.2000000e+02
   2.3000000e+01  -1.0000000e+00
   2.0000000e+01  -5.4000000e+01
   2.0000000e+01  -1.1100000e+02
   2.0000000e+01   1.5000000e+01
   2.0000000e+01  -1.0000000e+02
