   6.5300000e+02   2.9969113e+01
   5.0000000e+01  -1.1005595e+02
   4.8800000e+02  -3.0155708e+01
   1.0000000e+02  -1.1413156e-01
   4.4000000e+01  -1.1290052e+02
   2.9000000e+01  -1.5416186e+01
   3.1000000e+01  -1.1312489e+02
   1.1600000e+02   5.9681042e+01
   2.1700000e+02  -8.8226567e+01
   8.0000000e+01   3.9799214e+01
   9.3000000e+01  -8.8804548e+01
   2.7000000e+01   2.0910157e+01
   1.4900000e+02   5.5820289e+01
   6.4000000e+01  -8.8252443e+01
   3.1000000e+01  -1.7190416e+01
   1.5200000e+02  -8.9379808e+01
   4.8000000e+01  -2.7605253e+01
   2.4000000e+01  -7.9661840e+01
   2.6100000e+02   2.6479430e+01
   9.5100000e+02  -1.1010558e+02
   5.6300000e+02  -4.2851962e+01
   1.6000000e+02  -6.0608621e+01
   5.2200000e+02   4.0519077e+01
   3.0900000e+02  -5.9823825e+01
   5.3000000e+01   5.8644044e+01
   2.0000000e+01   1.8102683e+01
   2.0000000e+01  -1.0431466e+02
   2.1000000e+01   1.4255173e+01
   2.1000000e+01  -1.2408121e+01
   3.9000000e+01  -5.3790273e+01
   2.3000000e+01   1.9714568e+01
   3.1000000e+01  -1.1961153e+02
   2.0000000e+01  -8.2945905e+00
   2.1000000e+01   5.9052160e-01
   2.0000000e+01  -9.6760187e+01
   2.0000000e+01  -3.4343979e+01
   2.5800000e+02   5.7410965e+01
   3.0000000e+01  -8.9204291e+01
   5.1000000e+01   3.4629677e+01
   2.0000000e+01  -2.6690126e+00
   2.2000000e+01  -1.1367121e+02
   2.0000000e+01  -2.1468139e+00
   2.0000000e+01  -9.5901119e+01
   2.0000000e+01   2.9938345e+01
   2.0000000e+01  -5.1031176e+01
   4.4000000e+01   5.9661341e+01
   2.0000000e+01  -9.5526539e+01
   2.0000000e+01   3.5843196e+01
   2.1000000e+01  -2.6936308e+01
   2.0000000e+01  -1.1740717e+02
   2.0000000e+01   2.8802282e+01
