   9.3500000e+02   2.6000000e+01
   2.0600000e+02  -9.8000000e+01
   1.0400000e+02  -7.0000000e+00
   2.5000000e+01  -9.5000000e+01
   1.2100000e+02   5.9000000e+01
   2.0300000e+02  -9.0000000e+01
   2.7000000e+02  -2.0000000e+00
   1.2500000e+02  -9.4000000e+01
   7.2000000e+01  -4.8000000e+01
   3.2300000e+02   2.8000000e+01
   3.0000000e+01  -9.0000000e+01
   2.1000000e+01  -1.0000000e+01
   6.7000000e+01   5.3000000e+01
   4.9000000e+01  -6.0000000e+01
   3.5000000e+01  -1.0000000e+00
   8.1000000e+01  -8.8000000e+01
   9.9000000e+01   5.8000000e+01
   3.4100000e+02  -5.5000000e+01
   3.4100000e+02   5.4000000e+01
   6.3000000e+01  -9.0000000e+01
   6.4700000e+02   2.8000000e+01
   5.1000000e+01  -1.1600000e+02
   3.5000000e+01  -3.6000000e+01
   2.1000000e+01  -8.7000000e+01
   2.1400000e+02   2.9000000e+01
   7.9000000e+01  -1.1100000e+02
   2.0000000e+01  -3.4000000e+01
   2.2000000e+01  -7.9000000e+01
   3.7000000e+01   6.0000000e+01
   2.2000000e+01  -4.8000000e+01
   2.2000000e+01  -1.1200000e+02
   2.2000000e+01   8.0000000e+00
   2.0000000e+01  -5.4000000e+01
   2.4700000e+02   5.8000000e+01
   4.7000000e+01  -9.3000000e+01
   5.8000000e+02  -2.7000000e+01
   2.0000000e+01   1.5000000e+01
   2.1000000e+01  -1.0000000e+02
   2.0000000e+01   1.6000000e+01
   1.3000000e+02   6.0000000e+01
   2.6000000e+01  -9.0000000e+01
   2.0000000e+01  -4.0000000e+00
   4.1000000e+01  -1.1900000e+02
   2.0000000e+01   1.0000000e+01
   2.1000000e+01  -7.6000000e+01
   3.1000000e+01  -1.1800000e+02
   3.1000000e+01  -1.6000000e+01
   2.1000000e+01  -1.0600000e+02
   2.0000000e+01   1.5000000e+01
   2.0000000e+01  -4.9000000e+01
   2.0000000e+01  -2.0000000e+01
