   7.2200000e+02   2.9000000e+01
   7.6000000e+01  -1.0700000e+02
   2.0000000e+01   5.3000000e+01
   4.7000000e+01  -8.9000000e+01
   5.0000000e+01  -4.0000000e+00
   2.0000000e+01  -1.0700000e+02
   2.5000000e+01  -3.1000000e+01
   9.9000000e+01  -9.0000000e+01
   2.9000000e+01  -1.9000000e+01
   2.0000000e+01  -1.1600000e+02
   3.1000000e+01  -4.6000000e+01
   2.0000000e+01  -6.4000000e+01
   2.6300000e+02   5.9000000e+01
   8.7000000e+01  -8.9000000e+01
   5.3000000e+02   2.9000000e+01
   1.0400000e+02  -5.6000000e+01
   4.2000000e+01  -8.8000000e+01
   5.7000000e+01  -2.3000000e+01
   6.1000000e+01  -5.5000000e+01
   5.8000000e+01  -8.8000000e+01
   7.7000000e+01  -5.0000000e+00
   6.7000000e+01  -9.5000000e+01
   5.0300000e+02   2.6000000e+01
   4.2000000e+01  -8.4000000e+01
   1.3700000e+02   4.6000000e+01
   4.2000000e+01  -8.9000000e+01
   9.0000000e+01   5.2000000e+01
   5.6000000e+01  -1.1400000e+02
   2.1000000e+01   2.8000000e+01
   2.2000000e+01  -5.8000000e+01
   5.8000000e+01   5.7000000e+01
   2.0000000e+01  -5.6000000e+01
   2.0000000e+01   2.9000000e+01
   3.7000000e+01  -1.1600000e+02
   1.5600000e+02   6.0000000e+01
   2.2000000e+01  -3.0000000e+00
   4.9000000e+01  -9.7000000e+01
   3.1000000e+01  -3.6000000e+01
   7.2000000e+01  -6.3000000e+01
   2.1000000e+01  -5.0000000e+01
   2.1000000e+01  -1.1600000e+02
   2.2000000e+01  -7.0000000e+00
   4.3000000e+01  -1.1800000e+02
   2.4000000e+01   4.7000000e+01
   2.1000000e+01   7.0000000e+00
   3.3100000e+02  -5.0000000e+01
   2.9500000e+02  -1.1300000e+02
   5.9000000e+01  -6.1000000e+01
   3.4400000e+02   5.2000000e+01
   5.8000000e+01  -5.8000000e+01
   9.4000000e+01   4.1000000e+01
