   7.2700000e+02   2.9000000e+01
   1.2300000e+02  -1.0700000e+02
   2.3000000e+01  -6.0000000e+00
   2.2000000e+01  -1.1500000e+02
   1.1200000e+02   6.0000000e+01
   1.9600000e+02  -9.0000000e+01
   4.3000000e+01   2.5000000e+01
   4.7000000e+01  -1.1300000e+02
   6.8000000e+01  -4.8000000e+01
   3.0000000e+02   2.9000000e+01
   2.8000000e+01  -7.7000000e+01
   2.1000000e+01   5.6000000e+01
   2.3000000e+01  -1.2000000e+02
   2.9000000e+01  -9.0000000e+00
   2.0000000e+01  -8.2000000e+01
   1.7600000e+02   6.0000000e+01
   2.8000000e+01  -9.0000000e+01
   2.8000000e+01  -1.7000000e+01
   2.7200000e+02  -6.0000000e+01
   3.0000000e+01  -2.2000000e+01
   2.1000000e+01  -7.5000000e+01
   6.2000000e+01   6.0000000e+01
   2.3000000e+01  -6.0000000e+01
   2.0000000e+01   2.8000000e+01
   6.8000000e+01  -1.2000000e+02
   2.5000000e+01  -4.1000000e+01
   2.1000000e+01  -7.2000000e+01
   5.0000000e+01   5.5000000e+01
   4.0000000e+01  -5.9000000e+01
   2.3000000e+01  -8.1000000e+01
   3.2000000e+01   4.9000000e+01
   2.0000000e+01  -9.4000000e+01
   2.0000000e+01   1.5000000e+01
   2.1000000e+01  -1.1600000e+02
   2.2000000e+01  -3.2000000e+01
   2.3000000e+01  -1.0700000e+02
   2.7000000e+01  -1.4000000e+01
   2.0000000e+01  -6.5000000e+01
   2.1000000e+01   7.0000000e+00
   2.0000000e+01  -1.1900000e+02
   3.6000000e+01  -2.0000000e+01
   2.1000000e+01  -5.0000000e+01
   4.7000000e+01   5.9000000e+01
   2.0000000e+01  -9.3000000e+01
   2.2000000e+01  -3.6000000e+01
   7.6000000e+01   6.0000000e+01
   2.0000000e+01  -4.6000000e+01
   2.0000000e+01  -1.5000000e+01
   7.3000000e+01   3.1000000e+01
   5.3000000e+01  -9.0000000e+01
   4.1000000e+01   3.4000000e+01
