   7.4200000e+02   2.9000000e+01
   7.2000000e+01  -1.0600000e+02
   2.8000000e+01   2.8000000e+01
   4.6300000e+02  -1.1100000e+02
   1.4400000e+02   5.8000000e+01
   1.9900000e+02  -9.0000000e+01
   2.9000000e+01  -3.0000000e+00
   9.0000000e+01  -9.0000000e+01
   4.8900000e+02  -5.2000000e+01
   2.4000000e+01  -1.1700000e+02
   2.5000000e+01  -8.0000000e+00
   2.0000000e+01  -8.9000000e+01
   7.0000000e+01   6.0000000e+01
   1.0800000e+02  -5.9000000e+01
   5.5000000e+01  -8.7000000e+01
   2.1000000e+01   4.3000000e+01
   4.9000000e+01  -1.2000000e+02
   2.5000000e+01  -5.1000000e+01
   1.8900000e+02   6.0000000e+01
   2.8000000e+01  -9.0000000e+01
   2.0000000e+01  -4.0000000e+00
   5.0000000e+01  -8.9000000e+01
   4.4000000e+01  -1.8000000e+01
   2.0000000e+01  -3.5000000e+01
   2.0000000e+01  -2.4000000e+01
   2.7000000e+01  -9.0000000e+01
   2.0000000e+01   2.7000000e+01
   2.7000000e+01  -9.6000000e+01
   2.5000000e+01  -1.3000000e+01
   2.2000000e+01  -5.9000000e+01
   8.5000000e+01   6.0000000e+01
   3.9000000e+01  -5.6000000e+01
   4.4000000e+01   2.9000000e+01
   3.9000000e+01  -1.2000000e+02
   2.6000000e+01  -9.0000000e+00
   2.0000000e+01  -1.1500000e+02
   2.8000000e+01   6.0000000e+01
   2.0000000e+01  -1.1600000e+02
   2.3000000e+01   1.7000000e+01
   2.1000000e+01  -8.0000000e+01
   2.0000000e+01   1.2000000e+01
   2.2000000e+01  -7.4000000e+01
   7.1000000e+01   6.0000000e+01
   2.0000000e+01  -9.7000000e+01
   2.0000000e+01   5.2000000e+01
   2.0000000e+01  -1.1500000e+02
   2.0000000e+01  -3.8000000e+01
   2.0000000e+01  -9.1000000e+01
   2.5000000e+01   5.3000000e+01
   6.6000000e+01   6.0000000e+01
   2.0000000e+01  -2.3000000e+01
