   8.5300000e+02   2.6000000e+01
   1.0800000e+02  -1.0900000e+02
   4.5000000e+01  -1.6000000e+01
   2.0000000e+01  -1.1800000e+02
   5.9700000e+02   6.0000000e+01
   2.3400000e+02  -9.0000000e+01
   4.7000000e+01   6.0000000e+01
   4.1000000e+01  -9.0000000e+01
   6.6200000e+02  -3.0000000e+01
   2.0000000e+01  -1.1600000e+02
   5.5000000e+01  -4.5000000e+01
   1.7300000e+02  -9.7000000e+01
   2.1000000e+01  -3.3000000e+01
   2.0000000e+01   6.0000000e+01
   2.4000000e+01  -7.5000000e+01
   3.6000000e+01   2.6000000e+01
   2.0000000e+01  -7.9000000e+01
   2.1000000e+01  -5.0000000e+00
   8.9100000e+02   2.9000000e+01
   2.7000000e+01  -1.1700000e+02
   2.0000000e+01   2.6000000e+01
   3.3000000e+01  -4.4000000e+01
   7.4000000e+01   6.0000000e+01
   2.4800000e+02  -6.0000000e+01
   2.9800000e+02   5.5000000e+01
   3.0000000e+01  -9.3000000e+01
   4.8000000e+01  -1.9000000e+01
   2.5000000e+01  -2.3000000e+01
   2.7000000e+01  -9.0000000e+01
   2.1000000e+01   1.2000000e+01
   6.2000000e+01  -1.2000000e+02
   3.2000000e+01  -1.5000000e+01
   2.0000000e+01  -8.8000000e+01
   4.5000000e+01   6.0000000e+01
   2.2000000e+01  -9.2000000e+01
   2.0000000e+01   8.0000000e+00
   2.0000000e+01  -1.2000000e+02
   2.0000000e+01  -5.8000000e+01
   2.1000000e+01  -8.9000000e+01
   1.0500000e+02   6.0000000e+01
   2.4000000e+01  -2.6000000e+01
   2.3000000e+01  -5.7000000e+01
   2.0000000e+01   5.7000000e+01
   2.9000000e+01  -1.1600000e+02
   2.0000000e+01  -1.7000000e+01
   2.0000000e+01  -1.1800000e+02
   2.2000000e+01  -1.0000000e+00
   2.0000000e+01  -6.0000000e+01
   1.2600000e+02   5.2000000e+01
   2.5000000e+01  -9.4000000e+01
   2.5000000e+01   4.4000000e+01
