   8.3200000e+02   2.6000000e+01
   1.1600000e+02  -1.0800000e+02
   1.2700000e+02  -1.0000000e+01
   1.9900000e+02   5.4000000e+01
   3.5300000e+02  -9.0000000e+01
   1.3500000e+02  -4.3000000e+01
   2.0000000e+01  -1.1200000e+02
   6.5000000e+01   6.0000000e+01
   2.5600000e+02  -8.1000000e+01
   1.4800000e+02  -4.0000000e+00
   2.1100000e+02  -1.1500000e+02
   2.8200000e+02  -4.4000000e+01
   1.1900000e+02   6.0000000e+01
   2.4100000e+02  -5.8000000e+01
   1.6500000e+02  -3.0000000e+01
   3.8000000e+01  -1.1500000e+02
   3.7000000e+01   2.3000000e+01
   4.7000000e+01  -9.2000000e+01
   2.0000000e+01   5.0000000e+01
   9.0000000e+01  -6.9000000e+01
   4.4000000e+01   7.0000000e+00
   1.1700000e+02   5.7000000e+01
   3.1000000e+01  -1.1300000e+02
   4.0000000e+01  -3.7000000e+01
   3.2000000e+01   6.0000000e+01
   2.7000000e+01  -9.0000000e+01
   2.0000000e+01  -1.2000000e+01
   2.2000000e+01  -1.1300000e+02
   2.0500000e+02  -2.1000000e+01
   2.1700000e+02  -5.9000000e+01
   1.0700000e+02   5.9000000e+01
   3.1000000e+01  -5.8000000e+01
   2.2000000e+01   1.7000000e+01
   8.6000000e+01  -1.1500000e+02
   3.7000000e+01  -2.2000000e+01
   3.1000000e+01  -7.4000000e+01
   6.9000000e+01   5.7000000e+01
   3.0000000e+01  -1.0000000e+02
   2.1000000e+01   2.0000000e+01
   9.6000000e+01   6.0000000e+01
   2.0000000e+01  -8.1000000e+01
   2.0000000e+01  -2.0000000e+00
   3.3000000e+01   5.1000000e+01
   4.2000000e+01  -9.6000000e+01
   2.9000000e+01   4.6000000e+01
   6.2000000e+01  -1.2000000e+02
   2.8000000e+01  -1.3000000e+01
   2.0000000e+01  -7.7000000e+01
   1.2800000e+02   6.0000000e+01
   2.2000000e+01  -7.6000000e+01
   2.0000000e+01   5.4000000e+01
