   7.8800000e+02   2.8000000e+01
   1.3400000e+02  -1.0600000e+02
   1.5700000e+02  -5.0000000e+00
   2.4000000e+01  -1.2000000e+02
   1.1400000e+02   6.0000000e+01
   2.1900000e+02  -9.0000000e+01
   3.9700000e+02  -1.0000000e+00
   2.7000000e+01  -9.0000000e+01
   2.0000000e+01   2.4000000e+01
   1.5300000e+02   5.0000000e+00
   2.2000000e+01  -1.1400000e+02
   2.4000000e+01  -4.1000000e+01
   1.8200000e+02   6.0000000e+01
   2.8000000e+01  -9.0000000e+01
   1.2900000e+02  -3.0000000e+00
   2.8000000e+02  -5.9000000e+01
   2.1000000e+01  -1.6000000e+01
   2.0000000e+01  -8.5000000e+01
   2.0000000e+01  -4.3000000e+01
   2.8000000e+01  -1.1800000e+02
   2.1000000e+01   5.2000000e+01
   5.5000000e+01  -1.1500000e+02
   2.0000000e+01  -3.1000000e+01
   2.1000000e+01  -6.3000000e+01
   1.2400000e+02   5.9000000e+01
   2.4000000e+01  -6.0000000e+01
   2.3000000e+01   2.7000000e+01
   2.3000000e+01  -1.1900000e+02
   2.2000000e+01   1.7000000e+01
   2.0000000e+01  -5.9000000e+01
   2.0000000e+01   4.4000000e+01
   2.2000000e+01  -1.0300000e+02
   2.0000000e+01  -3.0000000e+00
   2.1000000e+01  -1.1500000e+02
   2.4000000e+01  -7.0000000e+00
   2.1000000e+01  -6.9000000e+01
   7.3000000e+01   6.0000000e+01
   2.0000000e+01  -9.6000000e+01
   2.1000000e+01  -2.0000000e+01
   1.0400000e+02   6.0000000e+01
   2.4000000e+01  -9.1000000e+01
   2.0000000e+01   5.5000000e+01
   4.6000000e+01  -1.3000000e+01
   2.3000000e+01  -1.1300000e+02
   3.7000000e+01   9.0000000e+00
   2.0000000e+01  -1.0000000e+02
   2.0000000e+01   4.8000000e+01
   2.0000000e+01  -2.8000000e+01
   5.1000000e+01  -1.2000000e+02
   3.6000000e+01  -2.2000000e+01
   2.0000000e+01  -1.1000000e+02
