   4.5500000e+02   2.9247252e+01
   1.1500000e+02  -1.0971958e+02
   6.8500000e+02  -6.2418587e+00
   2.4000000e+01  -9.5223810e+01
   1.0900000e+02   5.9899431e+01
   2.1000000e+02  -8.9176272e+01
   2.6200000e+02   2.8967255e+01
   3.4000000e+01  -8.8191371e+01
   2.0900000e+02  -7.1421850e+00
   4.7000000e+01  -9.5418216e+01
   7.9300000e+02   2.9841880e+01
   5.8300000e+02  -5.9991216e+01
   2.7300000e+02   4.1968888e+01
   5.8000000e+01  -1.1232867e+02
   2.6400000e+02  -4.8803070e+01
   1.2700000e+02  -8.9255317e+01
   2.0000000e+01  -3.3289151e+01
   2.0000000e+01  -1.1582175e+02
   2.8000000e+01   5.9771732e+01
   5.3000000e+01  -8.9861378e+01
   2.0000000e+01  -1.8554625e+01
   3.1100000e+02   5.1584822e+01
   3.2000000e+01  -8.9806786e+01
   2.0000000e+01   5.9839011e+01
   3.6000000e+01  -9.6900988e+01
   2.6000000e+01  -1.1264161e+01
   2.0000000e+01  -5.7362637e+01
   2.0000000e+01   2.2000106e+01
   2.0000000e+01  -9.3948158e+01
   2.3000000e+01  -1.1840136e+00
   3.1000000e+02  -5.2678139e+01
   5.6000000e+01  -1.1602204e+02
   2.2000000e+01  -6.2802204e+01
   6.1000000e+01  -1.2092363e+01
   4.2000000e+01  -7.3820326e+01
   7.5000000e+01   2.8727390e+01
   1.2600000e+02   5.9621959e+01
   2.0000000e+01  -7.8046522e+01
   3.5000000e+01  -2.5977102e+01
   5.2000000e+01  -8.0567067e+01
   2.2000000e+01  -1.1177909e+02
   6.6000000e+01  -5.0910741e+01
   2.0000000e+01  -9.2616089e+01
   2.1000000e+01   5.0220472e+01
   2.0000000e+01  -1.1488559e+02
   2.5000000e+01  -7.4110029e+00
   2.0000000e+01  -3.4096601e+01
   2.2000000e+01  -8.7801111e+01
   1.5500000e+02   5.9939577e+01
   2.2000000e+01  -9.1816018e+01
   2.0000000e+01   2.9338945e+01
