   5.1400000e+02   2.6000000e+01
   2.9000000e+01  -1.1100000e+02
   2.8000000e+01  -9.0000000e+00
   3.7000000e+01  -1.1600000e+02
   1.7000000e+02  -1.0000000e+00
   9.7000000e+01  -8.9000000e+01
   1.2300000e+02   5.9000000e+01
   2.1900000e+02  -8.8000000e+01
   2.7000000e+01  -3.6000000e+01
   2.2800000e+02   4.2000000e+01
   6.2000000e+01  -1.2000000e+02
   4.8900000e+02  -4.1000000e+01
   4.4000000e+01   6.0000000e+01
   2.7000000e+01  -9.0000000e+01
   2.8400000e+02   2.7000000e+01
   2.3000000e+01  -6.0000000e+01
   3.2000000e+01  -1.2000000e+02
   2.0000000e+01   2.2000000e+01
   2.2800000e+02   5.8000000e+01
   3.3000000e+01  -8.9000000e+01
   3.2000000e+01  -2.0000000e+01
   1.8500000e+02   1.4000000e+01
   4.1100000e+02  -6.0000000e+01
   1.8600000e+02  -3.0000000e+00
   6.0000000e+01   6.0000000e+01
   6.4000000e+01  -1.1000000e+02
   2.0000000e+01  -1.6000000e+01
   2.0000000e+01   3.1000000e+01
   2.9000000e+01  -8.9000000e+01
   2.0000000e+01  -3.3000000e+01
   6.5000000e+01   5.8000000e+01
   2.6000000e+01  -9.0000000e+01
   2.0500000e+02   6.0000000e+01
   5.0000000e+01  -6.0000000e+01
   7.4000000e+01  -1.1000000e+02
   2.9500000e+02   3.2000000e+01
   6.7000000e+01  -1.2000000e+02
   2.0000000e+01   3.3000000e+01
   2.0000000e+01  -7.8000000e+01
   2.6000000e+01  -2.0000000e+01
   2.0000000e+01  -1.1300000e+02
   2.0000000e+01  -7.8000000e+01
   1.1200000e+02   5.7000000e+01
   2.0000000e+01  -1.1800000e+02
   2.9000000e+01   2.0000000e+00
   2.5800000e+02   4.8000000e+01
   2.1000000e+01  -1.0500000e+02
   3.5500000e+02   2.8000000e+01
   2.0000000e+01  -2.0000000e+01
   2.0000000e+01  -1.1300000e+02
   2.0000000e+01  -5.5000000e+01
