   8.7300000e+02   2.5000000e+01
   2.1700000e+02  -9.6000000e+01
   1.5500000e+02  -8.0000000e+00
   2.0000000e+01  -9.8000000e+01
   1.9100000e+02   6.0000000e+01
   2.2400000e+02  -9.0000000e+01
   2.2500000e+02  -1.0000000e+00
   4.8000000e+01  -1.1200000e+02
   4.4000000e+01  -5.1000000e+01
   7.9800000e+02   2.9000000e+01
   2.2400000e+02  -8.6000000e+01
   7.6000000e+01  -4.1000000e+01
   9.3000000e+01   6.0000000e+01
   3.0100000e+02  -5.8000000e+01
   2.0000000e+01   5.9000000e+01
   2.0000000e+01  -1.1600000e+02
   2.4000000e+01  -2.0000000e+00
   3.1700000e+02  -6.8000000e+01
   6.0000000e+01   2.9000000e+01
   3.4000000e+01  -8.9000000e+01
   2.1000000e+01   1.6000000e+01
   3.3000000e+01  -1.1900000e+02
   2.6000000e+01  -4.1000000e+01
   2.1000000e+01  -7.3000000e+01
   1.0900000e+02   6.0000000e+01
   2.0000000e+01  -1.1400000e+02
   2.0000000e+01   4.0000000e+00
   2.7400000e+02   4.4000000e+01
   1.0800000e+02  -5.5000000e+01
   5.2200000e+02   2.6000000e+01
   7.2000000e+01  -8.8000000e+01
   3.9600000e+02  -8.0000000e+00
   4.2900000e+02  -7.7000000e+01
   2.1000000e+01  -1.2000000e+02
   2.6000000e+01  -8.0000000e+00
   2.0000000e+01  -1.1500000e+02
   5.4200000e+02   5.1000000e+01
   2.1000000e+01  -8.2000000e+01
   3.1100000e+02  -2.0000000e+01
   3.9000000e+01  -1.1600000e+02
   2.0000000e+01   4.3000000e+01
   2.0000000e+01   1.7000000e+01
   2.0000000e+01   4.6000000e+01
   2.2000000e+01  -1.1900000e+02
   2.1000000e+01   3.1000000e+01
   5.7000000e+01  -6.0000000e+01
   2.1000000e+01  -1.2000000e+01
   2.2000000e+01  -7.9000000e+01
   6.1000000e+01   6.0000000e+01
   2.0000000e+01  -1.1500000e+02
   2.0000000e+01  -3.4000000e+01
