   6.9000000e+02   2.9871150e+01
   1.2700000e+02  -1.0630256e+02
   2.5000000e+01  -3.6714871e+01
   7.7200000e+02   5.3793068e+01
   4.1100000e+02  -8.8660982e+01
   2.3000000e+01  -9.2236701e+00
   2.0000000e+01  -1.1211569e+02
   9.8000000e+01   5.5260229e+01
   1.9000000e+02  -8.6499969e+01
   9.3000000e+01  -1.4895979e+00
   3.4000000e+01  -9.2997580e+01
   8.1300000e+02   2.9719145e+01
   2.3000000e+01  -5.9373959e+01
   4.5000000e+01  -8.9170080e+01
   2.5000000e+01  -4.5271727e+01
   3.1000000e+01  -2.6826727e+01
   2.9000000e+01  -1.1892227e+02
   4.0000000e+01  -4.8087458e+01
   1.5600000e+02  -8.9519982e+01
   2.0000000e+01  -2.3116711e-01
   3.4000000e+01  -8.8417729e+01
   3.2000000e+01   5.4268410e+01
   3.1000000e+01  -8.8970725e+01
   2.0000000e+01   3.6215029e+01
   3.9400000e+02   2.8203586e+01
   1.2800000e+02  -7.5857979e+01
   1.5500000e+02   3.7253742e+01
   5.0000000e+01   5.7768232e+01
   2.8000000e+01  -1.1551117e+02
   2.5000000e+01   2.9656943e+01
   1.4300000e+02   5.2063424e+01
   4.3000000e+01  -5.4296054e+01
   2.9000000e+01  -2.6622690e+01
   6.0000000e+01  -6.4042178e+00
   3.4000000e+01  -9.5746467e+01
   2.7000000e+01   3.3395388e+01
   2.0000000e+01  -2.5282071e+01
   2.3000000e+01  -1.1591680e+02
   2.0000000e+01  -1.3131968e+01
   5.7000000e+01  -1.1419718e+02
   2.1000000e+01  -4.6453580e+01
   2.1000000e+01  -1.3657525e+01
   2.0000000e+01  -1.1840098e+02
   2.0000000e+01  -1.2082176e+01
   2.0000000e+01  -1.0694662e+02
   8.7000000e+01   5.9769685e+01
   2.1000000e+01  -9.2369304e+01
   2.3000000e+01   6.4000627e+00
   2.1000000e+01   3.8830199e+01
   2.1000000e+01  -9.2621171e+01
   2.0000000e+01  -6.0184590e+00
