   7.2500000e+02   2.9000000e+01
   2.9200000e+02  -9.1000000e+01
   2.3000000e+01  -3.0000000e+00
   2.5000000e+01  -1.1200000e+02
   1.1300000e+02   6.0000000e+01
   1.9600000e+02  -9.0000000e+01
   5.4000000e+01   9.0000000e+00
   4.3000000e+01  -1.1300000e+02
   8.3000000e+01  -4.9000000e+01
   2.9500000e+02  -1.6000000e+01
   2.5000000e+01  -9.0000000e+01
   2.0000000e+01  -5.9000000e+01
   3.9000000e+01   6.0000000e+01
   2.6000000e+01  -9.0000000e+01
   3.8200000e+02  -2.9000000e+01
   6.2000000e+01  -9.0000000e+01
   2.0400000e+02   4.7000000e+01
   6.5300000e+02  -5.7000000e+01
   1.5400000e+02   6.0000000e+01
   2.8000000e+01  -9.0000000e+01
   2.0000000e+01   1.7000000e+01
   2.0000000e+01  -2.0000000e+00
   2.2000000e+01  -1.1200000e+02
   2.7000000e+01  -1.3000000e+01
   5.4000000e+01  -1.2000000e+02
   2.7000000e+01  -7.0000000e+00
   2.1000000e+01  -6.9000000e+01
   1.2000000e+02   6.0000000e+01
   3.8000000e+01  -5.8000000e+01
   2.2000000e+01  -2.2000000e+01
   2.6000000e+01  -1.1600000e+02
   3.0000000e+01  -4.4000000e+01
   2.0000000e+01  -2.0000000e+01
   2.6000000e+01  -4.7000000e+01
   2.9000000e+01  -1.1000000e+02
   2.0000000e+01   9.0000000e+00
   4.4000000e+01   5.9000000e+01
   2.3000000e+01  -1.0500000e+02
   2.0000000e+01   1.9000000e+01
   2.0000000e+01  -4.6000000e+01
   2.1000000e+01  -1.1600000e+02
   2.1000000e+01  -6.3000000e+01
   6.5000000e+01   6.0000000e+01
   2.3000000e+01  -9.2000000e+01
   2.0000000e+01   4.1000000e+01
   6.5000000e+01   6.0000000e+01
   2.1000000e+01  -8.0000000e+01
   2.0000000e+01   5.9000000e+01
   5.1000000e+01   6.0000000e+01
   2.2000000e+01  -1.1200000e+02
   2.0000000e+01  -2.0000000e+01
