   4.8800000e+02   2.9000000e+01
   3.4000000e+01  -1.1200000e+02
   3.3000000e+01  -1.0000000e+01
   2.0000000e+01  -9.8000000e+01
   9.4000000e+02   2.9000000e+01
   7.0000000e+01  -8.9000000e+01
   9.5000000e+01  -3.0000000e+01
   3.1300000e+02  -8.8000000e+01
   2.0000000e+01  -4.0000000e+00
   2.6000000e+01  -5.9000000e+01
   1.3300000e+02   5.7000000e+01
   5.7200000e+02  -6.0000000e+01
   2.0000000e+01   2.5000000e+01
   3.1000000e+01  -5.1000000e+01
   1.0600000e+02  -8.7000000e+01
   1.0800000e+02   5.8000000e+01
   3.5000000e+01  -1.1100000e+02
   4.5200000e+02   5.5000000e+01
   3.5000000e+01  -9.0000000e+01
   4.5400000e+02  -9.0000000e+00
   2.2000000e+01  -6.1000000e+01
   3.7000000e+01   4.7000000e+01
   2.4000000e+01  -6.0000000e+01
   2.3000000e+01   2.3000000e+01
   3.5600000e+02  -6.9000000e+01
   2.1000000e+01  -1.1500000e+02
   3.1000000e+01  -4.3000000e+01
   1.4900000e+02  -9.0000000e+01
   4.1000000e+01  -1.3000000e+01
   2.3000000e+01  -8.1000000e+01
   1.6900000e+02  -1.3000000e+01
   5.3000000e+01  -1.1400000e+02
   9.2000000e+01  -4.2000000e+01
   2.0000000e+01  -1.1200000e+02
   4.6000000e+01   5.1000000e+01
   2.1000000e+01  -9.6000000e+01
   2.0800000e+02   4.7000000e+01
   5.6000000e+01  -7.6000000e+01
   3.0000000e+01  -2.1000000e+01
   8.4000000e+01   5.6000000e+01
   2.4000000e+01  -7.9000000e+01
   2.3000000e+01   3.8000000e+01
   2.7000000e+01  -1.1600000e+02
   1.0800000e+02   9.0000000e+00
   3.0000000e+01  -4.8000000e+01
   2.0000000e+01  -8.6000000e+01
   2.1000000e+01   7.0000000e+00
   2.0000000e+01  -5.1000000e+01
   2.2000000e+01  -9.7000000e+01
   2.2000000e+01  -6.0000000e+00
   2.0000000e+01  -6.8000000e+01
