   8.5000000e+02   2.7000000e+01
   1.4500000e+02  -1.0400000e+02
   8.4000000e+01  -7.0000000e+00
   2.0000000e+01  -1.1200000e+02
   1.1100000e+02   6.0000000e+01
   2.2700000e+02  -8.8000000e+01
   2.0400000e+02   2.8000000e+01
   7.6000000e+01  -9.3000000e+01
   2.6000000e+01  -3.1000000e+01
   2.0000000e+01  -7.7000000e+01
   1.1400000e+02   6.0000000e+01
   1.4200000e+02  -8.7000000e+01
   7.9000000e+01  -1.0000000e+00
   2.4300000e+02  -8.9000000e+01
   4.9000000e+01  -5.2000000e+01
   2.1000000e+01  -1.1700000e+02
   3.0000000e+01  -1.0000000e+01
   2.2000000e+01  -8.4000000e+01
   1.1600000e+02   6.0000000e+01
   5.6000000e+01  -5.4000000e+01
   2.0000000e+01  -1.0000000e+00
   2.0000000e+01  -1.1200000e+02
   2.7000000e+01  -3.4000000e+01
   2.1000000e+01  -2.0000000e+01
   4.9000000e+01  -8.4000000e+01
   1.2600000e+02   2.5000000e+01
   3.8000000e+01  -4.1000000e+01
   2.2000000e+01  -9.5000000e+01
   8.0000000e+01   5.9000000e+01
   2.0000000e+01  -1.1200000e+02
   2.1000000e+01  -2.4000000e+01
   4.1000000e+01  -1.1100000e+02
   2.0000000e+01  -1.5000000e+01
   2.1000000e+01  -8.0000000e+00
   3.0000000e+01  -1.2000000e+02
   2.4000000e+01  -5.1000000e+01
   1.6700000e+02   2.6000000e+01
   2.1000000e+01  -4.7000000e+01
   6.8000000e+01  -7.5000000e+01
   2.7300000e+02   5.5000000e+01
   6.5000000e+01  -7.6000000e+01
   2.0600000e+02   2.5000000e+01
   2.2000000e+01   4.5000000e+01
   2.1000000e+01  -7.7000000e+01
   2.0000000e+01  -9.0000000e+00
   2.9000000e+01  -1.0000000e+02
   1.4300000e+02   5.8000000e+01
   3.1000000e+02   3.5000000e+01
   9.9000000e+01  -7.0000000e+01
   7.0000000e+01   5.2000000e+01
   3.8000000e+02  -5.3000000e+01
