   7.1100000e+02   2.9761147e+01
   1.3500000e+02  -9.9493970e+01
   9.0300000e+02  -2.9942477e+00
   5.0000000e+01  -8.7790057e+01
   1.3000000e+02   5.5997088e+01
   1.1800000e+02  -8.9415716e+01
   2.2000000e+01   2.9968006e+01
   5.0000000e+01  -1.1884981e+02
   3.0000000e+01  -1.6530688e+01
   2.0000000e+01  -1.1463990e+02
   2.7000000e+01  -4.2332362e+01
   2.1000000e+01  -8.0607495e+01
   1.5700000e+02   5.8109633e+01
   3.2000000e+01  -7.4302836e+01
   2.0000000e+01   2.1917264e+01
   6.1000000e+01  -1.0069000e+02
   3.5000000e+01  -7.6303832e+00
   4.4000000e+01  -5.4285212e+01
   5.3600000e+02   4.6947309e+01
   2.2100000e+02  -5.5068657e+01
   1.0100000e+02  -2.0589936e+01
   4.0000000e+01  -1.1978911e+02
   2.0700000e+02   2.9898998e+01
   2.4000000e+02  -7.2305813e+01
   7.5000000e+01  -4.9078424e+01
   2.0000000e+01  -1.1809084e+02
   2.0000000e+01  -3.2723258e+01
   6.3000000e+01  -8.7609285e+01
   6.8000000e+01   5.8685781e+01
   2.9000000e+01  -5.6338077e+01
   4.5000000e+01  -2.4370219e+01
   3.1000000e+01  -1.1804775e+02
   3.8100000e+02   5.7282146e+01
   4.3000000e+01  -8.9773321e+01
   2.0000000e+01  -2.6510334e+01
   2.3000000e+01  -1.1958965e+02
   2.6000000e+01  -4.9976918e+00
   2.1000000e+01  -1.1532172e+02
   2.0000000e+01  -9.4784796e+00
   8.1000000e+01   5.7393040e+01
   2.0000000e+01  -9.9052000e+01
   2.3000000e+01   5.9729662e+01
   2.4000000e+01   5.5956912e+01
   2.0000000e+01  -9.6762784e+01
   2.2000000e+01  -5.5695647e+01
   2.1000000e+01  -1.0593544e+02
   2.0000000e+01   8.1044680e+00
   2.0000000e+01  -3.8455055e+01
   3.5700000e+02   5.9600975e+01
   4.0000000e+01  -8.2189978e+01
   2.3100000e+02   3.2368493e+01
