   1.0490000e+03   2.4000000e+01
   5.4000000e+01  -1.1000000e+02
   8.3000000e+01  -3.0000000e+01
   2.9000000e+01  -1.0500000e+02
   1.0100000e+02   6.0000000e+01
   1.9500000e+02  -9.0000000e+01
   1.8000000e+02   2.9000000e+01
   5.2000000e+01  -1.1800000e+02
   3.3000000e+01  -2.0000000e+01
   2.8000000e+01  -8.9000000e+01
   5.1000000e+01   5.5000000e+01
   1.0300000e+02  -8.7000000e+01
   2.2000000e+01  -4.4000000e+01
   2.0000000e+01  -7.5000000e+01
   2.0000000e+01   2.4000000e+01
   9.7000000e+01   5.1000000e+01
   4.9000000e+01  -5.8000000e+01
   2.7000000e+01  -2.0000000e+00
   5.9000000e+01  -9.0000000e+01
   2.2000000e+01  -0.0000000e+00
   2.0000000e+01  -5.8000000e+01
   1.5100000e+02   6.0000000e+01
   2.8000000e+01  -9.0000000e+01
   2.0000000e+01   2.2000000e+01
   7.3000000e+01  -1.1900000e+02
   2.1000000e+01  -3.1000000e+01
   2.1000000e+01  -1.0500000e+02
   1.1900000e+02   6.0000000e+01
   2.6000000e+01  -5.9000000e+01
   2.1000000e+01  -2.3000000e+01
   1.2000000e+02   5.9000000e+01
   3.4000000e+01  -1.1600000e+02
   2.6000000e+01   3.4000000e+01
   2.0000000e+01   4.3000000e+01
   3.9000000e+01  -1.1000000e+02
   2.3000000e+01  -1.0000000e+00
   2.1000000e+01  -3.1000000e+01
   2.2000000e+01  -5.4000000e+01
   2.1000000e+01  -8.8000000e+01
   2.1000000e+01   5.3000000e+01
   2.0000000e+01  -9.3000000e+01
   2.2000000e+01  -3.7000000e+01
   6.1000000e+01   6.0000000e+01
   2.1000000e+01  -9.3000000e+01
   2.1000000e+01  -6.0000000e+00
   1.4100000e+02   5.6000000e+01
   3.1000000e+01  -8.6000000e+01
   2.9000000e+01   4.6000000e+01
   3.6000000e+01  -9.7000000e+01
   3.6000000e+01  -3.8000000e+01
   3.8000000e+01  -1.1300000e+02
