   7.8300000e+02   2.8000000e+01
   1.6400000e+02  -1.0200000e+02
   5.1000000e+01  -2.0000000e+00
   2.0000000e+01  -1.0100000e+02
   1.9300000e+02   6.0000000e+01
   5.5500000e+02  -9.0000000e+01
   1.8900000e+02   4.7000000e+01
   1.1700000e+02  -8.2000000e+01
   1.6900000e+02  -4.0000000e+00
   8.5000000e+01  -9.1000000e+01
   2.0000000e+01   4.0000000e+00
   2.5000000e+01  -7.5000000e+01
   1.2400000e+02  -1.0000000e+00
   2.0000000e+01  -1.1500000e+02
   2.2000000e+01  -3.2000000e+01
   2.2000000e+01  -1.1400000e+02
   2.2000000e+01  -3.8000000e+01
   2.0000000e+01  -6.6000000e+01
   1.6500000e+02   5.5000000e+01
   2.7000000e+01  -6.0000000e+01
   2.5000000e+01   2.8000000e+01
   4.0000000e+01  -1.1200000e+02
   2.1000000e+01   5.4000000e+01
   8.3000000e+01  -6.6000000e+01
   2.6300000e+02   2.8000000e+01
   1.5000000e+02  -6.0000000e+01
   3.5900000e+02  -2.9000000e+01
   5.1000000e+01   5.8000000e+01
   2.1000000e+01  -9.7000000e+01
   2.0000000e+01  -1.0000000e+00
   3.1000000e+01  -1.0400000e+02
   2.0000000e+01   1.8000000e+01
   2.4000000e+01  -5.7000000e+01
   5.0000000e+01   6.0000000e+01
   2.0000000e+01  -9.6000000e+01
   2.0000000e+01   4.3000000e+01
   2.0000000e+01  -5.0000000e+01
   2.1000000e+01  -9.5000000e+01
   2.0000000e+01   2.0000000e+01
   3.7000000e+01  -1.1300000e+02
   3.1000000e+01  -1.5000000e+01
   2.0000000e+01  -4.4000000e+01
   1.5300000e+02   6.0000000e+01
   2.0000000e+01  -9.3000000e+01
   2.0000000e+01  -1.0000000e+00
   2.0000000e+01  -1.0200000e+02
   2.2000000e+01  -1.1100000e+02
   2.4000000e+01  -5.8000000e+01
   2.1000000e+01  -1.0000000e+01
   2.0000000e+01  -9.4000000e+01
   2.2000000e+01  -3.0000000e+00
