   7.0700000e+02   2.9506050e+01
   1.0500000e+02  -1.0963849e+02
   2.5000000e+01  -6.3399065e+00
   3.9000000e+02  -1.0979232e+02
   1.3900000e+02   5.9893546e+01
   2.1000000e+02  -8.9650354e+01
   9.8000000e+01   9.0131166e+00
   2.0000000e+01  -9.3408264e+01
   2.1000000e+01   3.4744249e+01
   1.6400000e+02  -8.9992532e+01
   2.6000000e+01  -9.2592407e+00
   2.2000000e+01  -7.2233842e+01
   3.8600000e+02   2.9263275e+01
   2.8000000e+01  -8.9787105e+01
   4.7000000e+01  -2.7854581e+01
   2.1300000e+02  -3.6412038e-02
   5.7000000e+01  -1.0978512e+02
   7.8300000e+02  -4.8590022e+01
   1.5100000e+02   5.6467351e+01
   3.1000000e+02  -5.8398604e+01
   5.8000000e+01   3.9936930e+01
   2.2000000e+01  -8.8097860e-01
   8.6000000e+01  -8.8486626e+01
   2.9000000e+01  -4.8310955e+01
   5.6000000e+01  -1.1623051e+02
   3.1000000e+01  -4.7135655e+01
   2.1000000e+01  -9.1093108e+01
   9.2000000e+01   5.5068291e+01
   2.4000000e+01  -5.8477119e+01
   2.0000000e+01   2.8938956e+01
   3.0000000e+01  -1.1733800e+02
   3.1000000e+01  -1.7529671e+01
   2.0000000e+01  -4.3843260e+01
   2.7800000e+02   5.9112242e+01
   2.7000000e+01  -9.2621926e+01
   8.0000000e+01   1.4633700e+01
   2.6000000e+01  -1.0135401e+02
   2.0000000e+01  -2.8831745e+01
   2.0000000e+01   5.7983685e+01
   2.0000000e+01   2.0089280e+01
   2.5000000e+01  -1.1425736e+02
   2.0000000e+01   3.8154833e+01
   2.0000000e+01  -3.4069679e+01
   2.1000000e+01  -1.1971117e+02
   2.4000000e+01  -6.3025972e+01
   1.7100000e+02   5.9980155e+01
   2.8000000e+01  -8.9487135e+01
   1.1600000e+02   4.0214508e+01
   1.0100000e+02  -1.0777451e+01
   6.3000000e+01  -8.9427888e+01
   3.9000000e+01   2.4679475e+01
