   6.9000000e+02   2.9855061e+01
   5.6000000e+01  -1.0964654e+02
   4.6000000e+01  -6.8555365e+00
   3.1000000e+01  -1.1872342e+02
   4.6700000e+02   4.5526457e+01
   2.6400000e+02  -8.8314225e+01
   2.6000000e+01   2.9906993e+01
   1.5300000e+02  -8.9723000e+01
   2.5000000e+01  -1.1179168e+01
   2.7000000e+01  -8.9321952e+01
   2.1000000e+01  -3.4161260e+01
   2.0000000e+01  -1.0378393e+02
   8.7000000e+01   4.9411920e+01
   9.7000000e+01  -8.9920219e+01
   2.7000000e+01  -4.7385630e+01
   1.0100000e+02   5.9224412e+01
   3.0000000e+02  -5.8526709e+01
   2.0000000e+01  -5.6014660e+00
   2.3000000e+01  -1.1699753e+02
   6.2000000e+01   1.8013512e+01
   1.3600000e+02  -9.5442821e+01
   3.1000000e+01  -5.1413045e+01
   8.3000000e+01   5.6438848e+01
   4.8000000e+01  -8.1342390e+01
   3.7600000e+02   5.5336331e+01
   2.4000000e+01  -9.7555386e+01
   1.5200000e+02  -9.3087068e+00
   3.0000000e+01  -1.1233963e+02
   7.4000000e+01   2.4216287e+01
   2.0500000e+02  -5.1095762e+01
   2.3000000e+01  -8.9665835e+01
   3.2000000e+01  -1.8600891e+01
   2.0000000e+01  -3.9271379e+01
   1.5600000e+02   5.9950132e+01
   2.8000000e+01  -8.9633612e+01
   5.4900000e+02   2.8728201e+01
   2.0000000e+01   1.2809106e+01
   2.8000000e+01  -9.4117400e+01
   2.0000000e+01  -2.3607405e+01
   2.1000000e+01  -7.7524580e+01
   2.0000000e+01   4.4281350e+01
   2.1000000e+01  -5.5808848e+01
   1.1800000e+02  -9.4533282e+01
   5.3000000e+01   3.6666749e+01
   5.8200000e+02  -2.8367352e+01
   4.3000000e+01  -1.1867839e+02
   2.9000000e+01  -9.1070119e+00
   2.7000000e+01  -5.6084573e+01
   2.4000000e+01  -2.2425916e+01
   2.0000000e+01  -1.1274937e+02
   2.0000000e+01  -7.2463950e+01
