   5.3800000e+02   2.7040312e+01
   2.6000000e+01  -1.1687434e+02
   3.9400000e+02   2.9747235e+01
   1.7400000e+02  -8.7251940e+01
   2.4000000e+01  -4.4175266e-01
   5.8800000e+02  -1.0845763e+02
   3.4000000e+01  -1.6830781e+01
   2.4000000e+01  -1.1858483e+02
   2.1000000e+01  -3.6155070e+01
   2.6000000e+01  -8.9442744e+01
   5.6500000e+02   4.0641798e+01
   2.4700000e+02  -8.6911030e+01
   1.1700000e+02   5.5639683e+01
   2.1000000e+01  -1.0392242e+02
   3.9200000e+02   2.9954130e+01
   1.1060000e+03  -5.2774756e+01
   2.9000000e+01  -7.9911389e+01
   5.6000000e+01  -9.5521695e+00
   4.1000000e+01  -1.1743705e+02
   1.3200000e+02   5.8837757e+01
   6.6300000e+02  -5.8997708e+01
   2.3000000e+01  -1.1878297e+02
   3.1000000e+01  -4.6261875e+01
   2.0000000e+01  -8.0639712e+01
   2.0500000e+02   4.5574443e+01
   2.9000000e+01  -8.9656217e+01
   2.6000000e+01  -1.4807545e+01
   4.4000000e+01  -5.5092254e+00
   4.6000000e+01  -9.5395048e+01
   2.7400000e+02   5.2675690e+01
   2.1000000e+01  -9.7127660e+01
   2.0000000e+01   5.0211935e+01
   2.1000000e+01  -3.7465203e+00
   2.3000000e+01  -1.1985344e+02
   2.1000000e+01   2.6183301e+01
   2.1000000e+01  -5.8808787e+01
   2.0000000e+01   3.4612691e+00
   8.8000000e+01  -8.9818410e+01
   2.0000000e+01   4.9057471e+00
   6.9000000e+02   5.3075131e+01
   4.4000000e+01  -8.7693230e+01
   2.1000000e+01   2.6816731e+01
   2.3000000e+01   5.9629682e+01
   2.0000000e+01  -8.0916691e+01
   2.0000000e+01  -1.5459094e+01
   2.2000000e+01   4.2447774e+01
   2.0000000e+01  -1.1558613e+02
   2.4000000e+01  -6.2050553e+00
   2.6000000e+01  -9.6418838e+01
   2.3000000e+01  -4.4337266e+00
   2.0000000e+01  -3.9374783e+01
