   6.4500000e+02   2.9000000e+01
   5.3000000e+01  -1.0900000e+02
   2.7000000e+01  -5.0000000e+00
   3.1000000e+01  -1.1900000e+02
   2.9000000e+01  -6.0000000e+00
   2.1000000e+01  -6.1000000e+01
   1.0800000e+02   6.0000000e+01
   3.4100000e+02  -9.0000000e+01
   2.4000000e+01  -4.5000000e+01
   5.6200000e+02   2.2000000e+01
   6.0000000e+01  -8.9000000e+01
   4.4800000e+02  -5.2000000e+01
   1.0100000e+02   5.9000000e+01
   2.4600000e+02  -6.0000000e+01
   2.3000000e+01  -4.0000000e+00
   6.6000000e+01   6.0000000e+01
   2.0000000e+01  -7.9000000e+01
   2.0000000e+01   2.3000000e+01
   4.1000000e+01  -1.1900000e+02
   2.0000000e+01   2.4000000e+01
   2.0000000e+01  -8.6000000e+01
   2.0000000e+01   4.9000000e+01
   3.7000000e+01  -1.2000000e+02
   2.0000000e+01  -5.7000000e+01
   2.0000000e+01  -1.1700000e+02
   3.9000000e+01   6.0000000e+01
   2.0000000e+01  -4.2000000e+01
   2.0000000e+01  -9.6000000e+01
   2.0000000e+01  -1.0000000e+00
   2.0000000e+01  -3.6000000e+01
   8.9000000e+01   6.0000000e+01
   2.7000000e+01  -5.9000000e+01
   2.0000000e+01   5.0000000e+01
   2.8000000e+01  -1.1700000e+02
   7.6000000e+01   6.0000000e+01
   2.0000000e+01  -2.3000000e+01
   2.0000000e+01  -0.0000000e+00
   2.0000000e+01  -1.1100000e+02
   2.0000000e+01   1.7000000e+01
   2.0000000e+01  -1.1700000e+02
   2.0000000e+01   2.1000000e+01
   2.0000000e+01  -3.1000000e+01
   4.1000000e+01  -1.2000000e+02
   2.0000000e+01   1.3000000e+01
   2.0000000e+01  -9.5000000e+01
   2.5800000e+02   5.7000000e+01
   4.4000000e+01  -9.0000000e+01
   9.8000000e+01  -1.4000000e+01
   2.0000000e+01  -2.0000000e+01
   2.0000000e+01  -9.9000000e+01
   2.0000000e+01  -3.3000000e+01
