   6.4700000e+02   2.9823005e+01
   8.4000000e+01  -1.0147715e+02
   4.5000000e+01  -4.5491755e+00
   2.2000000e+01  -1.1174536e+02
   1.1400000e+02   5.9845647e+01
   1.7100000e+02  -8.9240434e+01
   1.6600000e+02   2.4203066e+01
   3.6100000e+02  -8.7028459e+01
   4.9000000e+01  -2.1504794e+01
   2.2000000e+01  -1.1647798e+02
   2.5000000e+01  -4.1506614e+01
   2.0000000e+01  -8.5779201e+01
   4.8900000e+02   3.9570143e+01
   2.7900000e+02  -5.9019963e+01
   3.2500000e+02  -3.3371126e+00
   1.9500000e+02  -7.2287822e+01
   4.1200000e+02  -2.3486772e+00
   3.1400000e+02  -1.0506029e+02
   1.2100000e+02   5.9846571e+01
   2.0000000e+01  -1.1878075e+02
   2.0000000e+01   2.5810434e+00
   7.4000000e+01  -5.9981160e+01
   2.4000000e+01  -1.1707841e+02
   2.0000000e+01   2.3570525e+01
   2.0000000e+01  -9.6660894e+01
   2.2000000e+01  -3.1940037e+01
   2.0000000e+01  -7.8244892e+01
   3.5000000e+01  -1.1500335e+02
   4.4000000e+01   5.7214547e+01
   5.8700000e+02  -4.7396560e+01
   1.6000000e+02   5.9870126e+01
   3.2000000e+01  -8.9934197e+01
   2.1000000e+01   2.1780711e+01
   2.1000000e+01  -1.0711478e+02
   6.8000000e+01   5.6343384e+01
   2.2000000e+01   1.7786215e+00
   7.0600000e+02  -1.1358282e+01
   4.2000000e+01  -8.8535424e+01
   4.0000000e+01  -2.2084433e+01
   2.0000000e+01  -3.9320336e+01
   5.9000000e+01  -9.1599096e+01
   2.0000000e+01   3.4600441e+01
   9.3000000e+01   5.7728211e+01
   2.3000000e+01  -5.9769045e+01
   2.0000000e+01   3.9179509e+00
   8.1000000e+01  -2.9089022e+01
   3.0000000e+01  -1.1308160e+02
   3.3000000e+01  -4.6665814e+01
   1.3000000e+02   5.6387337e+01
   3.1000000e+01  -8.9819330e+01
   4.4000000e+01   4.6686135e+01
