   7.6400000e+02   2.9000000e+01
   3.0800000e+02  -1.0300000e+02
   1.2300000e+02  -1.6000000e+01
   2.6000000e+01  -1.1100000e+02
   1.1800000e+02   6.0000000e+01
   7.2200000e+02  -8.8000000e+01
   2.9000000e+01  -4.7000000e+01
   1.3700000e+02   6.0000000e+01
   2.4300000e+02  -8.7000000e+01
   2.4500000e+02  -5.0000000e+00
   2.0000000e+01  -9.3000000e+01
   2.0000000e+01   3.3000000e+01
   3.2000000e+01  -7.2000000e+01
   8.8100000e+02   2.9000000e+01
   2.6700000e+02  -6.0000000e+01
   9.2000000e+01  -2.0000000e+00
   5.8700000e+02  -6.0000000e+01
   2.8400000e+02  -5.2000000e+01
   3.3000000e+01  -1.1700000e+02
   3.4000000e+01  -4.7000000e+01
   2.3000000e+01  -8.1000000e+01
   3.8000000e+01   6.0000000e+01
   2.0000000e+01  -1.0000000e+00
   2.1000000e+01  -8.6000000e+01
   6.4400000e+02   5.4000000e+01
   2.6000000e+01  -1.1200000e+02
   2.0000000e+01   4.9000000e+01
   3.9000000e+01  -1.0200000e+02
   5.9000000e+01   1.4000000e+01
   4.8000000e+01  -1.0200000e+02
   3.4000000e+01  -1.9000000e+01
   2.0000000e+01  -3.5000000e+01
   2.0000000e+01  -2.7000000e+01
   2.2000000e+01  -1.1300000e+02
   2.0000000e+01   1.0000000e+01
   2.0000000e+01  -8.9000000e+01
   3.3000000e+01   5.9000000e+01
   2.0000000e+01  -1.1700000e+02
   2.1000000e+01  -5.8000000e+01
   1.9200000e+02   6.0000000e+01
   3.2000000e+01  -8.9000000e+01
   2.4000000e+01  -1.2000000e+01
   2.0000000e+01  -9.2000000e+01
   2.0000000e+01   7.0000000e+00
   2.1000000e+01  -3.9000000e+01
   2.2000000e+01  -1.0600000e+02
   3.2000000e+01  -2.0000000e+01
   2.2000000e+01  -5.9000000e+01
   2.3000000e+01  -7.2000000e+01
   2.3000000e+01  -1.1800000e+02
   2.2000000e+01   4.7000000e+01
