   6.8400000e+02   2.9982659e+01
   5.4000000e+01  -1.1028700e+02
   2.3000000e+01  -2.0453017e+00
   2.6000000e+01  -9.0487917e+01
   5.5800000e+02   4.6978448e+01
   3.8000000e+02  -8.8489069e+01
   3.3000000e+02   1.4292725e+01
   1.8700000e+02  -8.8366299e+01
   1.4000000e+02  -4.0447934e+00
   4.9000000e+01  -1.1922993e+02
   1.9800000e+02  -3.0099160e+01
   1.0400000e+02  -6.7324580e+01
   7.3000000e+01   5.9392116e+01
   3.6000000e+01  -8.9977558e+01
   2.0700000e+02  -5.2680168e+01
   2.0000000e+01  -7.5335509e+01
   1.1400000e+02   1.8642038e+01
   2.0000000e+01  -1.1460432e+02
   1.0700000e+02   5.7464486e+01
   3.7000000e+01  -5.5933840e+01
   2.0000000e+01  -2.2409307e+00
   1.0100000e+02  -8.9991113e+01
   9.0000000e+01  -2.6563751e+01
   2.0000000e+01  -5.9844003e+01
   5.5400000e+02   4.2713024e+01
   2.4000000e+01  -9.4109993e+01
   2.0000000e+01   2.9252685e+01
   2.9000000e+01  -1.0038918e+02
   1.2700000e+02   4.8790216e+01
   3.5000000e+01  -5.5992211e+01
   1.4900000e+02  -2.2260140e+01
   3.9000000e+01  -1.1632821e+02
   4.1500000e+02  -5.4933372e+01
   2.5000000e+01  -1.1883437e+02
   2.4000000e+01   4.0091258e+01
   2.0000000e+01  -4.6410083e+01
   2.6300000e+02   4.3828268e+01
   4.4000000e+01  -1.1037586e+02
   9.9000000e+01  -2.9294217e+01
   3.6900000e+02   3.6226288e+01
   7.7000000e+01  -9.1840375e+01
   2.6100000e+02   1.2542920e+01
   2.5000000e+01  -1.1940905e+02
   2.0000000e+01  -5.7571072e+01
   2.0000000e+01  -1.0151301e+02
   3.6000000e+01  -8.8760287e+01
   2.1000000e+01  -1.1194217e+02
   2.2000000e+01  -7.1803663e+01
   2.0000000e+01  -1.1369185e+02
   2.9000000e+01  -1.5661642e+01
   2.2000000e+01  -1.1477187e+02
