   9.6600000e+02   2.4884011e+01
   4.2000000e+02  -9.0227394e+01
   1.1190000e+03  -1.3684238e+00
   2.3000000e+01  -1.1932438e+02
   2.7100000e+02   5.4996716e+01
   2.2500000e+02  -8.9926858e+01
   2.5400000e+02  -2.1219372e+00
   3.7000000e+01  -1.1709870e+02
   4.2000000e+01  -4.7324670e+01
   5.0100000e+02   2.9981045e+01
   7.1000000e+01  -8.9967204e+01
   3.0000000e+01   4.9617653e+01
   3.9000000e+01  -1.0976577e+02
   2.0000000e+01   4.4864821e+00
   2.4000000e+01  -7.4234027e+01
   7.9800000e+02   2.9989694e+01
   8.6000000e+01   2.0197977e+00
   7.1100000e+02  -5.7426891e+01
   2.0300000e+02  -2.9649879e-01
   2.5200000e+02   4.1771124e+01
   4.3900000e+02  -7.8688096e+01
   6.4000000e+01  -1.1800778e+02
   1.5700000e+02  -3.0130231e+01
   3.7000000e+01  -1.0756589e+02
   1.2100000e+02   5.9625316e+01
   3.9000000e+01  -9.5317119e+01
   2.8000000e+01   5.1971932e+01
   2.3000000e+01  -8.6199663e+01
   2.5000000e+01  -7.4184309e+00
   9.9000000e+01  -4.0712982e+01
   4.1000000e+01  -9.4470799e+01
   1.5400000e+02  -2.2335607e+01
   1.0300000e+02  -4.1225798e+01
   4.9000000e+01  -1.1866480e+02
   4.9000000e+01  -5.0745152e-01
   3.3000000e+01  -8.6400113e+01
   2.0000000e+01   6.2866077e+00
   2.1000000e+01   4.2112858e+01
   2.0000000e+01  -4.0062978e+01
   1.3300000e+02   5.3902401e+01
   3.1000000e+01  -9.3120521e+01
   6.4600000e+02   2.0172386e+01
   2.2000000e+02  -3.2130035e+01
   2.1000000e+01  -9.1812387e+01
   1.6000000e+02   2.9181502e+01
   4.5000000e+01   5.4163673e+01
   2.1000000e+01  -2.8256351e+01
   2.0000000e+01  -5.9331726e+01
   3.2000000e+01   3.0042904e+01
   3.0000000e+01  -1.1382649e+02
   3.6000000e+01  -5.2423958e+01
