   7.5700000e+02   2.8000000e+01
   5.3000000e+01  -1.1000000e+02
   4.5000000e+01  -2.2000000e+01
   2.1000000e+01  -1.1200000e+02
   1.8300000e+02   5.9000000e+01
   2.5300000e+02  -8.8000000e+01
   3.7000000e+01   2.9000000e+01
   3.7000000e+01  -1.1800000e+02
   3.5000000e+01  -1.9000000e+01
   2.1000000e+01  -1.1700000e+02
   8.2000000e+01   5.7000000e+01
   1.8800000e+02  -8.6000000e+01
   8.0000000e+01   5.9000000e+01
   3.4000000e+01  -8.9000000e+01
   1.2200000e+02  -2.9000000e+01
   4.9000000e+01  -1.1000000e+02
   5.4000000e+01  -1.3000000e+01
   5.9000000e+01  -5.3000000e+01
   3.2000000e+01  -1.1700000e+02
   1.6000000e+02  -4.9000000e+01
   3.1000000e+01  -6.7000000e+01
   1.5600000e+02   5.6000000e+01
   8.4600000e+02  -6.0000000e+01
   1.2200000e+02  -6.9000000e+01
   9.8000000e+01   6.0000000e+01
   2.3000000e+01  -1.1900000e+02
   2.3000000e+01   5.6000000e+01
   3.9000000e+01  -9.2000000e+01
   3.0000000e+01   1.5000000e+01
   4.4000000e+01  -5.0000000e+01
   2.2000000e+01  -2.2000000e+01
   2.5000000e+01  -9.0000000e+01
   8.7000000e+01  -3.7000000e+01
   4.4000000e+01   5.9000000e+01
   2.6000000e+01  -5.8000000e+01
   2.0000000e+01   2.0000000e+01
   2.1000000e+01  -1.3000000e+01
   2.0000000e+01  -1.1200000e+02
   1.2300000e+02  -2.8000000e+01
   2.0000000e+01  -9.6000000e+01
   2.2000000e+01   2.0000000e+01
   2.1000000e+01  -7.0000000e+00
   3.4100000e+02   5.1000000e+01
   3.1000000e+01  -9.0000000e+01
   3.1000000e+01   2.8000000e+01
   2.0000000e+01  -9.9000000e+01
   3.5000000e+01   6.0000000e+01
   2.0000000e+01  -2.8000000e+01
   3.8000000e+01  -1.2000000e+02
   3.1000000e+01  -4.6000000e+01
   2.1000000e+01  -7.9000000e+01
