   7.2200000e+02   2.9000000e+01
   1.3700000e+02  -9.7000000e+01
   1.3210000e+03  -1.0000000e+01
   3.1000000e+01  -9.2000000e+01
   1.0000000e+02   6.0000000e+01
   1.9900000e+02  -9.0000000e+01
   2.1700000e+02   2.9000000e+01
   5.0000000e+02  -5.1000000e+01
   2.6700000e+02  -7.4000000e+01
   2.2000000e+01  -4.6000000e+01
   2.1000000e+01  -1.1800000e+02
   2.3000000e+01  -4.0000000e+00
   2.0000000e+01  -1.1500000e+02
   2.4000000e+01  -3.9000000e+01
   2.0000000e+01  -8.1000000e+01
   1.9200000e+02   6.0000000e+01
   2.8000000e+01  -9.0000000e+01
   2.0000000e+01   4.6000000e+01
   4.0000000e+02  -5.3000000e+01
   2.3000000e+02  -5.0000000e+00
   1.5100000e+02  -7.7000000e+01
   2.1000000e+01  -1.0100000e+02
   2.1000000e+01  -1.0000000e+00
   2.1000000e+01  -5.7000000e+01
   2.3000000e+01  -1.0000000e+02
   2.0200000e+02   2.9000000e+01
   2.1000000e+01  -1.1700000e+02
   3.5000000e+01  -5.3000000e+01
   2.3000000e+01  -5.0000000e+00
   2.2000000e+01  -8.1000000e+01
   9.8000000e+01   6.0000000e+01
   2.3000000e+01  -1.1900000e+02
   2.0000000e+01   5.2000000e+01
   3.0000000e+01  -6.0000000e+01
   5.7900000e+02   2.9000000e+01
   2.0000000e+01  -9.7000000e+01
   2.1000000e+01  -1.0000000e+00
   8.1000000e+01  -1.1500000e+02
   2.0000000e+01   4.4000000e+01
   2.0000000e+01  -9.7000000e+01
   2.1000000e+01   2.8000000e+01
   2.0000000e+01  -4.6000000e+01
   1.2200000e+02   6.0000000e+01
   2.3000000e+01  -6.0000000e+01
   2.0000000e+01  -1.2000000e+01
   4.1000000e+01  -9.5000000e+01
   8.3000000e+01   6.0000000e+00
   3.1100000e+02  -3.4000000e+01
   8.5000000e+01   5.3000000e+01
   4.2000000e+01  -9.2000000e+01
   3.4000000e+01  -3.3000000e+01
