   7.3300000e+02   2.9246112e+01
   1.7300000e+02  -1.0093596e+02
   3.2900000e+02  -1.5486908e+01
   2.6000000e+01  -9.4947822e+01
   1.3200000e+02   5.9014333e+01
   2.2100000e+02  -8.9298685e+01
   3.8000000e+01   2.9986407e+01
   2.2000000e+01  -1.1838355e+02
   2.7000000e+01  -4.2966555e+01
   6.9000000e+01  -8.9577913e+01
   2.0400000e+02  -3.0126421e+01
   3.7000000e+01  -9.2199026e+01
   4.9600000e+02   4.0739927e+01
   6.8500000e+02  -5.8590789e+01
   1.7900000e+02  -5.2421356e+00
   9.1000000e+01  -8.9362803e+01
   2.1000000e+01  -1.4716187e+01
   2.0000000e+01   4.8161982e+01
   1.3200000e+02  -5.6563067e+01
   1.2200000e+02   4.5323927e+01
   1.8200000e+02  -8.2533425e+01
   3.3900000e+02   2.9954422e+01
   2.0000000e+01  -4.9664497e+01
   2.0000000e+01  -1.0813169e+02
   1.5900000e+02   5.9684005e+01
   2.9000000e+01  -8.9621842e+01
   2.7000000e+01  -6.6309263e+00
   2.0000000e+01   2.1388010e+01
   2.0000000e+01  -1.1870971e+02
   2.1000000e+01   1.5691068e+01
   5.5000000e+01  -1.1791570e+02
   4.1000000e+01  -1.4235513e+01
   2.8000000e+01  -7.6734507e+01
   4.8000000e+01   5.8833355e+01
   2.0000000e+01  -9.3242448e+01
   2.0000000e+01  -1.5139746e+01
   2.1000000e+01   5.0840554e+01
   2.0000000e+01  -1.1288757e+02
   2.1000000e+01  -3.7946048e+01
   6.0400000e+02   5.3072098e+01
   3.0000000e+01  -9.4242169e+01
   2.0600000e+02  -3.9817326e+01
   2.0000000e+01   2.8252711e+01
   2.0000000e+01  -1.0071090e+02
   1.2100000e+02   5.1883555e+01
   2.3300000e+02  -7.2691205e+00
   4.8000000e+01  -6.1993996e+01
   9.4000000e+01   1.8264013e+01
   2.6000000e+01  -1.1858989e+02
   2.0000000e+01   4.4891151e+01
   2.0000000e+01  -8.9979230e+01
