   7.2600000e+02   2.8624573e+01
   2.4000000e+01  -1.1084636e+02
   2.0000000e+01   2.4778852e+01
   9.6000000e+01  -8.8730798e+01
   4.3000000e+01  -1.1964077e+01
   5.4000000e+01  -1.0134085e+02
   2.7700000e+02   4.7163481e+01
   3.4700000e+02  -8.9947759e+01
   2.7500000e+02  -3.0077656e+01
   2.0000000e+01  -1.1633670e+02
   3.1000000e+01  -1.4866770e+01
   2.0000000e+01  -7.8617031e+01
   1.0000000e+02   1.7648736e+01
   3.8000000e+01  -8.8823713e+01
   2.1000000e+01  -3.3581317e+01
   1.3500000e+02   5.6972218e+01
   2.7800000e+02  -5.9729491e+01
   4.0000000e+01  -2.0940535e+01
   3.1000000e+01  -1.0368320e+02
   3.7000000e+01   5.8954563e+01
   2.4000000e+01  -7.4935806e+01
   4.4100000e+02   2.9866859e+01
   2.2000000e+01  -1.1954276e+02
   3.3000000e+01  -4.7705299e+01
   2.0000000e+01  -2.0451905e+01
   2.2000000e+01  -1.1778578e+02
   2.0000000e+01   1.3698887e+01
   9.9000000e+01   5.9709588e+01
   3.8000000e+01  -3.1844687e+01
   2.0000000e+01  -2.4861254e+01
   2.1000000e+01  -1.0455165e+02
   3.4000000e+01  -2.1226899e+01
   2.0000000e+01  -3.1628365e+01
   2.0000000e+01  -1.1453148e+02
   2.8000000e+01  -1.2298966e+01
   2.0000000e+01  -7.1395174e+01
   1.5900000e+02   5.9953356e+01
   5.1000000e+01  -8.9214775e+01
   2.7000000e+01   4.3653495e+01
   2.1000000e+01  -7.7632482e+01
   2.0000000e+01   2.4534640e+01
   2.1000000e+01  -3.0320626e+01
   2.1000000e+01  -1.1282964e+02
   2.0000000e+01  -8.1047243e+01
   6.0000000e+01  -1.9941109e+01
   2.2500000e+02  -3.3039836e+01
   1.6400000e+02  -1.1501948e+02
   2.0800000e+02   4.2900696e+01
   2.0000000e+01  -1.1315896e+02
   2.0000000e+01  -4.9179101e+01
   2.1000000e+01   4.5614019e+00
