   6.6300000e+02   2.9975822e+01
   3.0500000e+02  -9.0099278e+01
   3.0000000e+01  -1.3368582e+01
   2.4000000e+01  -1.1229862e+02
   1.3500000e+02   5.9468327e+01
   2.0600000e+02  -8.9979442e+01
   2.2500000e+02   3.8589293e+01
   2.0400000e+02  -8.6603690e+01
   2.5000000e+01  -3.3366994e+01
   3.9000000e+01   2.7921547e+01
   4.8000000e+01  -1.1686003e+02
   1.1100000e+02  -3.0063617e+01
   2.1000000e+01  -7.6687912e+01
   7.5000000e+01   3.9733943e+01
   2.5000000e+01  -6.5594385e+01
   1.4500000e+02   5.5650834e+01
   6.7000000e+02  -5.9892953e+01
   1.0400000e+02  -2.3269416e+01
   3.9000000e+01  -8.8578237e+01
   3.5600000e+02   2.8782011e+01
   4.7400000e+02  -5.2701831e+01
   3.0000000e+01   3.5391707e+01
   2.7000000e+01  -1.1088537e+02
   1.0700000e+02  -3.0073514e+01
   1.2400000e+02   5.7134635e+01
   5.2000000e+01  -9.0502061e+01
   7.5000000e+01  -1.6695824e+01
   2.6000000e+01  -8.9947427e+01
   2.0000000e+01   2.5903947e+01
   2.1000000e+01  -4.8448434e+01
   2.0000000e+01  -8.3942397e+00
   2.8000000e+01  -1.1988432e+02
   2.1000000e+01   1.2267829e+01
   3.2000000e+01  -1.1741500e+02
   2.4000000e+01  -1.9499736e+00
   2.0000000e+01  -9.8270077e+01
   1.3500000e+02   5.9739159e+01
   2.0000000e+01  -8.0988390e+01
   2.1000000e+01   2.7662618e+01
   3.2000000e+01  -9.9020352e+01
   3.8000000e+01   4.7581161e+01
   3.6000000e+01  -4.7314522e+01
   2.1000000e+01   2.7427257e+01
   2.0000000e+01  -9.8965744e+01
   2.0000000e+01  -2.7745296e+01
   4.5000000e+01  -1.1082718e+02
   3.6000000e+01  -2.2613362e+01
   2.0000000e+01  -5.9258518e+01
   1.0000000e+02  -2.4449144e+01
   3.2000000e+01  -1.1255141e+02
   3.8000000e+01  -5.6913497e+01
