   6.3600000e+02   2.5000000e+01
   2.9000000e+01  -1.1500000e+02
   8.2400000e+02   2.9000000e+01
   2.1700000e+02  -8.9000000e+01
   4.7600000e+02  -4.0000000e+00
   6.5800000e+02  -8.6000000e+01
   2.3000000e+01  -4.0000000e+00
   2.1000000e+01  -1.1700000e+02
   2.4000000e+01  -4.1000000e+01
   4.1900000e+02  -9.0000000e+01
   3.2200000e+02   4.6000000e+01
   4.9100000e+02  -9.2000000e+01
   2.1300000e+02   5.9000000e+01
   7.6000000e+01  -9.0000000e+01
   2.3000000e+01  -2.0000000e+00
   8.5000000e+01  -9.0000000e+01
   8.1000000e+01   6.0000000e+01
   3.5600000e+02  -6.0000000e+01
   4.3500000e+02  -4.8000000e+01
   5.6000000e+01  -1.1600000e+02
   7.6000000e+01   5.3000000e+01
   8.6000000e+01  -9.6000000e+01
   2.3000000e+01  -3.0000000e+00
   2.1000000e+01  -1.1900000e+02
   2.3000000e+01  -4.7000000e+01
   2.4000000e+01   1.5000000e+01
   2.1000000e+01  -8.4000000e+01
   2.5000000e+01  -1.5000000e+01
   2.1000000e+01  -1.1400000e+02
   2.4000000e+01  -1.1000000e+01
   1.0000000e+02   5.8000000e+01
   2.6000000e+01  -9.3000000e+01
   1.0000000e+02   1.1000000e+01
   3.4000000e+01  -1.1700000e+02
   2.6000000e+01  -5.7000000e+01
   2.1000000e+01  -5.0000000e+01
   2.5000000e+01   7.0000000e+00
   2.3000000e+01  -5.2000000e+01
   2.0000000e+01  -2.8000000e+01
   1.0500000e+02   6.0000000e+01
   2.5000000e+01  -5.9000000e+01
   3.7000000e+01  -2.8000000e+01
   2.2000000e+01   3.4000000e+01
   2.3000000e+01  -1.1900000e+02
   8.3000000e+01   5.8000000e+01
   4.3000000e+01  -9.0000000e+01
   2.3600000e+02   4.9000000e+01
   4.9000000e+01  -7.0000000e+01
   2.0000000e+01   5.0000000e+00
   2.0000000e+01  -9.6000000e+01
   2.1000000e+01   2.3000000e+01
