   7.6400000e+02   2.9000000e+01
   6.1400000e+02  -1.0700000e+02
   3.4200000e+02  -7.0000000e+00
   3.0800000e+02   5.3000000e+01
   2.3800000e+02  -8.9000000e+01
   3.7400000e+02  -1.6000000e+01
   4.1000000e+01  -8.9000000e+01
   5.3000000e+01   5.3000000e+01
   8.8000000e+01  -7.2000000e+01
   2.8800000e+02  -1.0000000e+00
   2.8000000e+01  -1.1400000e+02
   1.9100000e+02   1.6000000e+01
   1.8600000e+02  -6.0000000e+01
   4.0000000e+01  -1.1500000e+02
   2.8000000e+01  -4.4000000e+01
   2.2000000e+01  -1.1300000e+02
   8.1000000e+01   5.7000000e+01
   2.5000000e+01  -5.8000000e+01
   5.7000000e+01   5.9000000e+01
   2.3000000e+01  -6.0000000e+01
   2.0000000e+01  -9.0000000e+01
   3.9000000e+01  -2.2000000e+01
   2.7000000e+01  -9.0000000e+01
   2.1000000e+01   2.8000000e+01
   2.1000000e+01  -1.1400000e+02
   2.0000000e+01   2.4000000e+01
   2.0000000e+01  -6.1000000e+01
   8.0000000e+01   6.0000000e+01
   3.1000000e+01  -9.9000000e+01
   2.2000000e+01  -9.0000000e+00
   3.6000000e+01  -3.3000000e+01
   3.3000000e+01  -1.1700000e+02
   4.3000000e+01  -4.2000000e+01
   3.6000000e+01  -1.1600000e+02
   2.4000000e+01  -4.0000000e+00
   2.0000000e+01  -7.2000000e+01
   1.1600000e+02   6.0000000e+01
   2.5000000e+01  -6.0000000e+01
   2.0000000e+01   1.8000000e+01
   8.8000000e+01   5.4000000e+01
   2.0000000e+01  -9.3000000e+01
   2.3000000e+01  -1.0000000e+00
   7.0000000e+01   1.9000000e+01
   2.8000000e+01  -1.1500000e+02
   6.9000000e+01  -5.6000000e+01
   2.0000000e+01  -1.1600000e+02
   2.9000000e+01  -1.5000000e+01
   2.0000000e+01  -4.7000000e+01
   8.6000000e+01  -2.2000000e+01
   3.2000000e+01  -1.1700000e+02
   5.2000000e+01  -7.0000000e+01
