   1.0090000e+03   2.9676098e+01
   2.0500000e+02  -8.9258559e+01
   2.1000000e+01  -1.6524191e+00
   2.2000000e+01  -1.1341817e+02
   5.8000000e+01   5.9866761e+01
   3.0000000e+01  -1.0937655e+02
   5.9000000e+01   2.8524054e+01
   2.4100000e+02  -8.9805947e+01
   2.3000000e+01  -8.8837184e+00
   2.0000000e+01  -6.2331623e+01
   2.0000000e+01  -1.1849202e+02
   2.4000000e+01  -3.3814589e+01
   7.7400000e+02   3.2925974e+01
   4.7000000e+01  -9.0980395e+01
   9.1000000e+01  -2.3327170e+01
   7.0000000e+01  -8.7498231e+01
   2.8900000e+02   4.1392545e+01
   5.3700000e+02  -5.6718379e+01
   2.1000000e+01   1.7134356e+01
   5.9100000e+02  -5.9956656e+01
   2.0000000e+01   2.7369996e+00
   3.4000000e+01  -8.8434466e+01
   1.0000000e+02   2.2600242e+01
   1.6800000e+02  -1.1206017e+02
   1.9500000e+02   5.9911210e+01
   3.1000000e+01  -8.9916440e+01
   2.0000000e+01   5.8260519e+01
   2.0000000e+01  -1.9085609e+01
   2.3000000e+01  -1.1949393e+02
   2.2000000e+01  -2.2758115e+01
   2.2000000e+01  -1.1493706e+02
   2.4000000e+01  -3.7535167e+01
   2.2000000e+01  -2.5994010e+01
   1.1400000e+02  -1.1676380e+02
   3.4000000e+02  -9.3856224e+00
   9.6000000e+01  -1.0151051e+02
   1.8000000e+02   5.9852361e+01
   2.1000000e+01  -9.2348938e+01
   2.3000000e+01  -8.1978742e+00
   7.0000000e+01   4.5541380e+01
   5.6000000e+01  -9.1540600e+01
   8.4000000e+01   2.5902966e+01
   3.7400000e+02  -5.9963219e+01
   2.5000000e+01  -4.3107785e+00
   2.0000000e+01  -5.9159871e+01
   8.5000000e+01   5.9591628e+01
   2.8000000e+01  -5.7205484e+01
   2.0000000e+01   1.7596441e+01
   2.4000000e+01  -1.0263548e+02
   2.0000000e+01  -4.7740625e+01
   2.4000000e+01   3.4733059e+01
