   9.4700000e+02   2.4723689e+01
   2.4700000e+02  -9.4515376e+01
   1.1200000e+02  -5.0062608e+00
   2.0000000e+01  -9.8500843e+01
   1.1100000e+02   5.9847299e+01
   2.1400000e+02  -8.8441683e+01
   6.6000000e+01   1.5120915e+01
   4.0000000e+01  -1.1527023e+02
   5.0000000e+01  -5.1557872e+01
   3.5000000e+01   5.9592468e+01
   2.1000000e+01  -5.0911968e-01
   1.1100000e+02  -8.5750216e+01
   1.1600000e+02   5.9819699e+01
   2.6000000e+01  -8.9952304e+01
   2.6000000e+01  -1.5061646e+01
   1.9000000e+02  -5.8085201e+01
   2.4000000e+01   1.0254363e+01
   4.4700000e+02  -5.4435690e+01
   6.8000000e+01  -1.1228624e+02
   3.7000000e+01  -2.2982943e+01
   2.0000000e+01  -6.5512097e+01
   4.4200000e+02   2.9270097e+01
   4.8000000e+01  -8.8105407e+01
   5.5000000e+01  -2.5820608e+01
   2.0000000e+01  -3.8380059e+01
   4.6000000e+01  -1.1995833e+02
   2.0000000e+01  -5.1130994e+01
   1.2400000e+02   5.9389215e+01
   2.2000000e+01  -5.9931876e+01
   2.1000000e+01   4.5671547e+00
   6.2000000e+01  -9.0807677e+01
   5.6000000e+01   5.9790506e+01
   2.1000000e+01  -1.6626763e+01
   2.3000000e+01  -1.1212949e+02
   2.0000000e+01   1.6793141e+01
   2.0000000e+01  -1.0438902e+02
   2.1000000e+01  -2.6356619e+01
   2.2000000e+01  -1.1186927e+02
   3.5000000e+01  -4.8800712e+01
   3.2000000e+01  -1.1898081e+02
   2.5000000e+01  -7.0990417e+00
   2.0000000e+01  -7.5848463e+01
   2.1000000e+01  -2.9981808e+00
   2.0000000e+01  -1.1943742e+02
   2.0000000e+01   5.4899951e+01
   2.0000000e+01  -5.7718288e+01
   2.0000000e+01   3.0122384e+01
   2.0000000e+01  -6.0693950e+01
   1.7500000e+02   5.9929654e+01
   3.1000000e+01  -8.9319638e+01
   2.1000000e+01   5.9540194e+01
