   7.4100000e+02   2.9000000e+01
   1.1200000e+02  -1.0900000e+02
   8.8000000e+01  -1.2000000e+01
   2.1000000e+01  -6.5000000e+01
   1.9100000e+02   6.0000000e+01
   2.2600000e+02  -9.0000000e+01
   1.0100000e+02   4.9000000e+01
   6.8000000e+01  -8.9000000e+01
   1.1200000e+02  -4.0000000e+00
   7.5000000e+01  -9.4000000e+01
   2.3000000e+01   2.8000000e+01
   1.0200000e+02  -7.9000000e+01
   2.2000000e+01  -9.0000000e+00
   2.0000000e+01  -1.1900000e+02
   2.4000000e+01  -4.0000000e+01
   2.1000000e+01  -2.9000000e+01
   2.0000000e+01  -1.1500000e+02
   2.6000000e+01  -4.2000000e+01
   1.1200000e+02   6.0000000e+01
   2.0000000e+01  -5.5000000e+01
   1.2600000e+02  -8.7000000e+01
   1.1200000e+02   2.9000000e+01
   2.7000000e+01  -9.3000000e+01
   3.2600000e+02  -4.6000000e+01
   9.0000000e+01   6.0000000e+01
   3.8000000e+01  -5.8000000e+01
   2.1000000e+01  -2.0000000e+01
   2.7000000e+01   2.7000000e+01
   2.7000000e+01  -1.0100000e+02
   2.2000000e+01   3.5000000e+01
   2.0000000e+01  -1.0000000e+02
   2.1000000e+01  -3.0000000e+00
   2.1000000e+01  -4.3000000e+01
   4.2200000e+02   5.9000000e+01
   4.0000000e+01  -8.9000000e+01
   2.8200000e+02  -3.0000000e+00
   4.3000000e+01  -9.0000000e+01
   2.0000000e+01   8.0000000e+00
   1.5400000e+02  -6.0000000e+00
   3.5000000e+01  -8.5000000e+01
   2.5000000e+01  -1.1600000e+02
   2.0000000e+01   5.2000000e+01
   2.1000000e+01  -3.8000000e+01
   4.6000000e+01  -1.2000000e+02
   2.1000000e+01   5.5000000e+01
   2.0000000e+01  -1.1400000e+02
   2.1000000e+01  -1.6000000e+01
   2.1000000e+01  -1.1800000e+02
   2.0000000e+01  -7.5000000e+01
   2.2000000e+01  -1.2000000e+01
   2.1000000e+01  -8.7000000e+01
