   9.9500000e+02   2.9000000e+01
   1.1000000e+02   2.3000000e+01
   3.6800000e+02  -8.7000000e+01
   2.9000000e+01  -1.4000000e+01
   2.2000000e+01  -1.1400000e+02
   2.2000000e+01  -2.0000000e+00
   3.7000000e+01   6.0000000e+01
   2.0000000e+01  -1.1900000e+02
   2.1000000e+01   3.8000000e+01
   2.7000000e+01  -9.0000000e+01
   5.0300000e+02   2.8000000e+01
   9.3000000e+01  -1.1500000e+02
   3.2100000e+02   5.8000000e+01
   1.4900000e+02  -9.0000000e+01
   3.4700000e+02  -3.0000000e+01
   4.2600000e+02  -5.9000000e+01
   2.8500000e+02  -1.1200000e+02
   1.7600000e+02  -4.2000000e+01
   1.2000000e+02   6.0000000e+01
   2.9000000e+02  -5.7000000e+01
   2.5000000e+01  -2.4000000e+01
   3.7000000e+01  -4.1000000e+01
   5.4000000e+01  -9.0000000e+01
   6.2000000e+01   1.6000000e+01
   2.6000000e+01   8.0000000e+00
   2.3000000e+01  -1.1700000e+02
   2.6000000e+01  -3.9000000e+01
   1.5300000e+02  -9.0000000e+01
   2.2000000e+01   4.0000000e+00
   2.0000000e+01  -6.5000000e+01
   5.9800000e+02   3.9000000e+01
   2.1000000e+01  -1.1200000e+02
   2.0000000e+01   6.0000000e+01
   4.1000000e+01   6.0000000e+01
   2.9000000e+01  -6.0000000e+01
   2.2000000e+01  -1.7000000e+01
   2.0000000e+01  -1.0600000e+02
   2.7000000e+01  -1.4000000e+01
   2.0000000e+01  -7.9000000e+01
   2.0000000e+01   5.4000000e+01
   2.0000000e+01  -1.1600000e+02
   2.0000000e+01   1.1000000e+01
   4.7000000e+01  -1.2000000e+02
   2.0000000e+01   1.2000000e+01
   2.0000000e+01  -1.0600000e+02
   4.7800000e+02   4.6000000e+01
   2.1000000e+01  -9.4000000e+01
   6.9000000e+01   2.4000000e+01
   2.1000000e+01  -1.0600000e+02
   2.0000000e+01  -3.5000000e+01
   2.0000000e+01  -4.8000000e+01
