   7.1700000e+02   2.9000000e+01
   2.3600000e+02  -9.5000000e+01
   5.9000000e+01  -3.0000000e+00
   2.0000000e+01  -9.8000000e+01
   1.2800000e+02   6.0000000e+01
   4.1800000e+02  -7.7000000e+01
   2.0300000e+02  -1.0000000e+00
   5.4000000e+01  -1.1000000e+02
   3.4000000e+01  -4.5000000e+01
   4.2300000e+02   2.9000000e+01
   3.8000000e+01  -9.0000000e+01
   4.3000000e+01   3.0000000e+00
   4.2000000e+01  -5.9000000e+01
   8.2000000e+01   5.9000000e+01
   3.1800000e+02  -5.6000000e+01
   3.0000000e+01  -2.6000000e+01
   8.1000000e+01  -1.1300000e+02
   5.0000000e+01  -6.3000000e+01
   9.2000000e+01   6.0000000e+01
   2.8000000e+01  -9.0000000e+01
   4.5000000e+01  -2.7000000e+01
   3.1000000e+01  -1.2000000e+02
   2.0000000e+01   2.6000000e+01
   1.5800000e+02  -6.1000000e+01
   1.0500000e+02   6.0000000e+01
   3.4000000e+01  -5.6000000e+01
   2.1000000e+01   8.0000000e+00
   4.6000000e+01  -1.2000000e+02
   4.3600000e+02  -1.0000000e+00
   2.0000000e+01  -8.7000000e+01
   2.0000000e+01  -3.8000000e+01
   3.1000000e+01  -1.1700000e+02
   2.2000000e+01  -4.4000000e+01
   2.0000000e+01  -1.2000000e+02
   4.5000000e+01  -2.5000000e+01
   2.1000000e+01  -8.8000000e+01
   2.2000000e+01  -1.0000000e+01
   2.2000000e+01  -1.1200000e+02
   2.1000000e+01   4.8000000e+01
   9.6000000e+01   5.8000000e+01
   2.0000000e+01  -1.0100000e+02
   2.0000000e+01   5.9000000e+01
   2.0000000e+01  -4.0000000e+01
   2.0000000e+01  -9.3000000e+01
   2.0000000e+01   8.0000000e+00
   3.0000000e+01  -2.9000000e+01
   3.1000000e+01  -1.1800000e+02
   2.6000000e+01   5.5000000e+01
   2.4000000e+01  -9.5000000e+01
   2.8000000e+01  -1.7000000e+01
   2.0000000e+01  -4.0000000e+01
