   7.2800000e+02   2.9000000e+01
   1.1000000e+02  -1.0900000e+02
   2.4000000e+01  -5.0000000e+00
   2.0000000e+01  -1.1800000e+02
   1.1200000e+02   6.0000000e+01
   1.9500000e+02  -9.0000000e+01
   1.3100000e+02  -3.0000000e+00
   3.2000000e+01  -1.1900000e+02
   3.9000000e+01  -4.6000000e+01
   4.2200000e+02   2.7000000e+01
   1.3800000e+02  -8.6000000e+01
   4.1000000e+01   2.7000000e+01
   2.5000000e+01  -8.9000000e+01
   9.3000000e+01   6.0000000e+01
   2.4600000e+02  -6.0000000e+01
   1.2900000e+02   6.0000000e+01
   4.0000000e+01  -9.0000000e+01
   2.7000000e+01  -1.7000000e+01
   6.2000000e+01  -9.8000000e+01
   3.1000000e+01  -1.8000000e+01
   4.4800000e+02  -6.0000000e+01
   2.0000000e+01  -4.8000000e+01
   4.6400000e+02  -6.9000000e+01
   2.2000000e+01  -1.7000000e+01
   4.5500000e+02  -6.3000000e+01
   1.6400000e+02   4.0000000e+01
   1.8000000e+02  -9.7000000e+01
   1.1700000e+02   6.0000000e+01
   2.6000000e+01  -6.0000000e+01
   2.7000000e+01   1.7000000e+01
   2.0000000e+01  -1.1800000e+02
   2.0000000e+01   2.4000000e+01
   2.0000000e+01  -1.0800000e+02
   1.7700000e+02   2.9000000e+01
   2.3000000e+01  -9.6000000e+01
   3.3000000e+01   5.6000000e+01
   2.9000000e+01  -1.0200000e+02
   2.2000000e+01  -5.4000000e+01
   2.6000000e+01  -6.6000000e+01
   9.7000000e+01   6.0000000e+01
   2.0000000e+01  -7.9000000e+01
   2.0000000e+01  -9.0000000e+00
   2.0000000e+01  -9.2000000e+01
   2.0000000e+01  -1.1900000e+02
   2.0000000e+01  -2.6000000e+01
   2.7300000e+02  -1.1600000e+02
   9.8000000e+01  -2.9000000e+01
   7.8000000e+01  -4.4000000e+01
   2.0000000e+01   8.0000000e+00
   2.0000000e+01  -1.1900000e+02
   2.0000000e+01  -6.7000000e+01
