   7.2600000e+02   2.9992650e+01
   7.1000000e+01  -1.0611745e+02
   2.1000000e+01  -6.9187744e-01
   3.1000000e+01  -1.1977406e+02
   1.2800000e+02   5.9877475e+01
   2.1600000e+02  -8.9463657e+01
   4.7300000e+02   1.9966777e+01
   3.4000000e+01  -8.8806318e+01
   3.9800000e+02  -8.8348911e-01
   5.0000000e+01  -1.1950255e+02
   2.8000000e+01  -1.1735240e+01
   2.1000000e+01  -1.1905559e+02
   9.6000000e+01  -4.2547906e+01
   5.5200000e+02   3.9181461e+01
   6.4100000e+02  -5.9053063e+01
   2.4500000e+02   4.1369658e+01
   4.2000000e+01  -8.9903809e+01
   9.4000000e+01  -1.1630484e+01
   2.7000000e+01   3.1067261e+01
   5.4600000e+02  -5.2771193e+01
   1.0200000e+02  -8.6299193e+01
   1.0200000e+02   5.9785273e+01
   3.2000000e+01  -1.1317232e+02
   2.1000000e+01   1.9193239e+01
   2.0000000e+01  -1.1731176e+02
   6.7000000e+01  -5.2387587e+01
   5.2800000e+02  -6.7852199e+01
   3.2200000e+02   5.5772019e+01
   3.6000000e+01  -8.9206279e+01
   2.1000000e+01   5.5532466e+01
   2.1000000e+01   2.0096139e+01
   2.1000000e+01  -1.0830882e+02
   2.0000000e+01  -3.1174797e+00
   1.0100000e+02   5.4111050e+01
   2.0000000e+01  -7.7359489e+01
   2.4000000e+01  -1.7379856e+01
   3.2000000e+01  -9.4511024e+01
   2.1000000e+01   6.6239581e+00
   2.0000000e+01   2.4633448e+01
   5.0000000e+01  -1.1429763e+02
   1.4000000e+02  -3.0123640e+01
   4.9000000e+01   1.1849486e+01
   2.0000000e+01   5.8143456e+01
   2.0000000e+01  -1.1330616e+02
   2.2000000e+01  -8.6571625e+01
   2.1000000e+01  -1.1800687e+02
   2.2000000e+01  -8.4551399e-01
   2.2000000e+01  -8.0141444e+01
   2.0000000e+01  -9.6276082e+01
   2.1000000e+01  -2.4077592e+00
   2.0000000e+01  -7.6618882e+01
