   7.5800000e+02   2.9000000e+01
   1.6200000e+02  -9.1000000e+01
   2.3000000e+01   2.8000000e+01
   4.1000000e+01  -1.1500000e+02
   3.2000000e+01  -8.0000000e+00
   3.7000000e+01  -5.4000000e+01
   1.1600000e+02   5.9000000e+01
   2.1600000e+02  -9.0000000e+01
   3.9500000e+02  -1.0000000e+00
   1.6200000e+02  -8.9000000e+01
   1.2700000e+02  -3.7000000e+01
   1.1400000e+02  -7.2000000e+01
   1.4800000e+02   6.0000000e+01
   7.3000000e+01  -8.8000000e+01
   3.2000000e+01  -3.0000000e+00
   3.2400000e+02  -6.0000000e+01
   2.2000000e+01   3.5000000e+01
   2.0000000e+01  -8.2000000e+01
   3.4000000e+01   2.9000000e+01
   2.0000000e+01  -1.2000000e+02
   2.3000000e+01   3.3000000e+01
   4.4000000e+01  -1.1400000e+02
   2.9000000e+01  -4.6000000e+01
   2.1000000e+01  -1.0600000e+02
   1.1900000e+02   6.0000000e+01
   3.2000000e+01  -5.7000000e+01
   2.4000000e+01   1.9000000e+01
   2.6000000e+01  -1.1900000e+02
   2.9000000e+01  -1.2000000e+01
   2.0000000e+01  -3.4000000e+01
   1.5900000e+02   6.0000000e+01
   3.0000000e+01  -9.0000000e+01
   2.6000000e+01   4.8000000e+01
   2.1000000e+01  -1.8000000e+01
   2.3000000e+01  -9.1000000e+01
   2.6000000e+01  -4.7000000e+01
   2.0000000e+01  -9.5000000e+01
   2.2000000e+01   1.9000000e+01
   2.0000000e+01  -5.9000000e+01
   4.7000000e+01  -9.4000000e+01
   3.3000000e+01   4.9000000e+01
   2.3000000e+01   3.0000000e+01
   2.0000000e+01  -7.0000000e+00
   2.3000000e+01  -1.1200000e+02
   2.1000000e+01   3.0000000e+00
   2.0000000e+01  -1.1200000e+02
   2.1000000e+01   9.0000000e+00
   2.0000000e+01  -1.1900000e+02
   2.1000000e+01  -6.2000000e+01
   2.1000000e+01   2.9000000e+01
   2.0000000e+01  -7.7000000e+01
