   7.8300000e+02   2.8000000e+01
   1.0600000e+02  -1.1000000e+02
   2.9700000e+02  -1.5000000e+01
   2.1000000e+01  -9.2000000e+01
   1.9400000e+02   6.0000000e+01
   2.2500000e+02  -9.0000000e+01
   1.0400000e+02   1.5000000e+01
   4.8000000e+01  -1.1300000e+02
   1.8100000e+02  -3.8000000e+01
   1.7700000e+02   4.5000000e+01
   1.4800000e+02  -7.5000000e+01
   5.8300000e+02   3.1000000e+01
   1.1700000e+02  -8.9000000e+01
   4.9000000e+01  -1.0000000e+00
   2.1000000e+01  -5.9000000e+01
   8.9000000e+01  -8.9000000e+01
   2.1000000e+01  -2.0000000e+00
   2.0000000e+01  -7.6000000e+01
   2.0400000e+02   2.9000000e+01
   2.2600000e+02  -1.1500000e+02
   2.1000000e+01  -5.3000000e+01
   3.6500000e+02   4.4000000e+01
   2.1000000e+01  -6.0000000e+01
   2.2000000e+01  -2.0000000e+00
   1.2600000e+02   2.6000000e+01
   2.3000000e+01  -1.1900000e+02
   2.2000000e+01   1.3000000e+01
   1.0000000e+02   5.8000000e+01
   5.3000000e+01  -5.7000000e+01
   2.2000000e+01   4.8000000e+01
   3.1000000e+01  -1.1000000e+02
   3.5000000e+01  -3.0000000e+00
   3.6000000e+01  -5.9000000e+01
   6.9000000e+01  -1.2000000e+02
   2.2000000e+01   3.9000000e+01
   2.0000000e+01  -7.3000000e+01
   1.3200000e+02  -1.8000000e+01
   7.4000000e+01  -1.1800000e+02
   3.3000000e+02  -6.6000000e+01
   3.6500000e+02   5.4000000e+01
   1.8500000e+02  -5.5000000e+01
   3.9400000e+02  -2.4000000e+01
   2.0000000e+01  -9.4000000e+01
   2.1000000e+01   3.0000000e+00
   2.0000000e+01   3.1000000e+01
   2.5000000e+01  -1.1200000e+02
   4.7000000e+01   3.5000000e+01
   5.3000000e+01   2.3000000e+01
   2.0000000e+01  -8.6000000e+01
   2.2000000e+01  -1.0600000e+02
   2.0000000e+01  -3.4000000e+01
