   6.4500000e+02   2.9000000e+01
   5.3000000e+01  -1.0900000e+02
   2.3000000e+01  -2.0000000e+00
   3.6000000e+01  -1.1700000e+02
   1.0800000e+02   6.0000000e+01
   1.9500000e+02  -9.0000000e+01
   1.8400000e+02   2.8000000e+01
   2.9700000e+02  -8.6000000e+01
   3.4000000e+01  -5.0000000e+00
   2.0000000e+01  -6.5000000e+01
   2.0000000e+01  -1.1700000e+02
   2.1000000e+01  -3.5000000e+01
   1.9500000e+02   6.0000000e+01
   4.2000000e+01  -9.0000000e+01
   2.1000000e+01  -6.0000000e+00
   3.2000000e+01  -1.1100000e+02
   2.0000000e+01   3.1000000e+01
   2.0000000e+01  -5.9000000e+01
   2.7000000e+01  -1.0000000e+00
   2.0000000e+01  -1.1800000e+02
   2.1000000e+01  -3.4000000e+01
   9.4000000e+01   6.0000000e+01
   2.0000000e+01  -7.0000000e+00
   2.4600000e+02  -6.0000000e+01
   2.6000000e+01   1.2000000e+01
   3.9000000e+01  -9.0000000e+01
   3.5000000e+01  -1.9000000e+01
   2.2000000e+01  -1.2000000e+02
   2.0000000e+01   1.4000000e+01
   2.0000000e+01   1.0000000e+01
   9.7000000e+01   6.0000000e+01
   2.0000000e+01   2.5000000e+01
   2.1000000e+01  -6.0000000e+01
   2.0000000e+01  -1.7000000e+01
   3.3000000e+01  -9.7000000e+01
   2.1000000e+01   6.0000000e+01
   2.0000000e+01   8.0000000e+00
   2.0000000e+01  -1.0100000e+02
   2.0000000e+01   2.5000000e+01
   2.0000000e+01   3.7000000e+01
   2.0000000e+01  -1.0000000e+02
   2.0000000e+01   3.9000000e+01
   5.4000000e+01  -1.2000000e+02
   2.5000000e+01  -4.0000000e+00
   2.0000000e+01  -1.1000000e+02
   1.4600000e+02   6.0000000e+01
   3.0000000e+01  -1.1600000e+02
   2.8000000e+01  -5.5000000e+01
   2.0000000e+01  -9.8000000e+01
   2.1000000e+01  -1.0000000e+00
   2.0000000e+01  -3.6000000e+01
