   4.9100000e+02   2.8000000e+01
   6.8000000e+01  -1.1400000e+02
   4.1000000e+01  -1.4000000e+01
   2.2000000e+01  -1.1200000e+02
   3.2300000e+02   6.0000000e+01
   2.4600000e+02  -8.9000000e+01
   5.3000000e+01   8.0000000e+00
   4.4000000e+01  -1.1300000e+02
   3.5000000e+01  -4.3000000e+01
   2.1000000e+01  -2.3000000e+01
   6.3000000e+01   6.0000000e+01
   4.0200000e+02  -7.2000000e+01
   1.0900000e+02   5.8000000e+01
   2.0000000e+01  -5.1000000e+01
   2.1000000e+01  -1.0500000e+02
   9.6000000e+01  -1.0000000e+00
   5.0700000e+02  -5.6000000e+01
   1.0600000e+02  -1.6000000e+01
   3.4700000e+02  -6.7000000e+01
   7.8000000e+01   2.0000000e+01
   2.3000000e+02  -5.9000000e+01
   1.1600000e+02  -2.0000000e+01
   3.8000000e+01  -8.8000000e+01
   1.3200000e+02  -1.2000000e+01
   8.0000000e+01   6.0000000e+01
   3.2000000e+01  -9.0000000e+01
   2.2000000e+01   1.5000000e+01
   2.0000000e+01   2.0000000e+00
   2.1000000e+01  -1.1600000e+02
   2.0000000e+01  -1.8000000e+01
   1.1200000e+02   5.7000000e+01
   3.5000000e+01  -1.1200000e+02
   3.9000000e+01   5.6000000e+01
   6.0000000e+02   2.9000000e+01
   1.2300000e+02  -6.0000000e+01
   1.5700000e+02  -2.7000000e+01
   2.1000000e+01  -9.5000000e+01
   1.1700000e+02   3.4000000e+01
   5.5200000e+02  -7.2000000e+01
   2.7700000e+02   3.1000000e+01
   9.0000000e+01  -8.9000000e+01
   2.0900000e+02   4.0000000e+00
   4.2000000e+01  -1.1900000e+02
   2.5000000e+01  -4.2000000e+01
   2.2000000e+01  -8.3000000e+01
   1.6800000e+02   6.0000000e+01
   2.0000000e+01  -9.3000000e+01
   2.0000000e+01  -2.0000000e+00
   2.0000000e+01  -9.9000000e+01
   2.0000000e+01   1.1000000e+01
   2.2000000e+01  -2.2000000e+01
