   6.4500000e+02   2.9000000e+01
   5.3000000e+01  -1.0900000e+02
   2.3000000e+01  -1.0000000e+00
   3.2000000e+01  -9.4000000e+01
   9.8000000e+01   6.0000000e+01
   1.9600000e+02  -9.0000000e+01
   5.3300000e+02   1.3000000e+01
   2.7900000e+02  -8.7000000e+01
   2.4000000e+01  -8.0000000e+00
   2.0000000e+01  -1.1800000e+02
   2.0000000e+01  -3.2000000e+01
   2.0000000e+01  -6.2000000e+01
   2.1900000e+02   5.5000000e+01
   3.8600000e+02  -5.8000000e+01
   6.1000000e+01  -5.0000000e+00
   7.2000000e+01  -9.0000000e+01
   1.4700000e+02   6.0000000e+01
   2.6000000e+01  -9.0000000e+01
   2.1000000e+01   1.0000000e+00
   4.0000000e+01  -1.1900000e+02
   2.4000000e+01  -4.1000000e+01
   1.8300000e+02   2.0000000e+01
   2.3000000e+01  -9.5000000e+01
   1.7900000e+02  -5.0000000e+00
   1.7600000e+02  -6.0000000e+01
   2.0000000e+01  -1.6000000e+01
   2.0000000e+01  -6.4000000e+01
   5.1000000e+01   5.9000000e+01
   3.3000000e+01  -5.9000000e+01
   3.6000000e+01   5.0000000e+00
   1.9500000e+02   5.5000000e+01
   2.3000000e+01  -9.4000000e+01
   7.0000000e+01  -1.8000000e+01
   2.0000000e+01  -3.8000000e+01
   2.0000000e+01  -9.8000000e+01
   2.0000000e+01   1.9000000e+01
   2.0000000e+01   5.3000000e+01
   2.0000000e+01  -9.5000000e+01
   2.0000000e+01  -1.1000000e+01
   7.8000000e+01   4.8000000e+01
   3.2000000e+01  -9.4000000e+01
   3.2000000e+01  -4.6000000e+01
   5.8000000e+01  -1.2000000e+02
   2.4000000e+01  -3.0000000e+00
   2.0000000e+01  -8.8000000e+01
   2.1000000e+01   1.9000000e+01
   2.0000000e+01  -4.1000000e+01
   2.1000000e+01   1.0000000e+01
   2.0000000e+01  -6.0000000e+01
   2.0000000e+01  -1.2000000e+02
   2.0000000e+01   4.8000000e+01
