   1.0640000e+03   2.4000000e+01
   5.6000000e+01  -1.1000000e+02
   4.7000000e+01  -4.0000000e+00
   3.6000000e+01  -1.1700000e+02
   3.9400000e+02   5.9000000e+01
   2.6300000e+02  -8.9000000e+01
   2.0200000e+02   2.9000000e+01
   5.2000000e+01  -1.1900000e+02
   2.4000000e+01  -5.0000000e+00
   2.1000000e+01  -1.0600000e+02
   6.5000000e+01   6.0000000e+01
   1.7500000e+02  -8.7000000e+01
   5.7000000e+01   5.9000000e+01
   2.6000000e+01  -9.0000000e+01
   2.0000000e+01  -1.0000000e+00
   6.6000000e+01  -1.0200000e+02
   4.3000000e+01  -2.6000000e+01
   2.1000000e+01  -6.3000000e+01
   1.0900000e+02   5.9000000e+01
   3.4000000e+01  -5.8000000e+01
   2.2000000e+01   3.5000000e+01
   2.4000000e+01   2.2000000e+01
   3.3000000e+01  -1.1200000e+02
   2.7000000e+01  -4.1000000e+01
   1.7700000e+02   1.6000000e+01
   2.1000000e+01  -9.2000000e+01
   2.3000000e+01   4.1000000e+01
   6.3600000e+02  -5.9000000e+01
   2.6000000e+01  -1.2000000e+02
   2.8000000e+01  -4.3000000e+01
   2.0000000e+01  -8.3000000e+01
   2.0000000e+01  -1.1300000e+02
   2.1000000e+01  -5.4000000e+01
   2.8000000e+01   3.5000000e+01
   2.0000000e+01  -4.2000000e+01
   2.0000000e+01  -7.3000000e+01
   2.3800000e+02   4.9000000e+01
   1.4300000e+02  -2.4000000e+01
   3.8500000e+02  -5.3000000e+01
   2.0000000e+01   2.0000000e+00
   2.2000000e+01  -1.1500000e+02
   2.1000000e+01   1.8000000e+01
   5.3000000e+01   6.0000000e+01
   2.0000000e+01  -9.4000000e+01
   2.1000000e+01   2.4000000e+01
   2.0000000e+01  -4.9000000e+01
   2.2000000e+01  -1.1900000e+02
   2.1000000e+01  -5.1000000e+01
   5.0000000e+01  -1.1400000e+02
   5.5000000e+01  -6.7000000e+01
   2.7000000e+01   1.9000000e+01
