   6.4500000e+02   2.9000000e+01
   5.3000000e+01  -1.0900000e+02
   2.3000000e+01  -2.0000000e+00
   2.0000000e+01  -1.0600000e+02
   9.9000000e+01   6.0000000e+01
   1.9500000e+02  -9.0000000e+01
   1.6900000e+02   2.9000000e+01
   2.8000000e+02  -8.7000000e+01
   2.2000000e+01  -3.0000000e+00
   2.0000000e+01  -1.1800000e+02
   2.0000000e+01  -3.1000000e+01
   2.0000000e+01  -8.3000000e+01
   1.8400000e+02   5.7000000e+01
   3.9400000e+02  -5.7000000e+01
   5.3000000e+01  -7.0000000e+00
   4.1000000e+01  -4.3000000e+01
   5.8000000e+01  -9.0000000e+01
   2.6000000e+01   5.2000000e+01
   2.9000000e+01   6.0000000e+01
   3.3000000e+01  -1.2000000e+02
   3.2000000e+01  -3.5000000e+01
   2.0000000e+01  -7.7000000e+01
   3.0000000e+01   2.9000000e+01
   2.0000000e+01  -9.1000000e+01
   1.7400000e+02   6.0000000e+01
   2.8000000e+01  -9.0000000e+01
   2.1000000e+01   1.3000000e+01
   2.2000000e+01  -1.2000000e+02
   2.3000000e+01  -1.0000000e+00
   2.0000000e+01  -5.9000000e+01
   3.2200000e+02   5.8000000e+01
   2.6000000e+01  -9.3000000e+01
   1.3800000e+02  -2.1000000e+01
   2.2000000e+01  -5.7000000e+01
   2.1000000e+01  -1.2000000e+02
   2.0000000e+01   1.5000000e+01
   4.7000000e+01   6.0000000e+01
   2.0000000e+01  -9.5000000e+01
   2.0000000e+01  -1.9000000e+01
   1.0600000e+02   6.0000000e+01
   2.0000000e+01  -9.5000000e+01
   2.0000000e+01   5.9000000e+01
   2.0000000e+01  -1.2000000e+02
   2.0000000e+01  -3.3000000e+01
   2.0000000e+01  -4.2000000e+01
   4.8000000e+01  -1.2000000e+02
   2.3000000e+01  -2.0000000e+00
   2.0000000e+01  -5.1000000e+01
   2.2000000e+01  -1.6000000e+01
   4.4000000e+01  -9.0000000e+01
   2.5000000e+01   3.3000000e+01
