   1.2440000e+03   2.9000000e+01
   3.7400000e+02  -8.9000000e+01
   6.1000000e+01  -2.5000000e+01
   2.6300000e+02  -1.1700000e+02
   8.1000000e+01   5.9000000e+01
   5.5000000e+01  -1.0900000e+02
   2.6000000e+01   2.1000000e+01
   2.0000000e+01  -9.9000000e+01
   2.3000000e+01  -2.7000000e+01
   6.9000000e+01  -8.9000000e+01
   1.8900000e+02   4.4000000e+01
   1.9500000e+02  -8.0000000e+01
   9.1000000e+01   6.0000000e+01
   3.9000000e+01  -9.5000000e+01
   2.4000000e+01  -8.0000000e+00
   3.9400000e+02  -5.8000000e+01
   2.0500000e+02  -1.0000000e+00
   8.0600000e+02  -6.8000000e+01
   2.2000000e+01  -1.1700000e+02
   2.4000000e+01  -3.6000000e+01
   2.1000000e+01  -7.4000000e+01
   1.2000000e+02   6.0000000e+01
   4.6000000e+01  -5.5000000e+01
   3.6000000e+01   5.7000000e+01
   2.0000000e+01  -1.1400000e+02
   5.5000000e+01   6.0000000e+01
   2.1000000e+01  -2.3000000e+01
   4.7000000e+01  -1.1600000e+02
   2.2000000e+02  -4.6000000e+01
   3.5000000e+01  -1.0900000e+02
   2.1000000e+01  -4.6000000e+01
   2.0000000e+01   5.5000000e+01
   2.0000000e+01  -4.4000000e+01
   2.4000000e+01   5.8000000e+01
   2.0000000e+01  -1.1800000e+02
   2.2000000e+01   2.7000000e+01
   1.7700000e+02   5.7000000e+01
   2.0000000e+01  -1.1300000e+02
   6.2000000e+01   6.0000000e+00
   2.7000000e+01  -9.0000000e+01
   2.1000000e+01  -4.3000000e+01
   2.1000000e+01  -1.0000000e+00
   1.9000000e+02   6.0000000e+01
   3.2000000e+01  -9.0000000e+01
   2.6700000e+02  -2.4000000e+01
   9.7000000e+01   5.7000000e+01
   2.0000000e+01  -9.5000000e+01
   2.1000000e+01   2.7000000e+01
   2.0000000e+01  -2.5000000e+01
   2.5000000e+01  -9.0000000e+01
   2.1000000e+01  -2.5000000e+01
