   6.4400000e+02   2.9000000e+01
   6.2000000e+01  -1.0600000e+02
   2.6000000e+01  -1.0000000e+01
   3.2000000e+01  -9.4000000e+01
   9.8000000e+01   6.0000000e+01
   1.9600000e+02  -9.0000000e+01
   6.1900000e+02   1.3000000e+01
   2.9100000e+02  -8.7000000e+01
   2.1000000e+01  -4.0000000e+00
   2.0000000e+01  -9.8000000e+01
   2.0000000e+01  -3.8000000e+01
   2.0000000e+01  -7.6000000e+01
   1.1000000e+02   6.0000000e+01
   2.4600000e+02  -6.0000000e+01
   2.0000000e+01  -3.0000000e+00
   2.0000000e+01   6.0000000e+01
   2.0000000e+01  -9.5000000e+01
   2.0000000e+01   2.9000000e+01
   2.4800000e+02   5.9000000e+01
   3.0000000e+01  -8.9000000e+01
   2.0000000e+01   2.0000000e+00
   2.5000000e+01  -1.1700000e+02
   5.9000000e+02  -2.5000000e+01
   3.3000000e+02  -6.6000000e+01
   3.3100000e+02   2.1000000e+01
   8.2000000e+01  -5.7000000e+01
   3.4000000e+01  -9.9000000e+01
   3.2000000e+01   5.0000000e+01
   2.1000000e+01  -1.1600000e+02
   5.8000000e+01  -4.4000000e+01
   3.3000000e+01  -1.1700000e+02
   2.9000000e+01  -9.0000000e+00
   2.9000000e+01  -6.5000000e+01
   2.0000000e+01  -1.1800000e+02
   1.1900000e+02   6.0000000e+01
   2.3000000e+01  -6.0000000e+01
   2.0000000e+01   5.5000000e+01
   2.0000000e+01  -1.1900000e+02
   2.1000000e+01   5.6000000e+01
   2.3000000e+01  -1.1800000e+02
   5.6000000e+01  -2.3000000e+01
   4.9000000e+01  -4.8000000e+01
   2.0000000e+01  -9.4000000e+01
   4.5000000e+01   1.2000000e+01
   7.1000000e+01   2.6000000e+01
   2.5200000e+02   5.8000000e+01
   2.3000000e+01  -9.4000000e+01
   4.1000000e+01  -2.5000000e+01
   2.0000000e+01  -1.0700000e+02
   2.0000000e+01  -5.8000000e+01
   2.0000000e+01   1.9000000e+01
