   6.6000000e+02   2.9947749e+01
   3.6500000e+02  -9.2520945e+01
   2.4000000e+01  -1.1569875e+01
   1.1500000e+02   5.9839326e+01
   2.3200000e+02  -8.9043580e+01
   2.1000000e+01  -1.5059026e-01
   2.5000000e+01  -1.1984286e+02
   1.7800000e+02   3.7857097e+01
   2.1000000e+01  -8.6077262e+01
   1.6400000e+02  -8.7682501e-02
   2.0000000e+01  -1.1881217e+02
   2.0000000e+01  -3.1737571e+01
   5.0000000e+01  -8.7328097e+01
   4.8600000e+02   2.0183663e+01
   1.9400000e+02  -5.7424205e+01
   5.7200000e+02   4.5464638e+01
   4.6000000e+01  -8.9916029e+01
   1.1600000e+02  -9.2950540e+00
   5.3000000e+02  -1.1319256e+02
   5.5300000e+02  -3.0143564e+01
   3.0800000e+02  -7.9424464e+01
   1.4000000e+02   5.8659877e+01
   3.3000000e+01  -5.5782923e+01
   2.1000000e+01   9.1279735e+00
   2.7000000e+01  -1.1787057e+02
   2.0000000e+01   2.4741116e+01
   2.0000000e+01  -8.0741593e+01
   2.1000000e+01   5.8998032e+01
   2.0000000e+01  -1.1306402e+02
   2.0000000e+01  -8.2836367e+01
   1.0100000e+02   5.6231691e+01
   6.5400000e+02  -5.8952786e+01
   4.2000000e+01  -4.9847630e+01
   4.3000000e+01  -1.1971523e+02
   2.3000000e+01  -3.5096032e+00
   2.0000000e+01  -1.0077689e+02
   2.3000000e+01  -6.1803964e+01
   2.0000000e+01   3.6435118e+01
   2.0000000e+01  -3.7843950e+01
   7.9000000e+01   5.9964486e+01
   2.8000000e+01  -9.1837059e+01
   2.0000000e+01   5.9561432e+01
   2.0000000e+01  -6.7075824e+01
   2.0000000e+01  -9.8996340e+01
   2.1000000e+01   1.5709221e+01
   2.1000000e+01  -9.2615027e+01
   2.0000000e+01  -5.9378322e+01
   2.0000000e+01  -7.6332988e+00
   1.2000000e+02   5.9731944e+01
   3.7000000e+01  -7.2494319e+01
   2.7000000e+01  -4.9189978e+00
