   6.8200000e+02   2.9950157e+01
   1.0500000e+02  -1.0990551e+02
   1.8200000e+02  -6.1891404e+00
   4.2000000e+01   4.3739309e+01
   4.8000000e+01  -1.1031772e+02
   4.7000000e+01  -4.1522663e+01
   5.0800000e+02   4.1432746e+01
   2.8800000e+02  -8.7527568e+01
   5.6000000e+01   2.3096621e+01
   4.3000000e+01   5.0517495e+01
   2.1000000e+01  -1.1576170e+02
   2.2000000e+01  -8.4793842e-01
   2.7000000e+01  -8.9146274e+01
   4.2000000e+01  -2.6830924e+01
   4.3000000e+01  -6.3634995e+01
   5.2000000e+01   5.9670900e+01
   2.1000000e+01  -5.9212907e+01
   9.7000000e+01  -8.0670374e+01
   7.8000000e+01   5.9906344e+01
   2.3000000e+01  -5.9715364e+01
   2.0000000e+01  -1.7419135e+01
   1.2100000e+02  -2.5837528e+01
   4.8000000e+01  -8.7211561e+01
   4.5700000e+02   2.8323744e+01
   2.8000000e+01  -1.1316557e+02
   3.1400000e+02  -2.8417470e+01
   8.9000000e+01  -6.0305617e+01
   7.5000000e+01   2.9014692e+01
   5.2000000e+01  -1.1926805e+02
   2.0000000e+01  -4.7208128e+01
   2.1000000e+01  -5.5398647e+00
   2.0000000e+01  -1.1328745e+02
   2.0000000e+01  -6.1560686e+01
   2.1000000e+01  -1.1772522e+02
   1.2300000e+02   5.9832420e+01
   2.7500000e+02  -5.9586598e+01
   2.0000000e+01   5.6781709e+01
   2.1000000e+01  -1.1503864e+02
   2.1000000e+01   2.3581897e+01
   2.0000000e+01  -9.8219507e+01
   2.0000000e+01  -3.9632438e+01
   2.0000000e+01   2.3401958e+01
   2.0000000e+01  -4.5133383e+01
   4.9000000e+01  -9.7566764e+01
   2.4000000e+01   5.6727241e+01
   1.0400000e+02   5.9422740e+01
   2.2000000e+01  -8.0198584e+01
   2.3000000e+01   3.0601574e+01
   5.9300000e+02   3.2535882e+01
   2.6000000e+01  -8.9971244e+01
   5.0000000e+01  -2.3052527e+01
