   4.8500000e+02   2.8000000e+01
   3.1000000e+01  -1.1200000e+02
   2.6000000e+01  -8.0000000e+00
   4.1000000e+01  -1.1400000e+02
   1.0800000e+02   6.0000000e+01
   3.1700000e+02  -9.0000000e+01
   1.8100000e+02   2.3000000e+01
   1.7500000e+02  -8.8000000e+01
   3.6000000e+01  -2.3000000e+01
   8.7000000e+01   6.0000000e+01
   2.1000000e+01  -1.1700000e+02
   2.7000000e+01  -3.8000000e+01
   2.4700000e+02   2.9000000e+01
   5.3000000e+01  -4.8000000e+01
   6.8000000e+01  -8.7000000e+01
   1.8100000e+02   5.8000000e+01
   2.8000000e+01  -9.0000000e+01
   2.9000000e+01  -1.7000000e+01
   8.7000000e+01  -1.1500000e+02
   4.6000000e+01  -4.2000000e+01
   2.1000000e+01  -1.1700000e+02
   2.0000000e+01  -4.2000000e+01
   2.1000000e+01  -3.0000000e+00
   2.1000000e+01  -8.2000000e+01
   1.2100000e+02   6.0000000e+01
   4.3800000e+02  -5.9000000e+01
   2.9000000e+01  -2.5000000e+01
   4.4000000e+02   4.4000000e+01
   2.1000000e+01  -9.6000000e+01
   2.2000000e+01   2.9000000e+01
   2.8000000e+01  -1.1500000e+02
   2.2000000e+01  -0.0000000e+00
   2.0000000e+01  -6.3000000e+01
   6.8000000e+01   4.1000000e+01
   3.8000000e+01  -1.1100000e+02
   8.1000000e+01  -2.3000000e+01
   2.1000000e+01  -9.5000000e+01
   2.2000000e+01  -3.0000000e+00
   2.0000000e+01  -4.8000000e+01
   2.5000000e+02   5.8000000e+01
   4.9000000e+01  -9.7000000e+01
   6.3900000e+02  -9.0000000e+00
   6.0000000e+01  -1.2000000e+02
   3.1000000e+01  -1.6000000e+01
   2.3000000e+01  -4.3000000e+01
   6.9000000e+01   4.4000000e+01
   1.6100000e+02  -3.1000000e+01
   4.0000000e+01   4.1000000e+01
   2.0000000e+01   2.0000000e+00
   2.0000000e+01  -9.7000000e+01
   2.0000000e+01  -3.3000000e+01
