   6.4200000e+02   2.9000000e+01
   1.1800000e+02  -1.0700000e+02
   3.3000000e+01  -1.0000000e+00
   2.0000000e+01  -1.2000000e+02
   1.1400000e+02   6.0000000e+01
   2.0700000e+02  -8.9000000e+01
   1.1300000e+02  -3.0000000e+00
   2.0000000e+01  -1.1700000e+02
   2.0000000e+01  -3.3000000e+01
   5.5400000e+02   2.1000000e+01
   1.4200000e+02  -8.5000000e+01
   6.4000000e+01   2.5000000e+01
   2.0000000e+01  -7.5000000e+01
   3.3000000e+01  -1.2000000e+02
   2.0000000e+01  -3.4000000e+01
   1.0800000e+02   6.0000000e+01
   2.4700000e+02  -6.0000000e+01
   2.1000000e+01  -6.0000000e+00
   3.5000000e+02  -6.0000000e+01
   1.4600000e+02   6.0000000e+01
   2.6000000e+01  -9.0000000e+01
   2.0000000e+01   8.0000000e+00
   2.0000000e+01  -1.9000000e+01
   2.0000000e+01  -1.0900000e+02
   2.8000000e+01   6.0000000e+01
   2.0000000e+01  -9.7000000e+01
   2.4000000e+01   1.2000000e+01
   6.4000000e+01  -1.1800000e+02
   4.4000000e+01  -1.7000000e+01
   2.3000000e+01  -7.5000000e+01
   7.8400000e+02   5.5000000e+01
   9.8000000e+01  -5.6000000e+01
   3.3000000e+01   4.8000000e+01
   2.0000000e+01   5.7000000e+01
   2.0000000e+01  -1.1900000e+02
   2.4000000e+01  -3.0000000e+00
   2.7000000e+01  -1.1900000e+02
   2.0000000e+01   4.0000000e+01
   2.0000000e+01  -5.0000000e+01
   2.0000000e+01  -1.1800000e+02
   2.0000000e+01   1.9000000e+01
   2.0000000e+01  -4.4000000e+01
   2.0000000e+01  -7.9000000e+01
   2.0000000e+01  -1.1900000e+02
   2.2000000e+01  -1.0000000e+00
   2.0000000e+01  -1.0400000e+02
   2.0000000e+01   6.0000000e+00
   2.0000000e+01  -5.2000000e+01
   1.8200000e+02   6.0000000e+01
   2.0000000e+01  -9.5000000e+01
   2.0000000e+01  -6.0000000e+00
