   7.6600000e+02   2.8650142e+01
   1.1800000e+02  -1.0793300e+02
   1.1700000e+02  -1.2245722e+01
   2.0000000e+01  -1.0478510e+02
   1.2100000e+02   5.8663775e+01
   1.9600000e+02  -8.9955334e+01
   3.5900000e+02  -7.6065380e+00
   4.8000000e+01  -1.1209773e+02
   5.1000000e+01  -4.8987512e+01
   1.4600000e+02   2.9912461e+01
   2.2000000e+01  -8.7555782e+01
   2.0000000e+01   2.9087100e+01
   6.3000000e+01  -5.9654927e+01
   2.3000000e+01  -1.3386198e+01
   2.4000000e+01  -6.2553968e+01
   2.9000000e+01   5.9706382e+01
   2.1000000e+01  -8.6871069e+01
   2.0000000e+01  -6.1023797e+00
   6.1100000e+02  -1.0758660e+02
   1.0900000e+02  -3.0131195e+01
   3.8000000e+01  -6.5191547e+01
   4.5900000e+02   5.5860058e+01
   8.1000000e+01  -8.9239697e+01
   2.5500000e+02  -3.8522875e+01
   1.3800000e+02   5.0438528e+01
   9.8000000e+01   8.3004049e+00
   3.2900000e+02  -5.9804166e+01
   6.6000000e+01   2.9763386e+01
   2.1000000e+01  -7.8090961e+01
   2.1000000e+01   5.3865966e+01
   2.1000000e+01   3.0876648e+01
   2.3000000e+01  -5.9137938e+01
   2.1000000e+01  -2.0077301e+01
   6.9000000e+01  -1.1839786e+02
   3.1000000e+01  -1.7308759e+01
   2.2000000e+01  -1.0990926e+02
   2.2000000e+01   4.1421921e+01
   2.0000000e+01  -4.2891727e+01
   2.0000000e+01  -4.7587769e+00
   1.6100000e+02   5.7319256e+01
   3.1000000e+01  -1.0266097e+02
   3.2000000e+01   2.2930268e+01
   3.3000000e+01  -1.1833779e+02
   8.7000000e+01   4.6549517e+01
   2.2000000e+01  -5.7568398e+01
   2.3000000e+01  -9.6824516e+01
   4.7000000e+01  -4.9964046e+01
   1.6800000e+02   3.8975142e+01
   1.7200000e+02  -6.6045836e+01
   2.6000000e+01  -1.1737321e+02
   8.8000000e+01   2.3460753e+01
