   7.2200000e+02   2.9000000e+01
   6.4000000e+01  -1.0700000e+02
   2.3000000e+01  -3.0000000e+00
   3.2000000e+01  -1.0200000e+02
   1.0100000e+02   6.0000000e+01
   1.9600000e+02  -9.0000000e+01
   1.7000000e+02   2.9000000e+01
   2.8000000e+02  -8.7000000e+01
   2.1000000e+01  -3.0000000e+00
   1.1900000e+02  -6.3000000e+01
   2.0700000e+02  -1.1800000e+02
   1.1600000e+02  -4.0000000e+01
   3.1700000e+02   5.7000000e+01
   8.0000000e+01  -9.0000000e+01
   1.8100000e+02  -2.2000000e+01
   2.0000000e+01  -9.5000000e+01
   5.4000000e+02   2.9000000e+01
   5.6200000e+02  -6.0000000e+01
   2.1000000e+01   3.9000000e+01
   1.0000000e+02  -9.0000000e+01
   2.2000000e+01  -4.3000000e+01
   2.0000000e+01  -6.2000000e+01
   2.9000000e+01   2.9000000e+01
   2.2000000e+01  -1.1000000e+02
   1.0800000e+02   6.0000000e+01
   2.3000000e+01  -6.0000000e+01
   2.0000000e+01  -1.5000000e+01
   3.4000000e+01  -1.1100000e+02
   2.4000000e+01  -2.0000000e+00
   2.0000000e+01  -5.6000000e+01
   4.6000000e+01  -1.2000000e+02
   2.9000000e+01  -8.0000000e+00
   2.0000000e+01  -1.0900000e+02
   5.2500000e+02   4.6000000e+01
   2.5000000e+01  -9.3000000e+01
   1.1000000e+02   3.0000000e+01
   2.0000000e+01  -1.0300000e+02
   2.0000000e+01   1.0000000e+01
   2.0000000e+01  -8.3000000e+01
   2.0000000e+01  -1.1100000e+02
   2.2000000e+01  -1.0000000e+00
   2.1000000e+01  -5.1000000e+01
   2.9500000e+02   1.9000000e+01
   3.1000000e+01  -9.6000000e+01
   1.4000000e+02   5.6000000e+01
   2.0000000e+01  -8.2000000e+01
   2.0000000e+01   1.9000000e+01
   2.0000000e+01   2.0000000e+01
   2.0000000e+01  -1.2000000e+02
   2.0000000e+01   3.3000000e+01
   2.0000000e+01   4.3000000e+01
