   7.0900000e+02   2.9815230e+01
   3.0500000e+02  -9.0779777e+01
   6.8000000e+01  -1.0985384e+01
   2.1000000e+01  -1.1590232e+02
   4.2000000e+01   5.8720521e+01
   9.7000000e+01  -8.8196432e+01
   2.4000000e+01   8.8004756e+00
   3.7000000e+02  -1.1226716e+02
   2.3000000e+01  -4.0350888e+01
   3.3900000e+02   5.8030725e+01
   1.7300000e+02  -8.7209801e+01
   1.7700000e+02  -4.7338222e+00
   2.2000000e+01  -5.8825407e+01
   7.2000000e+01   4.8108170e+01
   3.0000000e+01  -7.3154825e+01
   2.0000000e+01  -8.2023977e+00
   2.9000000e+01  -1.1878181e+02
   6.7800000e+02  -5.2184955e+01
   5.1000000e+01  -8.8295548e+01
   8.7000000e+01  -4.1428109e+00
   4.1500000e+02  -6.9395282e+01
   1.1300000e+02   5.9908316e+01
   2.9000000e+01  -5.6796469e+01
   3.1000000e+01  -2.6888634e+01
   3.8000000e+01  -9.2354835e+01
   2.7000000e+02   3.7188595e+01
   3.8000000e+01  -2.5155234e+01
   2.2000000e+01  -1.1922504e+02
   5.6000000e+01   1.8323359e+01
   6.1000000e+01  -5.4309909e+01
   2.1000000e+01  -9.2991287e+01
   2.0000000e+01   9.9165806e+00
   2.0000000e+01  -5.5666224e+01
   1.0400000e+02   5.9816711e+01
   2.9000000e+01  -7.4198482e+01
   1.9000000e+02   2.0543816e+01
   1.4200000e+02  -5.6615155e+01
   2.9000000e+01  -9.0892635e+01
   4.9000000e+01  -4.6830451e+01
   1.4900000e+02  -8.9468938e+01
   7.6000000e+01   5.4295991e+01
   2.1000000e+01   2.1123014e+01
   6.1000000e+01  -1.1962809e+02
   2.6000000e+01  -9.9514678e+00
   2.1000000e+01  -7.9393062e+01
   3.3000000e+01   6.8231639e+00
   3.9000000e+01  -4.1265140e+01
   3.0000000e+01   5.4848517e+01
   5.1500000e+02   4.5789381e+01
   2.0000000e+01  -9.6521314e+01
   6.2100000e+02   3.9258905e+01
