   7.0100000e+02   2.9923137e+01
   1.4500000e+02  -1.0399241e+02
   2.4000000e+01  -5.0787922e-01
   2.5400000e+02  -9.2969721e+01
   1.2300000e+02   5.9873158e+01
   2.0100000e+02  -8.9920695e+01
   9.1000000e+01   3.8016858e+01
   2.8700000e+02  -8.6397695e+01
   1.3000000e+02  -2.3807192e+01
   2.0000000e+01  -1.1785077e+02
   2.6400000e+02  -3.0018669e+01
   2.1000000e+01  -6.8024830e+01
   1.4600000e+02   5.7008684e+01
   6.7000000e+02  -5.8582987e+01
   1.7700000e+02  -1.0106877e+02
   5.9000000e+01   5.9121000e+01
   2.6000000e+01  -9.8928674e+01
   3.6000000e+01  -1.9879899e+01
   2.1000000e+01  -1.1573029e+02
   5.2000000e+01  -4.1004598e+01
   3.6000000e+01  -6.8082444e+01
   4.9000000e+01   5.9981937e+01
   2.8000000e+01  -8.9749583e+01
   8.5000000e+01   6.2280230e+00
   1.3700000e+02   5.9925428e+01
   2.8000000e+01  -8.9501640e+01
   3.9000000e+01  -2.4753973e+01
   5.5000000e+01  -1.1377413e+02
   2.4400000e+02   2.6016741e+01
   6.1000000e+01  -5.1026764e+01
   1.0000000e+02   5.9523831e+01
   2.0000000e+01  -8.1454013e+01
   2.4000000e+01   1.9092748e+01
   2.0000000e+01  -1.1266797e+02
   2.0000000e+01   4.3776032e+01
   2.2000000e+01  -2.8376965e+01
   2.1000000e+01  -6.8878794e+01
   2.0000000e+01  -1.1433583e+02
   2.1000000e+01  -1.5475406e+00
   2.1000000e+01  -9.7669433e+01
   2.0000000e+01   1.3651131e+01
   2.0000000e+01   4.2148308e+01
   2.2700000e+02  -5.9933396e+01
   2.2000000e+01  -1.1638480e+02
   2.0000000e+01   3.3683178e+01
   7.6000000e+01   5.9594127e+01
   2.2000000e+01  -9.3303898e+01
   2.1000000e+01   3.0308497e+01
   5.4000000e+01   5.9700221e+01
   2.8000000e+01  -5.7027188e+01
   2.1000000e+01   3.9636407e+01
