   8.2500000e+02   2.2942092e+01
   6.1000000e+01  -1.1292042e+02
   1.1270000e+03   2.7237783e+01
   1.2000000e+02  -8.9199163e+01
   3.7000000e+01  -7.8654656e+00
   9.2000000e+01  -8.9276811e+01
   1.7500000e+02  -1.1624622e+01
   3.1000000e+01  -1.1966807e+02
   2.7000000e+01  -5.7569758e-01
   2.8000000e+01  -8.9253076e+01
   2.0000000e+01   5.7478274e+01
   2.9000000e+01  -5.6069445e+01
   1.1600000e+02   5.0999016e+01
   6.3000000e+01  -1.1949478e+02
   3.0000000e+01  -4.4631186e+01
   4.1400000e+02   4.0838919e+01
   2.9600000e+02  -5.7258924e+01
   1.7700000e+02  -8.6979659e+01
   2.2500000e+02   5.5925146e+01
   2.9000000e+01  -8.9377339e+01
   1.3100000e+02   5.5886675e+01
   2.1000000e+01  -9.6668565e+01
   4.7000000e+01  -1.2103114e+01
   8.0000000e+01  -8.6527110e+01
   2.0000000e+01   5.5079140e+01
   2.0000000e+01  -1.1232107e+02
   2.0000000e+01   3.7985064e+00
   7.5000000e+01  -9.2247271e+01
   4.4000000e+01  -4.9837135e+01
   5.1000000e+01  -7.0933536e+01
   1.6200000e+02  -1.1199984e+02
   1.3200000e+02  -3.0099090e+01
   1.5400000e+02  -9.5054993e+01
   6.5000000e+01   5.9912980e+01
   2.9000000e+01  -8.9334283e+01
   2.0000000e+01  -3.4604784e+00
   7.5000000e+01   5.9980251e+01
   2.4000000e+01  -5.9363228e+01
   2.1000000e+01  -7.7904363e+00
   2.1000000e+01  -7.6420408e+01
   2.8000000e+01  -9.5508927e+01
   2.5000000e+01  -4.3966229e+01
   5.8000000e+01   5.6843256e+01
   2.1000000e+01  -1.0504698e+02
   2.0000000e+01   2.8598107e+01
   2.1700000e+02   5.7646121e+01
   3.3000000e+01  -8.9845541e+01
   2.6000000e+01   1.3100906e+01
   3.7000000e+01  -1.1959597e+02
   2.3000000e+01  -7.8284579e+01
   2.0000000e+01  -4.1679201e+01
