   7.2100000e+02   2.9496750e+01
   3.0600000e+02  -9.0417008e+01
   6.2000000e+01  -1.4160180e+01
   2.0000000e+01  -1.1550179e+02
   1.1200000e+02   5.9941616e+01
   1.9800000e+02  -8.9807199e+01
   9.2000000e+01   2.1362506e+00
   4.8000000e+01  -1.1105512e+02
   5.7000000e+01  -5.1071563e+01
   6.7000000e+01   5.1346295e+01
   1.5000000e+02  -8.1443157e+01
   3.2300000e+02  -3.3355834e+00
   1.1000000e+02   5.9850287e+01
   2.6000000e+01  -8.9878845e+01
   4.9000000e+02   1.9245651e+01
   5.3800000e+02  -5.7419210e+01
   2.0000000e+01  -1.5786146e+00
   2.4000000e+01  -9.0014295e+01
   2.1000000e+01   5.0901388e+01
   3.0000000e+01  -8.9491713e+01
   2.3000000e+01  -4.0573930e+01
   3.1100000e+02  -8.7006467e+01
   1.3700000e+02  -1.8702561e-02
   2.2000000e+01  -6.0036664e+01
   1.1100000e+02   5.9684543e+01
   2.2000000e+01  -1.0246903e+02
   2.4000000e+01  -9.0359880e+00
   3.9000000e+01  -1.0011225e+02
   2.8000000e+01   2.8950941e+01
   2.0000000e+01  -4.4124682e+01
   1.0400000e+02  -1.6558083e+01
   7.4000000e+01  -9.5617069e+01
   3.0000000e+01   3.7123068e+01
   8.5000000e+01  -6.9890693e+01
   3.4000000e+01  -1.1686603e+02
   2.0000000e+01  -3.5132489e+01
   2.9500000e+02   5.5318732e+01
   2.5000000e+01  -9.5544131e+01
   9.9000000e+01   5.1194386e+01
   2.5000000e+01  -5.8615710e+01
   2.0000000e+01   1.7554176e+01
   2.0000000e+01  -1.4317666e+01
   2.2700000e+02  -8.8105554e+01
   7.4000000e+01  -1.3051847e+01
   3.4800000e+02  -3.6495970e+01
   2.2000000e+01  -1.1119994e+02
   4.2000000e+01  -2.5633976e+01
   4.6000000e+01  -5.8565322e+01
   2.0000000e+01  -1.1332638e+02
   2.9000000e+01  -1.4406387e+01
   2.1000000e+01  -8.6356485e+01
