   4.5700000e+02   2.9000000e+01
   4.9000000e+01  -1.0400000e+02
   2.9000000e+01  -5.0000000e+00
   2.3000000e+01  -1.1100000e+02
   1.8500000e+02   6.0000000e+01
   2.2400000e+02  -9.0000000e+01
   5.1200000e+02   2.9000000e+01
   7.8000000e+01  -1.1600000e+02
   3.4000000e+01  -2.1000000e+01
   2.0000000e+01  -1.2000000e+02
   6.7000000e+01   6.0000000e+01
   1.8700000e+02  -8.6000000e+01
   1.0000000e+02   5.9000000e+01
   2.6500000e+02  -6.0000000e+01
   2.8000000e+01  -1.8000000e+01
   5.5600000e+02  -5.1000000e+01
   4.8000000e+01  -1.1800000e+02
   2.6800000e+02  -4.8000000e+01
   2.3000000e+01  -6.6000000e+01
   2.0000000e+01  -1.1700000e+02
   2.0000000e+01  -3.8000000e+01
   3.5900000e+02   4.0000000e+01
   3.2000000e+01  -8.9000000e+01
   4.9000000e+01   3.7000000e+01
   4.2000000e+01  -1.1400000e+02
   4.3000000e+01  -1.0000000e+00
   4.0800000e+02  -8.7000000e+01
   6.4000000e+02   3.9000000e+01
   1.1700000e+02  -5.3000000e+01
   1.1200000e+02  -9.0000000e+00
   2.3000000e+01   2.8000000e+01
   2.4000000e+01  -1.0300000e+02
   4.5000000e+01   1.8000000e+01
   2.2000000e+01   5.7000000e+01
   2.0000000e+01  -9.3000000e+01
   2.0000000e+01  -2.5000000e+01
   5.8000000e+01  -1.0700000e+02
   2.2000000e+01  -5.5000000e+01
   2.3000000e+01   1.6000000e+01
   3.4000000e+01  -6.0000000e+01
   2.0000000e+01  -1.3000000e+01
   2.2000000e+01  -6.2000000e+01
   2.0000000e+01  -1.1000000e+01
   2.1000000e+01  -3.0000000e+01
   2.1000000e+01  -5.4000000e+01
   2.4600000e+02   5.8000000e+01
   2.0000000e+01  -9.4000000e+01
   6.1000000e+01   1.8000000e+01
   2.8000000e+01  -7.0000000e+01
   5.0000000e+01   3.7000000e+01
   2.6000000e+01  -1.0300000e+02
