   6.4600000e+02   2.9000000e+01
   5.3000000e+01  -1.0900000e+02
   2.2000000e+01  -1.0000000e+00
   2.1000000e+01  -1.0600000e+02
   1.0000000e+02   6.0000000e+01
   1.9600000e+02  -9.0000000e+01
   1.7100000e+02   2.9000000e+01
   2.8100000e+02  -8.7000000e+01
   2.0000000e+01  -1.0000000e+00
   8.4000000e+01  -1.1800000e+02
   2.0400000e+02   5.3000000e+01
   6.8600000e+02  -5.9000000e+01
   4.5000000e+01  -4.1000000e+01
   4.2000000e+01  -1.2000000e+02
   3.3000000e+01  -4.6000000e+01
   1.3000000e+02   6.0000000e+01
   7.0000000e+01  -8.7000000e+01
   2.1000000e+01  -6.0000000e+00
   2.0000000e+01  -6.0000000e+01
   2.0000000e+01  -1.2000000e+01
   4.5300000e+02  -6.9000000e+01
   6.3000000e+01   6.0000000e+01
   2.0000000e+01  -9.5000000e+01
   2.1000000e+01   3.7000000e+01
   5.8000000e+01  -1.2000000e+02
   2.0000000e+01  -3.2000000e+01
   2.0000000e+01  -7.4000000e+01
   2.0000000e+01   3.4000000e+01
   2.0000000e+01  -6.6000000e+01
   2.0000000e+01   8.0000000e+00
   2.0000000e+01  -3.6000000e+01
   2.0000000e+01  -1.1700000e+02
   2.0000000e+01  -1.1000000e+01
   1.7800000e+02   6.0000000e+01
   2.0000000e+01  -9.5000000e+01
   2.0000000e+01   2.3000000e+01
   2.0000000e+01  -1.0000000e+01
   2.0000000e+01  -1.1100000e+02
   2.0000000e+01   2.4000000e+01
   2.0000000e+01  -5.8000000e+01
   2.0000000e+01  -1.0600000e+02
   2.0000000e+01  -1.9000000e+01
   1.4500000e+02  -1.3000000e+01
   7.5000000e+01  -9.0000000e+01
   1.6700000e+02   4.4000000e+01
   2.0000000e+01  -1.1800000e+02
   2.0000000e+01  -4.6000000e+01
   2.0000000e+01  -3.5000000e+01
   2.0000000e+01  -1.0300000e+02
   2.0000000e+01  -1.1400000e+02
   2.0000000e+01  -7.7000000e+01
