   6.4500000e+02   2.9000000e+01
   5.3000000e+01  -1.0900000e+02
   2.2000000e+01  -1.0000000e+00
   3.3000000e+01  -9.7000000e+01
   9.9000000e+01   6.0000000e+01
   1.9500000e+02  -9.0000000e+01
   1.7000000e+02   2.9000000e+01
   2.8100000e+02  -8.7000000e+01
   2.0000000e+01  -1.0000000e+00
   2.0000000e+01  -1.1800000e+02
   2.0000000e+01  -3.1000000e+01
   2.0000000e+01  -7.4000000e+01
   2.9700000e+02   5.6000000e+01
   7.7000000e+01  -9.0000000e+01
   5.0300000e+02  -2.1000000e+01
   2.1000000e+01  -8.4000000e+01
   5.8000000e+01   6.0000000e+01
   1.0070000e+03  -6.0000000e+01
   2.0000000e+01  -8.1000000e+01
   2.0000000e+01   2.7000000e+01
   2.0000000e+01  -5.1000000e+01
   1.0100000e+02   6.0000000e+01
   2.3000000e+01  -6.0000000e+01
   2.0000000e+01  -2.0000000e+01
   2.0000000e+01   2.7000000e+01
   2.0000000e+01  -1.0700000e+02
   2.0000000e+01   2.8000000e+01
   3.0700000e+02  -6.0000000e+01
   2.0000000e+01  -9.9000000e+01
   2.0000000e+01  -1.3000000e+01
   6.0000000e+01   6.0000000e+01
   2.0000000e+01  -9.8000000e+01
   2.6000000e+01   4.2000000e+01
   2.0000000e+01  -1.0300000e+02
   2.1000000e+01  -1.0000000e+00
   2.0000000e+01  -4.0000000e+01
   2.3000000e+01  -1.2000000e+02
   2.0000000e+01  -3.2000000e+01
   2.0000000e+01  -6.7000000e+01
   3.1000000e+01  -1.1800000e+02
   3.2000000e+01  -9.0000000e+00
   2.0000000e+01  -6.4000000e+01
   2.0000000e+01  -5.4000000e+01
   2.0000000e+01  -1.1900000e+02
   2.0000000e+01   4.3000000e+01
   2.3200000e+02   5.8000000e+01
   2.7000000e+01  -9.2000000e+01
   2.8000000e+01   8.0000000e+00
   2.3000000e+01  -1.2000000e+02
   2.0000000e+01   5.1000000e+01
   2.0000000e+01   2.0000000e+00
