   6.9400000e+02   2.9634966e+01
   1.1200000e+02  -1.0861490e+02
   2.3000000e+01  -3.9964880e+00
   2.1800000e+02   5.8453699e+01
   3.4700000e+02  -8.9949768e+01
   3.3100000e+02  -4.6440651e+01
   6.8100000e+02   2.5732848e+01
   2.5800000e+02  -8.1062116e+01
   2.1000000e+01   4.0462533e+01
   3.6000000e+01  -1.1977731e+02
   1.9000000e+02  -7.9408955e+00
   2.0000000e+01  -1.1812653e+02
   4.3000000e+02   3.6016548e+01
   9.3000000e+01  -8.7545423e+01
   3.5000000e+01  -2.1477524e+01
   2.0000000e+01  -7.9662044e+01
   4.0000000e+01   2.6982942e+01
   3.6600000e+02  -5.5104228e+01
   9.0000000e+01   5.9577283e+01
   2.0000000e+01  -6.5018210e+00
   2.8000000e+02  -5.7902910e+01
   2.0000000e+01   3.5866029e+00
   6.7000000e+01  -1.1723085e+02
   2.0000000e+01  -3.0466896e+01
   1.3100000e+02   1.1251800e+01
   5.1000000e+01  -8.8185742e+01
   9.0000000e+01   1.7201125e+01
   2.4600000e+02   4.8363964e+01
   3.4000000e+01  -1.1198381e+02
   2.4000000e+01   3.3931311e+01
   9.1000000e+01   5.8700792e+01
   4.3000000e+01  -5.9022147e+01
   8.4000000e+01   2.1365919e+01
   4.2000000e+01  -9.3163332e+01
   3.3000000e+01  -1.5036736e+01
   4.7000000e+01  -2.5491680e+01
   6.2000000e+01  -1.1941649e+02
   2.0000000e+01   1.0071599e+01
   2.2000000e+01  -8.8995592e+01
   3.3400000e+02   5.5651157e+01
   2.1000000e+01  -9.9053408e+01
   3.2000000e+01   3.4879465e+01
   2.1000000e+01   5.4984284e+01
   2.8000000e+01  -1.1956627e+02
   2.0000000e+01  -2.2410899e+01
   7.3200000e+02  -4.0588115e+00
   2.7000000e+01  -1.1066992e+02
   2.6000000e+01  -4.1271514e+01
   4.1000000e+01  -1.1359779e+02
   3.3000000e+01  -8.8254865e+00
   3.1000000e+01  -1.0194175e+02
