   9.6600000e+02   2.4000000e+01
   3.3700000e+02  -8.8000000e+01
   1.4200000e+02  -2.5000000e+01
   8.7000000e+01  -1.2000000e+02
   7.2000000e+01   6.0000000e+01
   5.6000000e+01  -1.0800000e+02
   1.1200000e+02   6.0000000e+01
   2.8000000e+01  -9.0000000e+01
   2.2000000e+01  -3.0000000e+00
   2.0000000e+01  -1.1600000e+02
   7.3100000e+02  -2.7000000e+01
   1.6800000e+02  -7.6000000e+01
   5.1000000e+01   1.3000000e+01
   3.6000000e+01  -1.1700000e+02
   2.7000000e+01  -4.0000000e+01
   2.1000000e+01  -6.2000000e+01
   6.2000000e+01   6.0000000e+01
   3.2100000e+02  -6.0000000e+01
   8.3000000e+01   6.0000000e+01
   2.6000000e+01  -5.9000000e+01
   2.0000000e+01  -1.2000000e+01
   4.4000000e+01  -1.1900000e+02
   2.6000000e+01  -1.0000000e+01
   2.0000000e+01  -7.1000000e+01
   2.5000000e+01   6.0000000e+01
   3.2000000e+01  -8.9000000e+01
   2.0000000e+01  -4.0000000e+00
   2.0000000e+01  -3.8000000e+01
   2.0000000e+01  -1.1800000e+02
   2.3000000e+01   5.6000000e+01
   2.4400000e+02   5.4000000e+01
   2.8000000e+01  -9.0000000e+01
   2.1000000e+01   2.1000000e+01
   5.2000000e+01  -8.9000000e+01
   7.7000000e+01   1.6000000e+01
   3.0000000e+01  -5.8000000e+01
   1.2200000e+02   5.9000000e+01
   2.5000000e+01  -9.1000000e+01
   2.3000000e+01   4.4000000e+01
   4.0000000e+01  -1.2000000e+02
   2.2000000e+01   1.7000000e+01
   2.0000000e+01  -6.0000000e+01
   2.3000000e+01   5.6000000e+01
   2.1000000e+01  -1.1400000e+02
   2.0000000e+01   1.0000000e+00
   3.9000000e+01  -1.1500000e+02
   3.4000000e+01  -1.9000000e+01
   2.0000000e+01  -1.0600000e+02
   5.2200000e+02   4.0000000e+01
   2.8000000e+01  -1.1300000e+02
   2.1000000e+01   5.7000000e+01
