   7.0900000e+02   2.9418440e+01
   2.9600000e+02  -9.1339714e+01
   8.5000000e+01  -5.2605003e+00
   5.2000000e+01  -6.2111306e+01
   1.1000000e+02   5.9778964e+01
   2.0900000e+02  -8.9903065e+01
   1.7600000e+02  -5.8937766e-02
   4.1000000e+01  -1.1351199e+02
   5.3000000e+01  -5.1941910e+01
   3.3000000e+01   5.1822401e+01
   2.9000000e+01  -8.9589436e+01
   2.0000000e+01   2.9161235e+01
   5.2400000e+02   4.4628724e+01
   6.3000000e+01  -8.9420262e+01
   6.4500000e+02  -2.8561232e+01
   6.1000000e+01  -8.9111795e+01
   1.6000000e+02   4.5421886e+01
   6.3100000e+02  -5.6802295e+01
   8.7200000e+02  -6.2825223e+00
   2.2000000e+01  -1.1795710e+02
   4.1000000e+01   3.1279802e+01
   2.2500000e+02  -5.2583404e+01
   6.2000000e+01  -1.1490068e+02
   2.2000000e+01  -4.0451784e+01
   2.0100000e+02   5.7578183e+01
   2.5000000e+01  -9.3758197e+01
   2.8000000e+02   1.8752061e+01
   2.1000000e+01  -6.2948689e+01
   2.1000000e+01   5.8981017e+01
   2.3000000e+01  -5.9447973e+01
   2.9000000e+01  -2.5298425e+01
   2.0000000e+01  -1.1537634e+02
   2.0000000e+01  -1.3085785e+01
   3.1000000e+01  -9.1026793e+01
   2.0000000e+01   2.7420786e+01
   3.5000000e+01  -3.1076902e+01
   5.3000000e+01  -1.1835473e+02
   4.6000000e+01  -2.6045570e+01
   2.0000000e+01  -9.3464269e+01
   1.7100000e+02  -6.9258052e+00
   4.6000000e+01  -8.8391691e+01
   2.0800000e+02   3.9752976e+01
   3.7100000e+02  -6.4841027e-01
   2.4000000e+01  -1.1680494e+02
   1.3500000e+02  -6.2358145e+00
   2.1200000e+02   5.5020554e+01
   3.6000000e+01  -9.9742889e+01
   7.3500000e+02   4.5077981e+01
   2.1000000e+01  -9.7752560e+01
   6.4200000e+02   1.6734725e+01
   4.3100000e+02  -3.8831520e+01
