   6.9200000e+02   2.8000000e+01
   5.3000000e+01  -1.0900000e+02
   2.8000000e+01  -5.0000000e+00
   2.8000000e+01  -9.7000000e+01
   9.9000000e+01   6.0000000e+01
   1.9600000e+02  -9.0000000e+01
   2.0000000e+01   1.9000000e+01
   1.5800000e+02  -9.0000000e+01
   2.1000000e+01  -6.0000000e+00
   2.0000000e+01  -1.1800000e+02
   2.0000000e+01  -3.3000000e+01
   2.0000000e+01  -7.2000000e+01
   1.3300000e+02   6.0000000e+01
   2.4100000e+02  -8.7000000e+01
   2.1000000e+01  -4.3000000e+01
   1.6900000e+02   2.9000000e+01
   2.0000000e+01  -3.9000000e+01
   2.0000000e+01  -1.1100000e+02
   4.4000000e+01   6.0000000e+01
   2.6000000e+01  -6.0000000e+01
   2.0000000e+01  -2.0000000e+01
   4.4000000e+01  -9.0000000e+01
   1.1000000e+02   5.5000000e+01
   1.4100000e+02  -6.0000000e+01
   2.0000000e+01  -1.1700000e+02
   2.0000000e+01  -2.1000000e+01
   2.0000000e+01  -9.4000000e+01
   7.7200000e+02   2.8000000e+01
   2.5000000e+01  -1.0200000e+02
   3.2200000e+02  -5.0000000e+00
   1.1300000e+02   3.7000000e+01
   2.1000000e+01  -9.7000000e+01
   9.9000000e+01   1.7000000e+01
   1.5900000e+02   5.9000000e+01
   5.0000000e+01  -9.0000000e+01
   3.6000000e+01   4.4000000e+01
   2.2300000e+02   5.3000000e+01
   2.6000000e+01  -9.4000000e+01
   1.4800000e+02  -6.0000000e+00
   4.0000000e+01  -1.1900000e+02
   6.4000000e+01  -4.7000000e+01
   5.9000000e+01  -6.9000000e+01
   1.0300000e+02   1.0000000e+01
   1.0200000e+02  -1.1900000e+02
   2.2200000e+02   3.0000000e+01
   2.0000000e+01  -1.1900000e+02
   2.0000000e+01   1.3000000e+01
   2.0000000e+01  -5.9000000e+01
   4.2800000e+02   6.0000000e+01
   2.0000000e+01  -8.7000000e+01
   5.3000000e+01   6.0000000e+01
