   8.0500000e+02   2.8000000e+01
   2.0200000e+02  -9.8000000e+01
   5.1000000e+01  -2.2000000e+01
   2.0000000e+01  -1.1500000e+02
   4.7400000e+02   6.0000000e+01
   2.3600000e+02  -9.0000000e+01
   1.0900000e+02  -5.0000000e+00
   4.3000000e+01  -1.1300000e+02
   3.0000000e+01  -3.8000000e+01
   6.5000000e+01   6.0000000e+01
   2.0000000e+02  -8.5000000e+01
   2.5000000e+01  -3.8000000e+01
   7.0000000e+01  -2.0000000e+00
   2.6000000e+01  -9.0000000e+01
   2.0000000e+01   9.0000000e+00
   9.5000000e+01   6.0000000e+01
   2.9800000e+02  -6.0000000e+01
   2.3000000e+01  -1.9000000e+01
   2.3000000e+01  -1.1100000e+02
   2.0000000e+01   5.8000000e+01
   2.0000000e+01  -3.7000000e+01
   2.0000000e+01   2.3000000e+01
   3.3000000e+01  -9.0000000e+01
   2.0000000e+01   1.3000000e+01
   4.5000000e+01  -1.2000000e+02
   4.9000000e+01  -4.5000000e+01
   1.1800000e+02  -6.4000000e+01
   1.6500000e+02   6.0000000e+01
   2.0000000e+01  -9.3000000e+01
   2.0000000e+01   2.7000000e+01
   2.5000000e+01  -9.0000000e+01
   2.7000000e+01  -1.7000000e+01
   2.1000000e+01   2.0000000e+01
   4.4000000e+01  -7.9000000e+01
   1.5200000e+02   4.7000000e+01
   3.7000000e+01  -5.6000000e+01
   2.0000000e+01  -1.0000000e+01
   2.7000000e+01  -1.1600000e+02
   2.1000000e+01  -1.6000000e+01
   2.0000000e+01  -6.9000000e+01
   2.0000000e+01   1.6000000e+01
   2.0000000e+01  -3.4000000e+01
   2.1000000e+01  -4.5000000e+01
   2.0000000e+01  -1.1700000e+02
   2.0000000e+01   3.5000000e+01
   5.1000000e+01   6.0000000e+01
   2.0000000e+01  -1.1300000e+02
   2.0000000e+01  -3.6000000e+01
   2.2000000e+01  -1.1800000e+02
   2.0000000e+01   1.3000000e+01
   2.1000000e+01  -6.3000000e+01
