   7.3000000e+02   2.9000000e+01
   1.2600000e+02  -9.5000000e+01
   8.2000000e+01  -4.0000000e+00
   2.1000000e+01  -5.9000000e+01
   3.5300000e+02   4.1000000e+01
   1.9600000e+02  -9.0000000e+01
   2.4000000e+01   5.0000000e+00
   4.2000000e+01  -1.1400000e+02
   2.8000000e+01  -1.4000000e+01
   2.0000000e+01  -1.1800000e+02
   4.0000000e+01   6.0000000e+01
   1.3000000e+02  -8.6000000e+01
   1.1700000e+02   5.7000000e+01
   2.8700000e+02  -5.9000000e+01
   2.1000000e+01  -1.9000000e+01
   5.7000000e+01  -1.2000000e+02
   2.7000000e+01  -4.1000000e+01
   2.2000000e+01  -8.1000000e+01
   3.3800000e+02   5.2000000e+01
   1.4000000e+02  -9.0000000e+01
   2.2000000e+01  -1.0000000e+00
   2.0000000e+01  -1.1600000e+02
   2.7000000e+01  -6.0000000e+01
   2.0000000e+01   1.4000000e+01
   2.6000000e+01  -9.0000000e+01
   2.7000000e+01   6.0000000e+01
   2.1000000e+01  -7.8000000e+01
   1.2200000e+02   5.4000000e+01
   2.9000000e+01  -1.1500000e+02
   6.3000000e+01   1.6000000e+01
   5.1000000e+01  -5.8000000e+01
   2.2000000e+01  -1.1200000e+02
   2.0000000e+01  -8.2000000e+01
   1.0200000e+02   6.0000000e+01
   2.6000000e+01  -6.0000000e+01
   5.4000000e+01  -2.0000000e+01
   9.0000000e+01   8.0000000e+00
   2.5000000e+01  -1.0200000e+02
   2.8000000e+01   3.4000000e+01
   1.4500000e+02   3.1000000e+01
   3.8000000e+01  -8.5000000e+01
   2.1400000e+02  -1.4000000e+01
   2.0000000e+01  -9.4000000e+01
   2.3000000e+01  -2.2000000e+01
   2.0000000e+01  -1.4000000e+01
   2.6000000e+01  -1.2000000e+02
   2.6000000e+01  -8.0000000e+00
   2.1000000e+01  -8.2000000e+01
   1.5100000e+02   5.3000000e+01
   2.8000000e+01  -9.4000000e+01
   1.0100000e+02   2.5000000e+01
