   1.0400000e+03   2.3284619e+01
   9.0000000e+01  -1.0963500e+02
   3.9000000e+01  -2.2719493e+01
   2.1000000e+01  -1.1198050e+02
   1.9000000e+02   5.5125193e+01
   2.0900000e+02  -8.9985524e+01
   2.5000000e+01   2.8437093e+01
   3.6000000e+01  -1.1940091e+02
   3.2000000e+01  -1.8484239e+01
   2.0000000e+01  -1.1235924e+02
   2.3000000e+01  -3.7900452e+01
   2.0000000e+01  -6.5401037e+01
   1.7000000e+02   5.4006076e+01
   2.4200000e+02  -5.9953401e+01
   1.7700000e+02  -8.6926687e+01
   2.0000000e+01   4.5593586e+01
   3.0000000e+01  -8.9453591e+01
   2.4000000e+01  -1.0620803e+01
   1.0900000e+02  -5.8612810e+01
   2.0000000e+01   2.2044912e+01
   2.0000000e+01  -7.3218689e+01
   8.7500000e+02   2.9468488e+01
   3.5000000e+01  -9.7452281e+01
   4.6000000e+01  -2.7046313e+01
   2.4000000e+01  -3.6408800e+01
   2.4000000e+01  -1.0665710e+02
   6.0000000e+01   4.9342874e+01
   2.8000000e+01  -7.3378298e+01
   2.3000000e+01   4.7699421e+00
   2.0000000e+01  -7.8459881e+01
   2.1000000e+01  -4.2699266e+01
   3.0000000e+01  -1.1820306e+02
   2.3000000e+01  -3.8471195e+01
   1.0400000e+02   5.9962865e+01
   3.4000000e+01  -5.8383360e+01
   2.4000000e+01   4.8779714e+01
   2.4100000e+02  -2.7640849e+01
   2.1000000e+01  -1.0419391e+02
   7.1000000e+01   6.8127218e+00
   7.5000000e+01  -2.8405876e+01
   2.2000000e+01  -1.0866153e+02
   2.0000000e+01  -5.3841460e+01
   2.1000000e+01   2.3264375e+01
   2.2000000e+01  -1.1653139e+02
   2.0000000e+01   4.2803277e+01
   1.5800000e+02   5.9820014e+01
   2.1000000e+01  -9.3191094e+01
   2.4000000e+01  -2.9141357e+01
   2.5000000e+01  -1.1690471e+02
   2.5000000e+01   5.1973224e+01
   2.2000000e+01   3.7375541e+01
