   4.7500000e+02   2.9670620e+01
   3.1100000e+02  -8.7009504e+01
   2.5000000e+01  -1.3388516e+00
   2.2000000e+01  -1.1152875e+02
   6.8000000e+01   5.9289529e+01
   1.2200000e+02  -9.3568132e+01
   5.4700000e+02   2.9952416e+01
   8.8000000e+01  -8.9925224e+01
   2.0000000e+01   5.0125856e+01
   1.5000000e+02  -5.9436687e+01
   3.3000000e+01  -5.4782426e+00
   2.0000000e+01  -1.0193751e+02
   1.9900000e+02   5.7778157e+01
   3.8000000e+01  -8.9798001e+01
   1.3500000e+02  -1.2340984e+01
   4.3000000e+01  -1.1664359e+02
   4.2000000e+01  -4.4234357e+01
   2.1000000e+01  -7.2569512e+01
   2.9000000e+01  -1.1943726e+02
   2.1000000e+01  -3.5244983e+01
   2.1000000e+01  -6.9230707e+01
   2.5000000e+01  -1.8082286e+01
   1.1200000e+02   5.9988795e+01
   3.2000000e+01  -5.5891532e+01
   3.5000000e+01   2.9890304e+01
   2.9000000e+01  -1.1203554e+02
   2.0000000e+01   2.7594283e+01
   1.2900000e+02  -8.6995849e+01
   2.0000000e+01   2.8681641e+01
   2.1000000e+01  -8.5642288e+01
   9.1000000e+01  -4.9179363e-01
   2.0000000e+01  -4.1267276e+01
   2.1000000e+01  -5.2293790e+01
   3.4600000e+02   4.6251833e+01
   2.0000000e+01  -9.3037245e+01
   2.0000000e+01   5.9647329e+01
   3.1000000e+01  -1.1352915e+02
   3.8000000e+01  -2.4511240e+01
   8.6000000e+01  -3.5504147e+01
   2.1000000e+01  -2.7032385e+01
   2.1000000e+01  -1.1298719e+02
   2.1000000e+01  -2.5978272e+01
   2.4000000e+01  -1.1136598e+02
   1.0500000e+02  -2.6990474e+01
   2.1100000e+02  -2.6524477e+01
   2.0000000e+01   8.9167310e+00
   3.2000000e+01  -8.8458586e+01
   2.1000000e+01   5.5605083e+01
   1.1000000e+02   5.8161218e+01
   2.8000000e+01  -5.7072608e+01
   2.0000000e+01  -1.2532125e+01
