   7.3200000e+02   2.9000000e+01
   1.6600000e+02  -1.0300000e+02
   4.6100000e+02  -4.0000000e+00
   2.3000000e+01  -1.0400000e+02
   1.0900000e+02   6.0000000e+01
   1.9900000e+02  -9.0000000e+01
   7.2700000e+02   1.7000000e+01
   4.6700000e+02  -8.0000000e+01
   1.1800000e+02  -3.9000000e+01
   2.3000000e+01  -1.1200000e+02
   2.1000000e+01  -3.5000000e+01
   2.0000000e+01  -8.2000000e+01
   1.5000000e+02   6.0000000e+01
   6.8000000e+01  -8.9000000e+01
   5.5000000e+01  -2.9000000e+01
   3.2000000e+01  -1.1800000e+02
   6.8000000e+01  -6.0000000e+00
   1.6600000e+02  -8.8000000e+01
   1.1600000e+02   6.0000000e+01
   3.7200000e+02  -5.5000000e+01
   2.0000000e+01   4.5000000e+01
   1.0800000e+02  -5.9000000e+01
   4.0800000e+02  -5.2000000e+01
   2.0000000e+01  -1.0700000e+02
   2.0000000e+01   4.0000000e+00
   2.1000000e+01  -6.0000000e+01
   2.1000000e+01   6.0000000e+01
   2.0800000e+02   5.9000000e+01
   2.1000000e+01  -9.9000000e+01
   2.4000000e+01   2.9000000e+01
   2.7000000e+01  -3.0000000e+01
   2.1000000e+01  -1.1200000e+02
   2.3000000e+01   2.8000000e+01
   2.0000000e+01  -5.7000000e+01
   2.0000000e+01  -1.2000000e+02
   2.0000000e+01  -2.9000000e+01
   2.1000000e+01  -7.9000000e+01
   2.0000000e+01   4.4000000e+01
   2.0000000e+01  -1.1500000e+02
   4.9000000e+01   5.8000000e+01
   2.0000000e+01  -1.0500000e+02
   3.2000000e+01  -2.7000000e+01
   2.4800000e+02   5.4000000e+01
   3.0000000e+01  -9.0000000e+01
   2.3000000e+01   5.0000000e+01
   2.0000000e+01  -1.1800000e+02
   2.1000000e+01  -4.2000000e+01
   2.0000000e+01   7.0000000e+00
   6.0000000e+01  -1.1700000e+02
   8.9000000e+01  -1.4000000e+01
   1.8200000e+02  -6.7000000e+01
