   1.1050000e+03   2.9000000e+01
   3.6500000e+02  -8.9000000e+01
   5.2700000e+02  -1.6000000e+01
   2.2000000e+01  -1.1600000e+02
   4.0000000e+01  -2.4000000e+01
   2.0000000e+01  -6.2000000e+01
   2.5500000e+02   4.1000000e+01
   2.1700000e+02  -1.1100000e+02
   1.0100000e+02  -3.4000000e+01
   2.2000000e+01  -1.1100000e+02
   2.5800000e+02   3.5000000e+01
   1.0200000e+02  -8.7000000e+01
   9.4000000e+01   6.0000000e+01
   6.2700000e+02  -6.0000000e+01
   2.9000000e+01  -2.4000000e+01
   2.2000000e+01  -1.1400000e+02
   7.1000000e+01   2.7000000e+01
   7.1000000e+02  -5.4000000e+01
   1.0600000e+02   6.0000000e+01
   2.0000000e+01  -1.0700000e+02
   5.4000000e+01  -2.8000000e+01
   6.0000000e+01  -9.0000000e+01
   7.1000000e+01   1.6000000e+01
   9.5000000e+01  -3.8000000e+01
   3.3300000e+02   6.0000000e+01
   3.8000000e+01  -9.0000000e+01
   2.1000000e+01  -5.0000000e+00
   6.0000000e+01  -8.0000000e+00
   4.8000000e+01  -9.0000000e+01
   6.2000000e+01   5.7000000e+01
   4.2000000e+01  -9.3000000e+01
   3.1000000e+01   1.1000000e+01
   1.8000000e+02  -1.1900000e+02
   2.1000000e+01   5.3000000e+01
   2.0000000e+01  -4.9000000e+01
   2.0000000e+01  -8.7000000e+01
   1.1400000e+02   6.0000000e+01
   2.0000000e+01  -2.2000000e+01
   2.1000000e+01  -5.9000000e+01
   3.2000000e+01  -1.1200000e+02
   1.9600000e+02  -6.0000000e+01
   8.1000000e+01   2.4000000e+01
   2.0000000e+01  -1.4000000e+01
   2.2000000e+01  -1.1300000e+02
   2.0000000e+01  -3.6000000e+01
   2.2900000e+02   5.2000000e+01
   4.9000000e+01  -5.4000000e+01
   2.6000000e+01   4.5000000e+01
   2.5000000e+01  -1.2000000e+02
   2.0000000e+01  -1.1000000e+01
   2.1000000e+01   3.6000000e+01
