   6.5800000e+02   2.9306581e+01
   1.5900000e+02  -1.0181251e+02
   3.7000000e+02  -1.5906680e+01
   2.3000000e+01  -1.1145576e+02
   1.3700000e+02   5.7049419e+01
   1.9800000e+02  -8.9786807e+01
   1.0400000e+02  -7.2081003e+00
   3.3000000e+01  -8.8264793e+01
   2.3000000e+01  -4.1040585e+01
   6.0000000e+01   2.9761706e+01
   3.6000000e+01  -1.1895132e+02
   2.7000000e+01  -4.3856315e+01
   4.7700000e+02   2.5457757e+01
   2.8000000e+01  -8.9758397e+01
   9.2800000e+02  -3.6308384e+01
   1.9800000e+02   5.8765025e+01
   4.5600000e+02  -5.8198416e+01
   7.5700000e+02  -3.2222848e+00
   5.7000000e+01  -4.7118063e+01
   3.2000000e+01  -1.1818472e+02
   8.5000000e+01   1.4164548e+01
   1.6500000e+02   5.9698499e+01
   2.7000000e+01  -8.9946003e+01
   2.2000000e+01   2.2763550e+01
   3.3000000e+01  -9.7719336e+01
   6.9000000e+01   5.5865764e+01
   2.7000000e+01  -9.5496446e+00
   3.7000000e+01  -1.1014536e+02
   1.5700000e+02   2.3252718e+01
   3.6000000e+01   2.6399181e+01
   2.7000000e+01  -9.9849620e+01
   2.0000000e+01   5.3247112e+01
   2.0000000e+01  -1.0202772e+02
   6.0000000e+01  -1.1405366e+02
   7.7000000e+01  -2.2304421e+01
   2.1000000e+02  -7.4776447e+01
   1.3100000e+02  -3.0068332e+01
   5.0500000e+02  -1.1410971e+02
   1.4100000e+02  -7.8517636e+01
   2.1000000e+01  -1.1463381e+02
   3.4000000e+01  -2.0838540e+01
   2.0000000e+01  -8.8711772e+01
   3.2100000e+02   5.9181489e+01
   7.9000000e+01  -8.7382346e+01
   2.1000000e+01  -1.6099947e+01
   5.0000000e+01  -1.1441123e+02
   1.1700000e+02   3.6941447e+01
   1.4600000e+02  -3.3483806e+01
   9.6000000e+01   5.9746779e+01
   2.0000000e+01  -7.7280396e+01
   2.0000000e+01   3.2206659e+01
