   8.7200000e+02   2.5000000e+01
   1.6800000e+02  -1.0100000e+02
   6.8000000e+01  -2.0000000e+00
   2.1000000e+01  -1.1600000e+02
   1.2900000e+02   5.8000000e+01
   4.8000000e+01  -9.0000000e+01
   2.2000000e+01  -4.0000000e+00
   6.2000000e+01  -9.0000000e+01
   2.7000000e+01  -1.6000000e+01
   2.4000000e+01  -1.1400000e+02
   3.2000000e+01   1.7000000e+01
   3.8000000e+01  -8.8000000e+01
   2.5000000e+01  -1.2000000e+01
   3.6000000e+01  -1.1200000e+02
   4.6000000e+01  -3.5000000e+01
   5.8600000e+02   4.8000000e+01
   4.6000000e+01  -9.0000000e+01
   1.9900000e+02   2.8000000e+01
   3.2000000e+01  -1.1300000e+02
   3.6800000e+02   3.7000000e+01
   6.6600000e+02  -5.7000000e+01
   2.4000000e+01   1.1000000e+01
   2.0000000e+01  -6.0000000e+01
   2.0000000e+01   5.5000000e+01
   5.5000000e+01  -1.2000000e+02
   2.4000000e+01  -4.0000000e+01
   2.3000000e+01  -8.8000000e+01
   2.2400000e+02   5.6000000e+01
   5.7000000e+01  -5.8000000e+01
   1.3800000e+02   2.8000000e+01
   3.8000000e+01   4.9000000e+01
   2.0000000e+01  -9.3000000e+01
   2.1000000e+01  -6.0000000e+00
   4.0000000e+01  -9.3000000e+01
   2.0000000e+01  -2.8000000e+01
   2.0000000e+01  -1.4000000e+01
   8.0000000e+01  -8.7000000e+01
   2.1000000e+01  -1.1800000e+02
   2.0000000e+01   4.2000000e+01
   9.7000000e+01  -6.0000000e+01
   2.2000000e+01  -1.2000000e+01
   2.0000000e+01  -6.3000000e+01
   6.6000000e+01   6.0000000e+01
   2.0000000e+01  -9.4000000e+01
   2.3000000e+01   4.5000000e+01
   5.0000000e+01  -9.7000000e+01
   3.2100000e+02   2.9000000e+01
   1.8000000e+02  -6.4000000e+01
   2.4000000e+01  -3.5000000e+01
   2.5000000e+01  -9.3000000e+01
   2.4000000e+01  -5.0000000e+01
