   9.0100000e+02   2.6490041e+01
   1.9400000e+02  -8.7165509e+01
   2.4000000e+01  -8.2629851e+00
   3.5000000e+01  -1.1665639e+02
   3.3000000e+01  -1.7035417e+01
   2.0000000e+01  -1.1143714e+02
   9.3000000e+01   5.6425188e+01
   3.6000000e+01  -1.1013358e+02
   3.7000000e+01   5.8104302e+01
   1.7400000e+02  -8.6395742e+01
   2.0000000e+01   1.5367498e+01
   2.0000000e+01  -6.1490948e+01
   2.0000000e+01  -1.1632109e+02
   1.7500000e+02   5.9871579e+01
   2.9000000e+01  -8.9911531e+01
   7.9000000e+01   1.8947726e+01
   2.4100000e+02  -5.9958918e+01
   3.2000000e+01  -2.6457101e+01
   3.2500000e+02  -5.9553972e+01
   2.6000000e+01  -1.1171163e+02
   2.8800000e+02  -4.9332221e+01
   3.8000000e+01   5.4077940e+01
   5.6000000e+01  -1.1657450e+02
   2.5000000e+01  -3.6225167e+01
   1.2100000e+02   5.9879781e+01
   2.6000000e+01  -1.1772227e+02
   2.0000000e+01  -8.2108282e-01
   2.4800000e+02  -8.8944535e+01
   3.1000000e+01  -1.4352443e+01
   3.2000000e+01  -6.3856233e+01
   1.2000000e+02   5.9594213e+01
   2.5000000e+01  -5.8932647e+01
   2.9000000e+01  -2.3049065e+01
   6.4000000e+01   5.5969431e+01
   4.3000000e+01  -1.1024299e+02
   1.3600000e+02   2.3446713e+01
   2.3000000e+01  -1.1961271e+02
   2.2000000e+01   2.1608102e+01
   1.9500000e+02  -5.1096384e+01
   2.0000000e+02   5.5987899e+01
   2.2000000e+01  -1.1194370e+02
   2.1000000e+01   5.1390451e+01
   2.0000000e+01  -1.0167852e+02
   2.0000000e+01  -5.2407261e+00
   2.1000000e+01  -3.3797060e+01
   5.4000000e+01  -1.1962647e+02
   2.0000000e+01   4.1294668e+01
   2.2000000e+01  -3.0493558e+01
   2.0000000e+01   2.3116331e+00
   2.1000000e+01  -1.1494976e+02
   2.0000000e+01  -4.5783007e+01
