   6.4600000e+02   2.9000000e+01
   5.3000000e+01  -1.0900000e+02
   2.2000000e+01  -1.0000000e+00
   2.0000000e+01  -1.0100000e+02
   9.8000000e+01   6.0000000e+01
   1.9600000e+02  -9.0000000e+01
   1.7100000e+02   2.9000000e+01
   2.9700000e+02  -8.6000000e+01
   2.1000000e+01  -1.0000000e+00
   2.0000000e+01  -1.1700000e+02
   2.0000000e+01  -3.2000000e+01
   2.0000000e+01  -8.5000000e+01
   2.1200000e+02   6.0000000e+01
   1.2800000e+02  -9.0000000e+01
   1.7300000e+02  -4.5000000e+01
   1.8700000e+02   4.7000000e+01
   2.5300000e+02  -5.9000000e+01
   2.5900000e+02  -2.1000000e+01
   2.0000000e+01   5.5000000e+01
   2.0000000e+01  -9.7000000e+01
   2.0000000e+01  -2.0000000e+01
   1.3700000e+02  -9.0000000e+01
   2.0000000e+01  -0.0000000e+00
   2.0000000e+01  -6.7000000e+01
   2.0000000e+01  -4.0000000e+01
   2.0000000e+01  -1.1800000e+02
   2.0000000e+01  -4.3000000e+01
   5.8000000e+01   5.1000000e+01
   1.6800000e+02  -5.7000000e+01
   1.6500000e+02  -1.0200000e+02
   1.2000000e+02   6.0000000e+01
   2.4000000e+01  -6.0000000e+01
   2.0000000e+01   2.1000000e+01
   2.0000000e+01   3.5000000e+01
   2.0000000e+01  -1.0800000e+02
   2.0000000e+01   5.6000000e+01
   2.0000000e+01   1.8000000e+01
   2.0000000e+01  -1.0600000e+02
   2.0000000e+01   8.0000000e+00
   2.2000000e+01  -1.1900000e+02
   8.1000000e+01  -5.0000000e+00
   4.0000000e+01  -8.7000000e+01
   1.1600000e+02   6.0000000e+01
   2.0000000e+01  -7.9000000e+01
   2.0000000e+01  -2.0000000e+00
   2.2000000e+01  -1.2000000e+02
   2.0000000e+01  -4.2000000e+01
   2.0000000e+01  -1.7000000e+01
   4.5000000e+01  -1.2000000e+02
   2.6000000e+01  -6.0000000e+00
   2.0000000e+01  -4.5000000e+01
