   6.4600000e+02   2.9000000e+01
   5.3000000e+01  -1.0900000e+02
   2.2000000e+01  -3.0000000e+00
   4.2000000e+01  -8.9000000e+01
   9.9000000e+01   6.0000000e+01
   1.1000000e+02  -9.0000000e+01
   2.3000000e+01   5.0000000e+00
   4.6000000e+01  -1.2000000e+02
   3.8000000e+01  -1.6000000e+01
   2.0000000e+01  -1.1700000e+02
   2.1000000e+01  -3.5000000e+01
   2.0000000e+01  -7.5000000e+01
   9.2000000e+01   4.9000000e+01
   9.7000000e+01  -9.0000000e+01
   2.0000000e+01  -4.0000000e+01
   2.0000000e+01  -9.3000000e+01
   4.3600000e+02   2.9000000e+01
   2.1000000e+01  -6.0000000e+01
   1.4400000e+02   5.9000000e+01
   7.6000000e+01  -9.0000000e+01
   3.2000000e+01  -1.9000000e+01
   4.2700000e+02   2.9000000e+01
   2.0000000e+01  -5.8000000e+01
   2.0000000e+01  -1.0500000e+02
   7.7000000e+01   6.0000000e+01
   2.1000000e+01  -8.3000000e+01
   3.3000000e+01  -2.3000000e+01
   2.2000000e+01  -1.2000000e+02
   2.3000000e+01  -3.0000000e+00
   2.0000000e+01  -3.5000000e+01
   4.2000000e+01  -9.0000000e+01
   2.0000000e+01   4.1000000e+01
   2.0000000e+01   9.0000000e+00
   5.3000000e+01   6.0000000e+01
   2.0000000e+01  -9.5000000e+01
   2.2000000e+01   2.1000000e+01
   2.0000000e+01   3.4000000e+01
   2.0000000e+01  -1.0300000e+02
   2.0000000e+01  -2.3000000e+01
   2.0000000e+01  -1.4000000e+01
   2.2000000e+01  -1.2000000e+02
   2.0000000e+01  -3.6000000e+01
   3.5700000e+02   5.6000000e+01
   2.8000000e+01  -9.2000000e+01
   1.1700000e+02   2.4000000e+01
   2.0000000e+01  -1.0400000e+02
   2.0000000e+01  -5.2000000e+01
   2.0000000e+01   2.4000000e+01
   6.1000000e+01  -1.2000000e+02
   3.2000000e+01   5.1000000e+01
   2.9000000e+01   1.1000000e+01
