   6.9800000e+02   2.9727556e+01
   1.1900000e+02  -1.0963604e+02
   6.3000000e+02  -2.5026696e+00
   4.9000000e+01  -9.8094910e+01
   1.0900000e+02   5.9950936e+01
   2.1200000e+02  -8.8545930e+01
   2.4000000e+02  -2.4075721e+00
   3.7000000e+01  -1.1689744e+02
   3.3000000e+01  -4.6513579e+01
   3.8500000e+02   2.6883276e+01
   3.7000000e+01  -7.1864512e+01
   2.9000000e+01   2.4426479e+01
   4.1000000e+01  -5.4768478e+01
   2.4800000e+02   4.6309615e+01
   2.4600000e+02  -8.6898271e+01
   1.1200000e+02   5.8578701e+01
   3.2000000e+01  -5.7220189e+01
   4.7300000e+02  -4.4106728e-01
   7.6000000e+01  -1.1812370e+02
   2.1000000e+01  -3.2082779e+01
   2.0000000e+01  -9.8407813e+01
   2.1000000e+01   3.7277615e+01
   2.6000000e+01  -8.9983035e+01
   2.2000000e+01   2.2484711e+01
   2.1400000e+02   5.7923986e+01
   2.9000000e+01  -8.9530473e+01
   2.0000000e+01   2.9665748e+01
   7.8000000e+01  -9.3663248e+01
   3.4100000e+02  -2.6312579e+00
   3.4300000e+02  -9.9331309e+01
   2.2000000e+01  -4.4959739e+00
   2.0000000e+01  -6.4611137e+01
   2.0000000e+01  -6.6796227e+01
   2.0000000e+01   8.0405836e+00
   2.0000000e+01  -1.1586540e+02
   2.0000000e+01  -6.4134394e+01
   8.9000000e+01   5.9931639e+01
   2.3000000e+01  -9.1174708e+01
   3.8000000e+01   4.6538381e+01
   2.2000000e+01  -4.7861201e+01
   2.0000000e+01  -1.1842958e+02
   2.0000000e+01  -3.3419079e+01
   4.5000000e+01  -8.7949087e+01
   2.7000000e+01  -1.0456775e+01
   9.1000000e+01  -5.5556963e+01
   3.4200000e+02   3.3711812e+01
   3.7000000e+01  -8.9780948e+01
   6.9000000e+01   6.8743920e+00
   2.6000000e+01  -1.1947105e+02
   2.9000000e+01  -1.3892914e+01
   2.0000000e+01  -3.7804939e+01
