   5.8600000e+02   2.7000000e+01
   1.3800000e+02  -1.0200000e+02
   2.9000000e+01  -8.0000000e+00
   3.3000000e+01  -1.1000000e+02
   1.2300000e+02   5.9000000e+01
   2.1300000e+02  -8.9000000e+01
   5.0000000e+01   2.5000000e+01
   7.4000000e+01  -1.0500000e+02
   4.8000000e+01  -4.3000000e+01
   2.0000000e+01  -7.4000000e+01
   9.5000000e+01  -1.0000000e+00
   2.1000000e+01  -7.8000000e+01
   2.0700000e+02   4.7000000e+01
   2.2000000e+01  -9.5000000e+01
   1.1000000e+02  -4.0000000e+00
   5.8000000e+01  -9.0000000e+01
   8.5400000e+02   2.7000000e+01
   3.1300000e+02  -6.0000000e+01
   1.3300000e+02   6.0000000e+01
   2.2200000e+02  -9.0000000e+01
   2.0000000e+01  -3.8000000e+01
   1.6700000e+02  -5.0000000e+00
   2.5000000e+01  -9.0000000e+01
   2.2000000e+01   5.2000000e+01
   3.1100000e+02  -6.0000000e+01
   3.4000000e+01  -1.1600000e+02
   2.2000000e+01  -5.5000000e+01
   6.7000000e+01   5.9000000e+01
   4.2000000e+01  -1.5000000e+01
   4.9000000e+01  -5.0000000e+01
   2.0100000e+02   5.3000000e+01
   2.2000000e+01  -1.1200000e+02
   8.7000000e+01   1.9000000e+01
   2.0000000e+01  -1.1900000e+02
   2.2000000e+01   2.5000000e+01
   2.0000000e+01   5.9000000e+01
   2.0000000e+01  -1.1700000e+02
   2.1000000e+01  -2.9000000e+01
   2.0000000e+01  -3.8000000e+01
   5.6900000e+02  -7.0000000e+01
   2.2700000e+02  -1.8000000e+01
   4.3000000e+01  -5.2000000e+01
   2.1000000e+01  -1.1600000e+02
   2.6000000e+01  -6.0000000e+00
   2.1000000e+01  -1.0000000e+02
   1.7000000e+02   5.5000000e+01
   3.8000000e+01  -1.1100000e+02
   4.1000000e+02   4.6000000e+01
   5.1000000e+01  -7.2000000e+01
   2.5700000e+02  -6.0000000e+00
   2.8900000e+02  -1.0600000e+02
