   7.1900000e+02   2.9019820e+01
   1.9100000e+02  -9.6746447e+01
   8.5000000e+01  -1.1420668e+01
   2.1000000e+01  -1.1237771e+02
   3.1000000e+02   5.2415558e+01
   3.5200000e+02  -8.9032167e+01
   2.9000000e+02   2.8596384e+01
   7.4000000e+01  -1.1463518e+02
   6.0000000e+01  -1.6564087e+01
   2.0000000e+01  -1.1833873e+02
   2.6000000e+01  -4.1358663e+01
   2.0000000e+01  -6.9403750e+01
   1.4700000e+02   4.8981496e+01
   7.3000000e+01  -8.7328127e+01
   1.9000000e+02  -6.8056205e+00
   2.2000000e+01  -5.7591486e+01
   9.1000000e+01  -8.8649247e+01
   2.1000000e+01  -4.0281429e+01
   5.1000000e+01  -7.3467539e+01
   9.8000000e+01   5.9770850e+01
   3.7100000e+02  -5.2805128e+01
   3.8100000e+02   2.5021091e+01
   3.4000000e+01  -8.8535157e+01
   1.2200000e+02  -1.6755016e+01
   2.0000000e+01  -1.1579501e+02
   2.0000000e+01   2.6312852e+01
   2.0000000e+01   5.4600916e+01
   2.8000000e+01  -9.2817646e+01
   7.7000000e+01   5.9566840e+01
   2.0000000e+01   2.6797425e+01
   2.1000000e+01  -1.2060031e+01
   3.6000000e+01  -9.5715035e+01
   2.8000000e+01   5.5114437e+01
   2.2000000e+01  -1.1208773e+02
   7.3300000e+02  -4.2215036e+00
   2.4300000e+02   5.0072529e+01
   2.4000000e+01  -5.9031884e+01
   2.0000000e+01   4.9277784e+01
   2.1000000e+01   3.9717667e+01
   2.0000000e+01  -8.8347878e+00
   2.1000000e+01  -7.8410320e+01
   2.0000000e+01  -1.8024650e+01
   5.7000000e+01  -1.0319014e+02
   4.7500000e+02  -3.0126158e+01
   3.5100000e+02  -7.3856553e+01
   9.0000000e+01  -5.4155045e+01
   1.2400000e+02  -3.0092345e+01
   1.6500000e+02  -6.1582001e+01
   2.0000000e+01  -1.0561635e+02
   2.4000000e+01   1.1260899e+00
   2.0000000e+01  -5.4169058e+01
