   7.2800000e+02   2.9000000e+01
   2.6300000e+02  -9.3000000e+01
   1.3300000e+02  -2.2000000e+01
   2.1000000e+01  -9.9000000e+01
   8.4600000e+02   4.3000000e+01
   2.3200000e+02  -9.0000000e+01
   4.3000000e+01   2.4000000e+01
   4.7000000e+01  -1.1300000e+02
   4.2000000e+01  -3.9000000e+01
   1.7600000e+02   4.6000000e+01
   7.7000000e+01  -8.8000000e+01
   5.9000000e+01  -9.0000000e+00
   8.7000000e+01  -9.0000000e+01
   3.8000000e+01  -2.5000000e+01
   2.1000000e+01  -8.8000000e+01
   1.0300000e+02   5.9000000e+01
   4.5600000e+02  -6.0000000e+01
   2.4100000e+02  -5.0000000e+01
   2.4000000e+01   5.4000000e+01
   2.4000000e+01  -1.1900000e+02
   2.2000000e+01  -5.6000000e+01
   2.6000000e+01  -4.9000000e+01
   3.2000000e+01  -1.1800000e+02
   2.2000000e+01  -4.5000000e+01
   8.5000000e+01   6.0000000e+01
   2.9000000e+01  -9.0000000e+01
   2.5000000e+01  -2.7000000e+01
   1.0300000e+02   6.0000000e+01
   2.0000000e+01  -9.3000000e+01
   2.0000000e+01   2.4000000e+01
   1.0400000e+02  -1.6000000e+01
   5.6000000e+01  -1.0200000e+02
   2.5100000e+02   2.0000000e+01
   2.7500000e+02  -9.0000000e+01
   3.0000000e+01  -2.0000000e+01
   2.0000000e+01  -7.8000000e+01
   1.4700000e+02   2.8000000e+01
   4.5600000e+02  -4.3000000e+01
   3.3300000e+02   2.8000000e+01
   3.3000000e+01  -5.6000000e+01
   7.3000000e+01   6.0000000e+01
   2.6000000e+01  -5.8000000e+01
   2.0000000e+01  -2.2000000e+01
   3.6000000e+01  -9.6000000e+01
   2.0000000e+01  -2.0000000e+00
   2.7000000e+01  -1.1100000e+02
   1.1500000e+02   4.5000000e+01
   8.9000000e+01   1.0000000e+00
   5.7000000e+01   3.9000000e+01
   2.0000000e+01  -9.5000000e+01
   2.1000000e+01   3.5000000e+01
