   7.6800000e+02   2.8305482e+01
   1.2500000e+02  -1.1017933e+02
   4.3400000e+02  -2.3851337e+00
   2.0000000e+01  -1.1416742e+02
   1.1300000e+02   5.9702443e+01
   2.1800000e+02  -8.8021382e+01
   2.3700000e+02  -7.7839526e+00
   4.2400000e+02  -8.7189909e+01
   2.4500000e+02  -4.0222537e+01
   5.2400000e+02   2.4437038e+01
   8.0000000e+01  -9.2676965e+01
   2.5000000e+02   2.8670316e+01
   4.5000000e+01  -8.9109981e+01
   8.1000000e+01   5.9794861e+01
   9.9000000e+01  -5.2865721e+01
   3.4000000e+02   2.9271084e+01
   6.5000000e+01  -8.8221095e+01
   2.3000000e+01  -3.9007498e+01
   3.0000000e+01  -1.3753708e+01
   3.9000000e+01  -1.1414551e+02
   3.9000000e+01  -3.9040762e+01
   2.1000000e+01  -6.2238139e+01
   2.0000000e+01   2.7800009e+01
   2.0000000e+01  -5.9643288e+01
   9.3000000e+01   5.9975598e+01
   2.8000000e+01  -9.5887604e+01
   2.7000000e+01  -1.3121774e+01
   2.5000000e+01  -9.6225901e+01
   2.0000000e+01   7.1299606e+00
   2.0000000e+01   5.7427803e+01
   5.2000000e+01   5.9979733e+01
   2.5000000e+01  -5.9179306e+01
   2.1000000e+01  -5.3918481e-01
   5.7000000e+01   4.3725379e+01
   5.2000000e+01  -9.2403125e+01
   1.4800000e+02   3.5781908e+01
   2.0000000e+01   4.2557542e+01
   2.0000000e+01  -1.1440505e+02
   2.1000000e+01  -2.6343962e+01
   5.7000000e+01  -1.1937936e+02
   2.8000000e+01   1.9329488e+01
   2.2000000e+01  -7.8957305e+01
   2.2000000e+01  -1.1692597e+01
   2.1000000e+01  -1.1430007e+02
   2.0000000e+01  -7.5770002e+01
   2.8000000e+01   5.8666972e+01
   2.0000000e+01  -9.6747017e+01
   2.0000000e+01  -2.5554979e+01
   1.6000000e+02   5.9424882e+01
   2.3000000e+01  -9.1399260e+01
   2.0000000e+01   5.0424949e+01
