   6.4500000e+02   2.9000000e+01
   5.3000000e+01  -1.0900000e+02
   2.2000000e+01  -1.0000000e+00
   2.1000000e+01  -1.0700000e+02
   1.0100000e+02   6.0000000e+01
   1.9600000e+02  -9.0000000e+01
   3.6700000e+02   1.8000000e+01
   2.8000000e+02  -8.7000000e+01
   2.2000000e+01  -3.0000000e+00
   2.0000000e+01  -1.1900000e+02
   2.0000000e+01  -3.3000000e+01
   2.0000000e+01  -7.2000000e+01
   1.3300000e+02   6.0000000e+01
   6.9000000e+01  -8.7000000e+01
   2.2000000e+01  -1.0000000e+00
   7.7200000e+02  -6.0000000e+01
   2.1000000e+01  -0.0000000e+00
   2.0000000e+01  -7.7000000e+01
   1.2600000e+02   5.7000000e+01
   3.2000000e+01  -5.7000000e+01
   2.1000000e+01   2.9000000e+01
   5.4000000e+01  -1.0300000e+02
   1.6900000e+02   1.3000000e+01
   2.7600000e+02  -8.0000000e+01
   2.3000000e+01   5.4000000e+01
   2.3000000e+01  -1.0100000e+02
   2.1000000e+01  -3.3000000e+01
   4.2500000e+02   5.1000000e+01
   3.2000000e+01  -1.1800000e+02
   5.8000000e+01   5.0000000e+01
   2.5000000e+01  -4.6000000e+01
   3.1000000e+01  -1.0200000e+02
   2.7000000e+01  -5.0000000e+00
   1.4500000e+02   6.0000000e+01
   2.0000000e+01  -9.5000000e+01
   2.0000000e+01  -3.0000000e+00
   2.0000000e+01  -1.0200000e+02
   2.0000000e+01   3.5000000e+01
   2.0000000e+01  -4.3000000e+01
   2.0000000e+01  -5.0000000e+00
   3.1000000e+01  -1.2000000e+02
   2.0000000e+01  -5.1000000e+01
   2.0000000e+01   5.0000000e+00
   2.0000000e+01  -3.6000000e+01
   2.0000000e+01  -5.8000000e+01
   2.9000000e+01  -1.2000000e+02
   2.4000000e+01  -2.0000000e+00
   2.0000000e+01  -8.3000000e+01
   2.0000000e+01  -9.8000000e+01
   2.0000000e+01  -1.1600000e+02
   2.0000000e+01   4.0000000e+01
