   4.2400000e+02   2.9893505e+01
   2.9000000e+01  -1.1313129e+02
   3.0000000e+01  -1.3746827e+01
   3.0000000e+01  -1.1934767e+02
   3.6000000e+01  -1.6535337e+01
   2.1000000e+01  -5.7814539e+01
   2.2000000e+01  -1.1669311e+02
   1.1400000e+02   5.9939666e+01
   3.4800000e+02  -8.7925278e+01
   2.3300000e+02   2.4370098e+01
   3.6000000e+01  -8.8055191e+01
   2.4100000e+02   1.9307177e+01
   4.2000000e+01  -9.9809109e+01
   9.3000000e+01   5.9992328e+01
   5.7400000e+02  -5.9847365e+01
   3.2800000e+02   2.9951064e+01
   3.8000000e+01  -1.1684273e+02
   2.2000000e+01  -3.4837046e+01
   2.5000000e+01  -7.5351742e+01
   1.1900000e+02   5.9540719e+01
   7.1000000e+01  -8.6750523e+01
   6.3000000e+01   5.8905087e+01
   3.9000000e+01  -5.4590956e+01
   4.1000000e+01  -2.8827284e+01
   2.0000000e+01  -1.1266744e+02
   1.0100000e+02  -6.7361518e-01
   2.1000000e+01  -6.0044562e+01
   6.7000000e+01   5.8310466e+01
   2.9000000e+01  -1.1120049e+02
   3.3000000e+01  -5.7071464e+01
   2.0000000e+01  -9.0884794e+01
   4.7400000e+02  -5.8065827e+00
   1.7000000e+02  -4.8654893e+01
   1.4000000e+02  -1.1453546e+02
   4.0200000e+02  -3.0091283e+01
   8.9000000e+01  -8.6361143e+01
   2.1000000e+01  -3.6357311e+00
   2.0000000e+01  -9.5242576e+01
   2.2000000e+01   4.3490877e+01
   2.1500000e+02   5.7990033e+01
   2.8000000e+01  -8.9863620e+01
   3.6000000e+01   2.3653821e+01
   2.3000000e+01  -1.1264335e+02
   2.1000000e+01   1.7974581e+01
   2.0000000e+01  -4.4461052e+01
   2.1000000e+01  -6.1536440e+01
   6.6000000e+01   5.9745364e+01
   2.0000000e+01  -2.3763107e+01
   3.6000000e+01   5.7545043e+01
   2.0000000e+01  -8.3462657e+01
   2.0000000e+01   3.9093511e+01
