   8.7400000e+02   2.6773163e+01
   1.3500000e+02  -1.0541093e+02
   9.8000000e+01  -2.1259793e+01
   2.0000000e+02   5.6878548e+01
   3.1000000e+02  -8.8858047e+01
   6.9400000e+02  -3.0142284e+01
   2.6000000e+01  -1.1475401e+02
   2.5000000e+01  -4.1376500e+01
   2.0000000e+01  -6.2944433e+01
   7.3000000e+01   5.8137522e+01
   2.2900000e+02  -8.4577943e+01
   5.4700000e+02  -8.0658467e+00
   2.9000000e+01  -8.9107254e+01
   4.0800000e+02   2.9960748e+01
   3.1000000e+01  -5.5843421e+01
   2.3000000e+01  -2.2838235e+01
   2.1000000e+01  -1.1326094e+02
   2.2000000e+01  -3.8151436e+01
   2.0000000e+01  -1.8886733e+01
   2.9000000e+01  -1.1227059e+02
   2.1000000e+01   5.7809698e+01
   8.8000000e+01   5.9182199e+01
   2.8000000e+01  -5.7013702e+01
   2.0000000e+01  -2.1360706e+01
   4.0000000e+01  -7.9720467e+01
   2.2000000e+01  -1.1449307e+02
   2.0000000e+01   5.0553609e+00
   3.1300000e+02   4.5702153e+01
   2.0000000e+01  -1.1740383e+02
   4.7500000e+02   3.6823859e+01
   2.0000000e+01  -9.6102857e+01
   2.0000000e+01   5.9710044e+01
   2.0000000e+01   1.7643594e+01
   3.6000000e+01  -1.1636957e+02
   2.0000000e+01  -1.1061323e+01
   2.0000000e+01  -8.3175816e+01
   5.8000000e+01  -1.1738290e+02
   2.0000000e+01   3.7208742e+01
   2.0000000e+01  -9.8853157e+01
   1.4500000e+02   5.6909811e+01
   2.4000000e+01  -5.9315942e+01
   2.0000000e+01  -3.5246064e+00
   3.3000000e+01  -9.6708868e+01
   1.7500000e+02   2.6571912e+01
   2.3000000e+01  -3.4382922e+00
   2.1800000e+02   5.6486879e+01
   3.7000000e+01  -8.8539058e+01
   1.2600000e+02   3.2619134e+01
   4.3000000e+01  -1.1940743e+02
   2.5000000e+01  -6.8896454e+00
   2.0000000e+01  -8.4214098e+01
