   9.4500000e+02   2.4000000e+01
   9.5000000e+01  -1.1100000e+02
   2.2000000e+01  -1.0000000e+00
   4.0900000e+02   4.1000000e+01
   2.1800000e+02  -9.0000000e+01
   2.0000000e+01   6.0000000e+01
   2.3000000e+01  -1.1300000e+02
   2.0000000e+01   2.1000000e+01
   2.8000000e+01  -7.3000000e+01
   2.2000000e+01  -4.6000000e+01
   3.2000000e+01  -1.1700000e+02
   2.5000000e+01  -4.2000000e+01
   1.2500000e+02   6.0000000e+01
   1.7300000e+02  -8.4000000e+01
   3.2000000e+01  -2.2000000e+01
   5.3000000e+01  -1.1700000e+02
   2.8000000e+01  -1.2000000e+01
   2.2000000e+01  -9.6000000e+01
   4.9100000e+02   3.4000000e+01
   1.8300000e+02  -5.4000000e+01
   7.5700000e+02  -3.0000000e+00
   1.1100000e+02  -3.8000000e+01
   4.5000000e+01  -9.0000000e+01
   8.5300000e+02   2.7000000e+01
   2.1100000e+02  -1.8000000e+01
   4.1000000e+01  -1.1000000e+02
   1.3700000e+02   5.7000000e+01
   9.6100000e+02  -5.6000000e+01
   4.0900000e+02   3.0000000e+00
   2.9800000e+02  -5.0000000e+01
   1.6300000e+02   6.0000000e+01
   2.8000000e+01  -9.0000000e+01
   3.6300000e+02  -1.3000000e+01
   6.5000000e+01  -1.2000000e+02
   2.4000000e+01   1.0000000e+00
   5.0000000e+01  -6.1000000e+01
   2.1000000e+01  -3.4000000e+01
   2.0000000e+01  -2.4000000e+01
   2.0000000e+01  -8.2000000e+01
   9.0000000e+01   6.0000000e+01
   2.2000000e+01  -9.8000000e+01
   2.6000000e+01   5.1000000e+01
   2.8800000e+02   1.1000000e+01
   2.3000000e+01  -1.1100000e+02
   3.0000000e+01  -4.2000000e+01
   2.2000000e+01   5.0000000e+00
   2.1000000e+01  -1.0200000e+02
   2.0000000e+01   3.0000000e+00
   2.1000000e+01   4.5000000e+01
   2.6000000e+01  -9.0000000e+01
   2.0000000e+01  -5.3000000e+01
