   6.9200000e+02   2.8000000e+01
   5.3000000e+01  -1.0900000e+02
   2.2000000e+01  -1.0000000e+00
   2.0000000e+01  -1.0800000e+02
   1.0000000e+02   6.0000000e+01
   1.9600000e+02  -9.0000000e+01
   2.0000000e+01   2.6000000e+01
   1.6200000e+02  -9.0000000e+01
   2.4000000e+01  -3.0000000e+00
   2.0000000e+01  -1.1700000e+02
   2.3000000e+01  -3.9000000e+01
   2.0000000e+01  -6.1000000e+01
   1.3200000e+02   6.0000000e+01
   6.9000000e+01  -8.7000000e+01
   2.2000000e+01  -1.0000000e+00
   6.3000000e+01  -9.0000000e+01
   7.4000000e+01   6.0000000e+01
   2.4600000e+02  -6.0000000e+01
   4.2600000e+02   2.9000000e+01
   2.0000000e+01  -4.7000000e+01
   2.1000000e+01  -1.0600000e+02
   4.6400000e+02  -5.2000000e+01
   2.0000000e+01  -1.1900000e+02
   2.0000000e+01  -3.3000000e+01
   5.9000000e+01  -6.7000000e+01
   2.3700000e+02   2.7000000e+01
   2.2000000e+01  -6.0000000e+01
   1.9300000e+02   5.8000000e+01
   2.0000000e+01  -9.6000000e+01
   5.4000000e+01  -2.0000000e+01
   2.0000000e+01  -1.0100000e+02
   2.0000000e+01  -2.2000000e+01
   2.0000000e+01  -3.0000000e+00
   2.0000000e+01  -1.1800000e+02
   2.0000000e+01  -2.6000000e+01
   2.0000000e+01  -3.9000000e+01
   2.2700000e+02   5.6000000e+01
   2.7000000e+01  -9.3000000e+01
   4.3000000e+01   5.5000000e+01
   2.3000000e+01  -6.0000000e+01
   2.0000000e+01   2.0000000e+00
   2.0000000e+01  -5.2000000e+01
   1.4300000e+02  -5.0000000e+00
   2.0000000e+01  -1.1700000e+02
   1.5100000e+02   1.5000000e+01
   5.4000000e+01  -1.2000000e+02
   2.0000000e+01   4.2000000e+01
   2.0000000e+01  -2.0000000e+00
   1.1700000e+02  -8.3000000e+01
   5.4000000e+01  -9.0000000e+00
   1.0600000e+02  -3.8000000e+01
