   7.8000000e+02   2.7877205e+01
   2.4100000e+02  -9.4629153e+01
   1.8400000e+02  -1.4634021e+01
   2.2000000e+01  -9.1802564e+01
   1.9100000e+02   5.9995540e+01
   2.2600000e+02  -8.9765635e+01
   7.5000000e+01   5.6604990e+01
   3.7000000e+02  -8.6888118e+01
   2.0000000e+01  -3.8399123e+01
   3.1100000e+02   2.9428056e+01
   3.0000000e+01  -1.1100817e+02
   7.6400000e+02  -6.5982949e+00
   3.8000000e+01  -8.7712066e+01
   2.3200000e+02   2.5199155e+01
   2.1700000e+02  -5.3806032e+01
   2.4800000e+02   3.1441258e+01
   5.9000000e+01  -8.8323748e+01
   4.9900000e+02  -3.7945863e+00
   8.5000000e+01   5.9517076e+01
   4.8000000e+01  -5.8333262e+01
   2.1000000e+01   1.0954703e+01
   2.9200000e+02  -1.4420256e+01
   2.8800000e+02  -5.7026773e+01
   1.0700000e+02   5.1406987e+01
   4.1000000e+01  -1.1906617e+02
   2.1000000e+01  -3.4091396e+01
   2.4000000e+01  -6.3278728e+01
   2.8000000e+01   2.5635027e+01
   3.4000000e+01  -1.1796124e+02
   2.0000000e+01  -5.3688815e+01
   9.2000000e+01  -2.7722984e+01
   2.9000000e+01  -1.1835184e+02
   1.2100000e+02  -3.0116031e+01
   2.0000000e+01  -8.3633568e+01
   2.1000000e+01  -1.1552424e+02
   2.1000000e+01   5.4956794e+01
   2.0000000e+01  -6.9353810e+01
   2.2000000e+01  -1.8547984e+01
   2.0000000e+01  -5.8472345e+01
   1.5200000e+02   5.9692255e+01
   2.0000000e+01  -1.1222654e+02
   2.1000000e+01  -2.6825788e+01
   2.0000000e+01  -4.2470751e+00
   2.0000000e+01  -9.2155394e+01
   2.0000000e+01   3.8516392e+00
   2.0000000e+01   3.6783223e+01
   2.2000000e+01  -1.1399771e+02
   2.0000000e+01  -1.5445360e+01
   2.2700000e+02   5.2354501e+01
   3.5000000e+01  -1.1170515e+02
   3.5000000e+01  -4.8728657e+01
