   6.8100000e+02   2.9955696e+01
   1.0300000e+02  -1.1025629e+02
   3.1000000e+02  -2.1132248e+01
   3.1000000e+01  -8.9984584e+01
   1.1700000e+02   5.8970265e+01
   1.9800000e+02  -8.9953060e+01
   3.9000000e+01  -1.9861255e-01
   4.0000000e+01  -1.1389373e+02
   4.3000000e+01  -4.8923639e+01
   4.8000000e+01   5.8335122e+01
   3.3000000e+01  -8.9401146e+01
   3.4300000e+02  -5.5487973e+00
   3.2000000e+01  -8.9215597e+01
   2.0000000e+01   5.2809934e+01
   2.0000000e+01  -1.1671681e+02
   1.3300000e+02  -4.8756601e+01
   7.7500000e+02   2.9923921e+01
   7.0100000e+02  -5.9567709e+01
   1.7300000e+02   5.9938941e+01
   3.0000000e+01  -8.9718222e+01
   2.6000000e+01  -1.6275480e+01
   2.0000000e+01   5.4620908e+01
   2.1000000e+01  -1.1230318e+02
   2.0000000e+01  -2.7577880e+01
   4.5000000e+01  -8.9899164e+01
   7.4000000e+01   1.4777255e+00
   1.6000000e+02  -3.8827728e+01
   4.6000000e+01  -1.1957828e+02
   2.3000000e+01  -3.7569948e+01
   2.0000000e+01  -1.1784502e+02
   9.2000000e+01   5.7760405e+01
   2.0000000e+01  -9.8444881e+01
   2.1000000e+01   5.6600178e+01
   4.7000000e+01   5.9574033e+01
   2.7000000e+01  -5.8346070e+01
   2.1000000e+01   3.5179271e+01
   2.0000000e+01   5.1911214e+01
   2.0000000e+01  -1.0250583e+02
   2.2000000e+01   2.0764500e+01
   4.3000000e+01  -1.1623302e+02
   2.0000000e+01   2.8853168e+01
   2.0000000e+01  -5.9824653e+01
   1.5300000e+02  -8.9649984e+01
   2.2000000e+01  -7.7845133e+00
   2.1000000e+01  -7.0129168e+01
   2.0000000e+01  -1.0647134e+01
   2.0000000e+01  -1.1198477e+02
   2.1000000e+01  -8.6086484e+01
   1.0300000e+02   5.2968348e+01
   2.3000000e+01  -1.0509205e+02
   3.5700000e+02  -4.1093658e+01
