   7.5700000e+02   2.8628574e+01
   4.2100000e+02  -1.0389926e+02
   3.1000000e+01  -1.2598409e+01
   1.3900000e+02   5.9978399e+01
   2.2900000e+02  -8.9555387e+01
   2.3000000e+01  -9.5654053e+00
   3.8000000e+01  -9.4423311e+01
   9.1000000e+01   4.4128932e+01
   1.4400000e+02  -8.2659033e+01
   3.5900000e+02   1.6455189e+01
   2.1000000e+01  -1.1339083e+02
   6.4000000e+01  -3.0799292e+01
   1.2600000e+02   5.2889333e+01
   2.0300000e+02  -7.3446195e+01
   6.5800000e+02  -2.9874948e+01
   7.3000000e+01  -8.7148569e+01
   7.6300000e+02   3.9352437e+01
   4.8300000e+02  -5.9832215e+01
   2.4000000e+01   2.0019415e+01
   7.1000000e+01  -1.1521165e+02
   2.1000000e+01  -3.0764697e+01
   9.6000000e+01  -1.1096026e+02
   1.7800000e+02  -3.0009550e+01
   4.5000000e+01  -7.2381484e+01
   2.0000000e+01  -1.1317014e+02
   7.2000000e+01   5.9886140e+01
   2.9000000e+01  -4.6478870e+01
   1.7500000e+02   5.7242923e+01
   2.2000000e+01  -1.1233510e+02
   3.1000000e+01   2.1667783e+01
   7.3000000e+01  -2.5430372e+01
   1.5200000e+02  -8.7759530e+01
   1.3200000e+02  -1.2962917e+01
   4.3700000e+02  -3.6549643e+01
   1.9800000e+02  -3.0144224e+01
   4.7200000e+02  -7.8205380e+01
   3.6000000e+01   5.9355146e+01
   2.1000000e+01  -1.1221372e+02
   2.5000000e+01   2.6907006e+01
   4.3000000e+01  -1.1528978e+02
   3.2000000e+01  -1.7555064e+01
   2.0000000e+01  -1.0282012e+02
   2.3700000e+02   5.8686856e+01
   3.0000000e+01  -8.9680946e+01
   1.8200000e+02  -1.3160443e+01
   2.0000000e+01   8.7126490e+00
   2.1000000e+01  -1.0194322e+02
   2.0000000e+01  -2.6760126e+01
   2.0000000e+01  -9.5256170e+01
   2.1000000e+01   5.1839755e+01
   2.1000000e+01   2.5833817e+01
