   6.4600000e+02   2.9000000e+01
   5.3000000e+01  -1.0900000e+02
   2.2000000e+01  -1.0000000e+00
   2.1000000e+01  -1.0100000e+02
   9.8000000e+01   6.0000000e+01
   1.9500000e+02  -9.0000000e+01
   1.7000000e+02   2.9000000e+01
   2.8100000e+02  -8.7000000e+01
   2.0000000e+01  -1.0000000e+00
   2.0000000e+01  -1.1900000e+02
   2.0000000e+01  -3.1000000e+01
   2.0000000e+01  -7.9000000e+01
   3.3700000e+02   5.7000000e+01
   8.2000000e+01  -9.0000000e+01
   2.2100000e+02  -2.2000000e+01
   6.2000000e+01  -9.0000000e+01
   1.0000000e+02   5.9000000e+01
   4.1400000e+02  -5.8000000e+01
   4.8700000e+02   2.9000000e+01
   4.0000000e+01  -1.1900000e+02
   2.5000000e+01  -3.6000000e+01
   1.1500000e+02  -7.9000000e+01
   2.4200000e+02   2.9000000e+01
   4.9100000e+02  -5.6000000e+01
   3.3000000e+01  -1.1900000e+02
   2.3000000e+01  -1.0000000e+00
   2.0000000e+01  -3.6000000e+01
   6.7000000e+01   5.9000000e+01
   2.6000000e+01  -6.0000000e+01
   2.2000000e+01  -2.0000000e+00
   2.3000000e+01   5.9000000e+01
   2.0000000e+01  -9.5000000e+01
   2.0000000e+01   2.8000000e+01
   2.0000000e+01  -1.2000000e+02
   2.0000000e+01  -4.0000000e+00
   2.0000000e+01  -8.5000000e+01
   6.5000000e+01   6.0000000e+01
   2.0000000e+01  -9.8000000e+01
   2.2000000e+01   5.9000000e+01
   1.4300000e+02  -1.1800000e+02
   4.3000000e+01   3.9000000e+01
   4.3000000e+01  -7.9000000e+01
   2.0000000e+01   1.0000000e+00
   2.0000000e+01  -5.4000000e+01
   2.0000000e+01  -1.0000000e+00
   3.0100000e+02   5.7000000e+01
   2.0000000e+01  -9.6000000e+01
   2.5000000e+01  -6.0000000e+00
   2.0000000e+01  -2.1000000e+01
   2.1000000e+01  -1.0700000e+02
   2.0000000e+01  -5.1000000e+01
