   6.8300000e+02   2.9793431e+01
   1.1600000e+02  -1.0791034e+02
   3.4000000e+01  -2.0457097e+01
   2.0000000e+01  -9.9727199e+01
   1.8900000e+02   5.9932861e+01
   2.3100000e+02  -8.9412562e+01
   5.1000000e+01   1.0958217e+01
   3.0000000e+01  -1.1988458e+02
   5.1000000e+01  -5.1741162e+01
   7.5000000e+01   5.9293264e+01
   8.1000000e+01  -8.8857724e+01
   3.0000000e+01  -2.2512936e-01
   2.8200000e+02  -8.6970820e+01
   4.0000000e+01  -2.2247021e+00
   2.0000000e+01  -8.7714847e+01
   1.4300000e+02   5.6137957e+01
   3.1000000e+01  -5.6665209e+01
   1.0100000e+02  -3.9657730e-01
   4.5000000e+01  -1.0543256e+02
   2.1000000e+01   1.4063446e+01
   2.3000000e+01  -5.7394001e+01
   3.9000000e+01   3.3379659e+01
   5.6000000e+01  -9.7652563e+01
   2.3900000e+02  -4.7447566e+01
   4.1000000e+01   1.8113692e+01
   2.0000000e+01  -7.6994055e+01
   2.3000000e+01  -8.4868715e+00
   2.0000000e+01  -5.7097507e+01
   4.1000000e+01  -1.1422415e+02
   2.2000000e+01  -3.1908708e+01
   1.6600000e+02   5.9691201e+01
   2.0000000e+01  -9.2665436e+01
   2.0000000e+01   2.8540595e+01
   2.9000000e+01  -1.0538793e+02
   2.0000000e+01  -2.5015251e+01
   2.0000000e+01  -7.2427191e+01
   7.7000000e+01   5.9395681e+01
   3.6000000e+01  -5.9439326e+01
   2.0000000e+01  -1.3659221e+01
   4.3000000e+01  -9.0708473e+01
   5.3200000e+02   5.3019955e+01
   1.3900000e+02  -6.1474510e+01
   2.0000000e+01   3.9346057e+01
   2.0000000e+01  -1.1558392e+02
   2.0000000e+01  -4.5191222e+01
   2.7000000e+01  -1.1891793e+02
   2.0000000e+01  -1.1734477e+01
   2.3000000e+01  -1.0491019e+02
   2.0000000e+01   5.4424123e+01
   3.7000000e+01  -1.1995932e+02
   2.0000000e+01  -1.0059206e+01
