   6.8900000e+02   2.9998071e+01
   5.3000000e+01  -1.1040810e+02
   2.0100000e+02  -2.7909281e+01
   4.2000000e+01  -1.1369064e+02
   1.1000000e+02   5.9810668e+01
   2.0400000e+02  -8.9393878e+01
   2.9300000e+02   2.1503843e+01
   6.6000000e+01  -1.1740183e+02
   2.5000000e+01  -2.0837261e+00
   2.1000000e+01  -1.1682299e+02
   3.0000000e+01  -4.5616863e+01
   2.4000000e+01  -7.0499482e+01
   1.1800000e+02   5.9631212e+01
   5.2000000e+02  -5.7477657e+01
   2.5400000e+02  -8.4304864e+01
   7.2700000e+02  -8.7044229e+00
   5.7000000e+01  -8.7583925e+01
   2.9300000e+02  -3.1658543e+01
   1.8500000e+02   5.9949151e+01
   9.6000000e+01  -8.9645400e+01
   2.0000000e+01  -5.3950157e-01
   2.8000000e+01  -1.1040355e+02
   8.6000000e+01   3.0975276e+01
   1.0600000e+02  -8.5144080e+01
   1.0000000e+02   5.9913768e+01
   2.3000000e+01  -5.9746220e+01
   2.1300000e+02  -7.0307668e+00
   2.0000000e+01   2.5910479e+01
   2.1000000e+01  -1.1943217e+02
   2.0000000e+01   4.6250817e+01
   2.0000000e+01  -4.0877406e+01
   2.5000000e+01  -8.9474488e+01
   2.3000000e+01  -3.7794233e+01
   4.8000000e+01   5.0581941e+01
   4.7000000e+01  -9.3651226e+01
   7.5000000e+01   2.8677915e+01
   3.5400000e+02   5.0765955e+01
   2.5000000e+01  -1.1079889e+02
   5.8000000e+01   3.1741700e+01
   2.9000000e+01   5.9663295e+01
   2.0000000e+01  -1.0349144e+02
   2.2000000e+01   1.8163358e+01
   3.5000000e+01  -1.1728576e+02
   2.1000000e+01   1.6419040e+01
   2.4000000e+01  -4.6817787e+01
   1.9400000e+02   5.2738314e+01
   1.1100000e+02  -7.4461709e+01
   6.2200000e+02  -4.8301247e+00
   2.2600000e+02   5.7321779e+01
   3.2000000e+01  -8.9047900e+01
   1.3400000e+02   4.4537420e+01
