   4.6300000e+02   2.9000000e+01
   2.3000000e+01  -1.1800000e+02
   2.5000000e+01  -6.0000000e+00
   4.2000000e+01  -1.1400000e+02
   1.1600000e+02   5.9000000e+01
   3.1300000e+02  -9.0000000e+01
   7.1600000e+02   2.9000000e+01
   3.4200000e+02  -9.4000000e+01
   6.3400000e+02  -8.0000000e+00
   2.1000000e+01  -7.8000000e+01
   3.5000000e+01   6.0000000e+01
   1.3000000e+02  -8.3000000e+01
   1.2700000e+02   6.0000000e+01
   6.3000000e+01  -9.0000000e+01
   5.9000000e+01  -2.0000000e+01
   2.5000000e+01  -9.0000000e+01
   2.2000000e+01   5.3000000e+01
   7.6500000e+02  -6.0000000e+01
   2.0000000e+01   2.7000000e+01
   3.9000000e+01  -1.1600000e+02
   2.1000000e+01  -3.6000000e+01
   1.1500000e+02   6.0000000e+01
   2.5000000e+01  -5.9000000e+01
   2.8000000e+01   8.0000000e+00
   6.9000000e+01  -5.7000000e+01
   4.3000000e+01  -1.0500000e+02
   7.6000000e+01   2.0000000e+01
   3.5700000e+02  -6.9000000e+01
   1.6000000e+02  -1.0000000e+00
   2.0000000e+01  -4.0000000e+01
   9.3000000e+01   6.0000000e+01
   2.2000000e+01  -1.1700000e+02
   2.0000000e+01  -2.9000000e+01
   7.4000000e+01  -1.1200000e+02
   3.7000000e+01  -2.3000000e+01
   2.1000000e+01  -1.0900000e+02
   1.2400000e+02   5.7000000e+01
   2.2000000e+01  -1.1800000e+02
   8.6000000e+01  -4.5000000e+01
   1.5200000e+02   6.0000000e+01
   2.8000000e+01  -9.0000000e+01
   2.7000000e+01   5.3000000e+01
   2.1100000e+02   5.1000000e+01
   2.6000000e+01  -9.1000000e+01
   8.6000000e+01  -4.0000000e+00
   4.4000000e+01  -1.1900000e+02
   2.0000000e+01  -5.4000000e+01
   2.0000000e+01  -1.0600000e+02
   7.6000000e+01   6.0000000e+01
   2.0000000e+01  -9.5000000e+01
   2.2000000e+01  -5.9000000e+01
