   6.4700000e+02   2.9000000e+01
   5.9000000e+01  -1.0700000e+02
   2.7000000e+01  -9.0000000e+00
   3.4000000e+01  -1.1800000e+02
   1.3200000e+02   5.8000000e+01
   2.1500000e+02  -9.0000000e+01
   1.9200000e+02   2.9000000e+01
   9.2000000e+01  -8.9000000e+01
   4.1000000e+01  -4.9000000e+01
   1.4800000e+02  -9.0000000e+01
   2.2000000e+01  -1.0000000e+00
   2.0000000e+01  -6.8000000e+01
   2.0000000e+01  -1.3000000e+01
   2.0000000e+01  -1.1900000e+02
   2.0000000e+01  -3.4000000e+01
   7.9000000e+01   5.8000000e+01
   4.5000000e+01  -9.0000000e+01
   3.1000000e+01  -8.0000000e+00
   8.0200000e+02   2.6000000e+01
   6.5000000e+02  -5.9000000e+01
   1.0800000e+02   5.8000000e+01
   4.1000000e+01  -9.0000000e+01
   2.0600000e+02  -9.0000000e+00
   6.9000000e+01  -9.5000000e+01
   3.5000000e+01   2.9000000e+01
   2.0000000e+01  -5.3000000e+01
   2.0000000e+01  -1.0800000e+02
   7.0000000e+01   5.9000000e+01
   2.1000000e+01  -9.7000000e+01
   2.7000000e+01   2.0000000e+01
   6.0000000e+01  -5.9000000e+01
   1.8500000e+02   4.8000000e+01
   1.9000000e+02  -7.0000000e+00
   5.2000000e+01  -9.3000000e+01
   2.6000000e+02   5.1000000e+01
   3.1000000e+01  -8.9000000e+01
   2.0000000e+01  -1.0000000e+01
   2.2000000e+01  -1.2000000e+02
   2.0000000e+01  -2.2000000e+01
   2.0000000e+01  -1.1900000e+02
   2.0000000e+01   1.8000000e+01
   2.0000000e+01  -4.5000000e+01
   2.8000000e+01  -1.2000000e+02
   2.4000000e+01  -5.0000000e+00
   2.0000000e+01  -3.3000000e+01
   1.2500000e+02  -8.1000000e+01
   7.8000000e+01  -1.2000000e+02
   1.4900000e+02  -6.7000000e+01
   4.6700000e+02   5.4000000e+01
   2.3000000e+01  -9.4000000e+01
   3.5700000e+02   1.0000000e+01
