   7.9100000e+02   2.9000000e+01
   6.8000000e+01  -1.0800000e+02
   9.6600000e+02  -1.0000000e+00
   2.4000000e+01  -1.1800000e+02
   1.0100000e+02   6.0000000e+01
   2.5900000e+02  -8.8000000e+01
   5.9000000e+01   2.5000000e+01
   1.4900000e+02  -9.0000000e+01
   2.9000000e+01  -1.8000000e+01
   3.4000000e+01  -1.1100000e+02
   1.2400000e+02   5.9000000e+01
   5.8700000e+02  -6.0000000e+01
   1.3500000e+02  -1.0000000e+00
   2.6000000e+01  -9.0000000e+01
   2.5000000e+01   2.4000000e+01
   5.8800000e+02  -5.2000000e+01
   3.1000000e+01  -1.1800000e+02
   3.7000000e+01  -4.9000000e+01
   1.3200000e+02   6.0000000e+01
   6.5000000e+01  -8.9000000e+01
   2.1000000e+01   5.5000000e+01
   2.9000000e+01  -8.9000000e+01
   2.2000000e+01  -9.0000000e+00
   2.0000000e+01  -9.9000000e+01
   2.2000000e+01   3.0000000e+00
   2.0000000e+01  -5.8000000e+01
   2.0000000e+01   5.1000000e+01
   1.1000000e+02  -1.1300000e+02
   1.7600000e+02  -3.1000000e+01
   1.9400000e+02  -8.0000000e+01
   5.0900000e+02   5.1000000e+01
   3.1000000e+01  -9.2000000e+01
   4.5000000e+01  -2.2000000e+01
   4.2000000e+01   2.8000000e+01
   3.0000000e+01  -9.0000000e+01
   4.3000000e+01   2.2000000e+01
   2.1000000e+01  -1.1800000e+02
   2.2000000e+01   4.5000000e+01
   2.1000000e+01  -8.8000000e+01
   2.4800000e+02   5.8000000e+01
   2.4000000e+01  -9.5000000e+01
   8.1000000e+01   4.2000000e+01
   2.1000000e+01  -2.9000000e+01
   7.2000000e+01  -6.0000000e+01
   2.1000000e+01  -2.4000000e+01
   2.3000000e+01  -1.0200000e+02
   2.0000000e+01  -5.7000000e+01
   2.1000000e+01   5.9000000e+01
   2.0000000e+01  -5.9000000e+01
   3.5000000e+01  -1.1400000e+02
   2.1000000e+01  -1.0000000e+00
