   4.5200000e+02   2.9000000e+01
   2.1000000e+01  -1.1400000e+02
   4.3000000e+01  -2.6000000e+01
   9.7000000e+01   5.9000000e+01
   3.4500000e+02  -9.0000000e+01
   3.6000000e+01  -1.6000000e+01
   2.2000000e+01  -1.1600000e+02
   1.4200000e+02   5.9000000e+01
   2.4400000e+02  -8.7000000e+01
   2.3200000e+02   4.7000000e+01
   2.2000000e+01  -1.1800000e+02
   4.0900000e+02  -1.3000000e+01
   3.7500000e+02  -6.9000000e+01
   3.9000000e+01  -1.1100000e+02
   2.2000000e+01  -3.8000000e+01
   5.9400000e+02   2.9000000e+01
   1.5100000e+02  -6.0000000e+01
   1.0330000e+03  -5.2000000e+01
   2.2000000e+02   2.2000000e+01
   3.3000000e+01  -1.1500000e+02
   1.1100000e+02  -2.4000000e+01
   9.5000000e+01  -9.0000000e+01
   2.4000000e+01  -7.0000000e+00
   2.1000000e+01  -6.4000000e+01
   1.1600000e+02   6.0000000e+01
   3.1000000e+01  -5.7000000e+01
   2.3000000e+01   2.2000000e+01
   3.6000000e+01  -2.4000000e+01
   6.7000000e+01  -1.2000000e+02
   2.2000000e+01  -5.8000000e+01
   2.1000000e+01   5.7000000e+01
   2.5000000e+01  -7.7000000e+01
   2.0000000e+01   2.5000000e+01
   2.0000000e+01  -6.0000000e+01
   2.0000000e+01  -1.1400000e+02
   2.1000000e+01   7.0000000e+00
   1.7800000e+02   6.0000000e+01
   2.8000000e+01  -9.0000000e+01
   2.0000000e+01   3.0000000e+01
   2.0000000e+01  -3.3000000e+01
   2.0000000e+01  -1.0700000e+02
   2.2000000e+01   6.0000000e+00
   2.6000000e+01  -1.0500000e+02
   2.0000000e+01   3.9000000e+01
   3.4000000e+01  -5.3000000e+01
   1.7900000e+02   1.6000000e+01
   2.6000000e+01  -1.1500000e+02
   5.1000000e+01   1.1000000e+01
   6.2000000e+01   6.0000000e+01
   2.0000000e+01  -9.4000000e+01
   2.1000000e+01  -2.7000000e+01
