   6.6600000e+02   2.9978384e+01
   1.1800000e+02  -9.6994010e+01
   3.9000000e+01  -2.3898846e+01
   5.8000000e+01  -8.7215897e+01
   1.5600000e+02   5.3744808e+01
   1.1200000e+02  -8.9767252e+01
   2.5100000e+02  -3.1962753e-02
   8.3000000e+01  -1.1011788e+02
   2.3000000e+01  -1.2002942e+00
   2.0000000e+01   3.4389551e+01
   2.0000000e+01  -1.1887805e+02
   2.3000000e+01  -3.8635831e+01
   2.1000000e+01  -1.1732759e+02
   2.2200000e+02   5.0433652e+01
   5.6400000e+02  -5.9923528e+01
   2.0000000e+01   2.6508135e+01
   9.5000000e+01  -8.9370189e+01
   2.0000000e+01  -3.7882342e+01
   1.7700000e+02   5.9782884e+01
   2.9000000e+01  -8.9513821e+01
   2.0000000e+01   8.8029651e+00
   4.6000000e+01  -1.1737182e+02
   1.9900000e+02   2.7961515e+01
   2.0000000e+01  -4.8323061e+01
   2.2000000e+01   5.8871426e+01
   3.2000000e+01  -8.8626672e+01
   2.1000000e+01  -2.2820446e+01
   9.0000000e+01   5.7296102e+01
   2.5000000e+01  -5.8894900e+01
   2.8000000e+01  -2.5205096e+01
   2.2000000e+01  -1.0613557e+02
   5.2000000e+01   5.9624016e+01
   2.0000000e+01  -9.7403221e-01
   1.1500000e+02  -9.5802662e+01
   8.4000000e+01   1.9086205e+00
   1.6000000e+02  -9.6871781e+01
   2.1000000e+01  -1.2342441e+00
   2.1000000e+01  -7.7675637e+01
   2.0000000e+01  -9.2215904e+01
   2.1000000e+01  -2.4257116e+01
   2.3000000e+01   5.6923674e+01
   2.3000000e+01  -4.5500209e+01
   5.9000000e+01   2.4960070e+01
   6.6000000e+01  -8.7784076e+01
   2.9600000e+02  -5.0069555e+01
   4.7400000e+02   4.7131422e+01
   3.0000000e+01  -9.0736990e+01
   4.6800000e+02  -2.0810210e+00
   4.1000000e+01  -1.1843564e+02
   3.0000000e+01   4.6394603e+01
   3.7000000e+01  -5.4439041e+01
