   4.2000000e+02   2.9859087e+01
   5.3700000e+02  -1.0970968e+02
   2.4000000e+01  -9.1540393e-01
   6.2500000e+02   3.9631691e+01
   2.2900000e+02  -8.9437911e+01
   5.9000000e+01  -1.8484861e+01
   3.2000000e+01  -1.1706106e+02
   1.4300000e+02   4.7936092e+01
   4.2100000e+02  -7.0942838e+01
   8.2600000e+02   2.9352806e+01
   3.0000000e+02  -1.1542478e+02
   4.9000000e+01  -3.8965917e+01
   1.2300000e+02   5.2583032e+01
   5.1500000e+02  -5.8029119e+01
   6.6700000e+02  -6.8581811e+01
   1.9100000e+02   5.7261269e+01
   3.7800000e+02  -5.8703223e+01
   9.2000000e+01  -1.8987622e+01
   2.4000000e+01  -1.1463571e+02
   2.5000000e+01  -7.4262639e+00
   2.0000000e+01  -3.4171378e+01
   2.1000000e+01  -1.1916272e+02
   2.9000000e+01  -4.3818525e+01
   2.0000000e+01   1.1075861e+01
   1.1600000e+02  -8.9704697e+01
   2.0000000e+01   1.2058114e+01
   2.0000000e+01  -1.0819676e+02
   3.2300000e+02   3.8218970e+01
   8.3000000e+01  -8.7235455e+01
   2.8300000e+02   3.5955471e+01
   5.4000000e+01  -4.6101909e+01
   2.7000000e+01  -1.1124923e+02
   7.7000000e+01  -1.9339419e+01
   2.6200000e+02   5.7528716e+01
   3.5000000e+01  -8.8555831e+01
   6.6700000e+02  -1.0627892e+01
   2.0000000e+01  -1.1415679e+02
   2.0000000e+01   2.1174481e+01
   2.1000000e+01  -6.9205085e+00
   2.0000000e+01  -1.1287768e+02
   2.1000000e+01   3.9547165e+01
   2.6000000e+01  -1.3685466e+01
   2.2200000e+02  -8.9997896e+01
   2.5000000e+01  -1.1453409e+01
   2.0000000e+01  -6.7602353e+01
   4.2000000e+01   5.1221796e+01
   2.0000000e+01  -1.0298546e+02
   4.6000000e+01   7.8526137e+00
   7.2000000e+01   5.9494450e+01
   2.0000000e+01  -9.7688751e+01
   2.1000000e+01   5.9351910e+01
