   1.1610000e+03   2.9000000e+01
   2.1800000e+02  -8.9000000e+01
   3.3400000e+02  -1.4000000e+01
   4.0000000e+01  -1.1500000e+02
   3.6000000e+01  -2.0000000e+00
   2.4000000e+01  -8.5000000e+01
   5.4200000e+02   3.0000000e+01
   5.2000000e+01  -1.1000000e+02
   7.6000000e+01   5.3000000e+01
   1.7500000e+02  -8.8000000e+01
   2.0000000e+01   2.9000000e+01
   2.9000000e+01  -7.3000000e+01
   9.4000000e+01   6.0000000e+01
   2.1000000e+01  -1.1200000e+02
   2.3000000e+01  -5.0000000e+00
   2.2700000e+02  -5.9000000e+01
   2.5000000e+01  -1.1200000e+02
   3.1000000e+01  -4.7000000e+01
   3.3000000e+01  -1.1800000e+02
   2.2000000e+01  -3.6000000e+01
   2.0000000e+01  -1.1500000e+02
   1.2100000e+02   6.0000000e+01
   3.3000000e+01  -5.8000000e+01
   2.4000000e+01   2.7000000e+01
   8.3000000e+01  -8.0000000e+01
   2.2000000e+01  -3.0000000e+00
   4.9800000e+02  -5.2000000e+01
   2.0000000e+01   4.2000000e+01
   2.0000000e+01  -1.1400000e+02
   2.0000000e+01  -1.9000000e+01
   1.7000000e+02   6.0000000e+01
   7.6000000e+01  -9.0000000e+01
   2.0000000e+01   3.0000000e+00
   2.9000000e+01   5.8000000e+01
   2.1000000e+01  -9.7000000e+01
   2.8000000e+01  -4.9000000e+01
   6.1000000e+01   6.0000000e+01
   2.0000000e+01  -7.1000000e+01
   2.1000000e+01  -1.0000000e+00
   1.2200000e+02   5.2000000e+01
   2.1000000e+01  -9.3000000e+01
   4.2400000e+02   4.6000000e+01
   3.2000000e+01  -9.8000000e+01
   1.4800000e+02   4.3000000e+01
   2.6100000e+02  -7.7000000e+01
   2.0000000e+01   1.5000000e+01
   2.1000000e+01  -3.1000000e+01
   2.1000000e+01  -4.5000000e+01
   2.0000000e+01  -1.1800000e+02
   2.1000000e+01   2.0000000e+00
   2.1000000e+01  -1.1500000e+02
