   4.8200000e+02   2.8000000e+01
   3.4000000e+01  -1.1000000e+02
   1.4100000e+02  -2.8000000e+01
   3.3000000e+01  -9.5000000e+01
   9.9000000e+01   6.0000000e+01
   1.9700000e+02  -9.0000000e+01
   8.6200000e+02   2.2000000e+01
   9.3000000e+01  -1.1700000e+02
   4.0800000e+02  -1.5000000e+01
   2.0000000e+01  -1.1500000e+02
   1.3400000e+02   6.0000000e+01
   2.4500000e+02  -8.7000000e+01
   8.8000000e+01   1.1000000e+01
   3.1000000e+01  -1.2000000e+02
   3.9000000e+01  -4.9000000e+01
   5.1000000e+01   6.0000000e+01
   4.4000000e+01  -8.9000000e+01
   5.5000000e+01  -2.9000000e+01
   8.7000000e+01  -8.9000000e+01
   4.1000000e+01  -4.8000000e+01
   2.1000000e+01  -6.6000000e+01
   1.3700000e+02   5.5000000e+01
   3.5000000e+01  -5.6000000e+01
   1.2700000e+02   1.7000000e+01
   2.4000000e+01  -1.1800000e+02
   6.1000000e+01   3.2000000e+01
   3.6000000e+02  -1.1200000e+02
   2.0000000e+01  -5.0000000e+01
   2.0000000e+01  -1.6000000e+01
   2.1000000e+01  -6.8000000e+01
   4.8500000e+02   3.3000000e+01
   4.6000000e+01  -6.0000000e+01
   1.1600000e+02   2.1000000e+01
   1.2500000e+02   6.0000000e+01
   2.8000000e+01  -9.0000000e+01
   2.6000000e+01  -1.4000000e+01
   3.8000000e+01  -9.4000000e+01
   2.7000000e+01   3.8000000e+01
   2.5000000e+01  -1.0600000e+02
   7.8000000e+01  -4.7000000e+01
   4.0000000e+01  -5.4000000e+01
   1.7900000e+02  -6.0000000e+00
   1.5100000e+02   6.0000000e+01
   2.1000000e+01  -9.5000000e+01
   2.0000000e+01   3.7000000e+01
   2.1000000e+01  -2.1000000e+01
   2.0000000e+01  -1.1600000e+02
   2.0000000e+01   5.0000000e+00
   2.2000000e+01  -1.1300000e+02
   2.0000000e+01   2.0000000e+01
   2.0000000e+01  -3.5000000e+01
