   7.3800000e+02   2.8706126e+01
   4.4300000e+02  -1.0534909e+02
   2.4600000e+02  -2.6369663e+01
   5.0200000e+02  -1.1384029e+02
   2.2000000e+02   5.2693903e+01
   2.1200000e+02  -8.9291679e+01
   2.4000000e+01  -1.4052787e-01
   3.0000000e+01  -1.1849336e+02
   5.6000000e+01  -5.2089370e+01
   1.2300000e+02   2.9928314e+01
   2.9000000e+01  -8.9706094e+01
   2.1000000e+01   5.2192607e+01
   3.5000000e+01  -9.4892790e+01
   1.9300000e+02   2.8657770e+01
   3.1000000e+01  -8.3916745e+01
   4.2100000e+02  -1.0996933e-01
   2.6000000e+01  -5.8389510e+01
   2.0000000e+01   3.1023336e+01
   5.6000000e+01  -1.1720186e+02
   2.1000000e+01  -3.5660264e+01
   2.0000000e+01  -8.3223541e+01
   1.1000000e+02   5.9945612e+01
   2.7000000e+01  -5.7927603e+01
   4.8000000e+01  -1.6024737e+01
   5.7000000e+01  -8.7148742e+01
   8.2000000e+01   5.7688142e+01
   4.0600000e+02  -5.7222311e+01
   2.5100000e+02  -9.4396068e+00
   3.0000000e+01  -1.0018859e+02
   2.1100000e+02   2.2345693e+01
   3.3000000e+01  -1.1207914e+02
   5.0600000e+02  -3.0008432e+01
   3.0800000e+02  -8.5725990e+01
   2.2000000e+01   4.4799896e+01
   2.2000000e+01  -4.8557084e+01
   2.0000000e+01  -2.4645579e+01
   6.1200000e+02   5.2324436e+01
   5.2000000e+01  -9.1389368e+01
   2.4500000e+02   2.7985518e+01
   2.3000000e+01  -5.6009111e+00
   2.4000000e+01  -1.0297680e+02
   2.3000000e+01  -4.2476673e+01
   3.1000000e+01  -1.1916330e+02
   2.0000000e+01   1.4784548e+01
   2.0000000e+01  -9.6641433e+01
   1.2400000e+02   5.9485549e+01
   2.0000000e+01  -7.9310430e+01
   2.0000000e+01  -2.4939093e+01
   2.0000000e+01   1.1523622e+01
   2.0000000e+01  -1.1752588e+02
   2.1000000e+01  -7.9735404e+00
