   7.4500000e+02   2.8582953e+01
   2.2000000e+02  -9.6341534e+01
   1.0700000e+02  -1.4781454e+01
   4.6000000e+01  -1.1415295e+02
   8.6900000e+02  -3.0103985e+01
   6.3000000e+01  -8.0939710e+01
   1.1800000e+02   5.9587436e+01
   1.5700000e+02  -8.9834179e+01
   2.5000000e+01  -1.2915601e+01
   2.9000000e+01  -9.5931042e+01
   2.0000000e+01   5.9991837e+01
   4.1900000e+02  -8.8810599e+01
   1.3800000e+02   5.9815307e+01
   1.1700000e+02  -8.9996547e+01
   1.9100000e+02  -3.0058403e+01
   8.6000000e+01  -8.9931620e+01
   2.0000000e+01  -1.9337950e+00
   2.0000000e+01  -8.8594708e+01
   8.0300000e+02   2.9990942e+01
   3.5000000e+01  -5.6162174e+01
   2.2000000e+01  -1.4799369e+01
   8.1000000e+01  -8.7011979e+01
   4.3000000e+01  -5.6127808e-01
   5.7000000e+01  -1.0318240e+02
   4.4000000e+01  -4.8099323e+01
   2.1000000e+01  -5.4441468e+01
   2.2000000e+01  -1.0338577e+02
   1.0100000e+02   5.9919820e+01
   2.7000000e+01  -1.1579326e+02
   2.1000000e+01   3.5053264e+00
   3.0000000e+01   5.8652281e+01
   2.2000000e+01  -5.9213178e+01
   2.1000000e+01   4.9563783e+01
   2.0000000e+01  -9.7445495e+01
   2.1000000e+01   2.0893705e+01
   2.0000000e+01  -8.5707154e+01
   3.7500000e+02   5.8116310e+01
   3.3000000e+01  -9.0235193e+01
   1.9900000e+02  -7.5116325e+00
   7.6000000e+01   5.9411017e+01
   2.8000000e+01  -8.9816113e+01
   2.1000000e+01   5.5972782e+00
   2.0000000e+01   3.1664516e+01
   4.0000000e+01  -1.1959278e+02
   2.2000000e+01  -3.4070873e+01
   1.2300000e+02   5.7819246e+01
   3.9000000e+01  -5.8879918e+01
   1.9700000e+02   3.6763075e+01
   2.1000000e+01  -1.8012905e+01
   4.2000000e+01  -1.1978591e+02
   2.2000000e+01   1.8900234e+01
