   7.1100000e+02   2.9374991e+01
   5.4000000e+01  -1.1013921e+02
   2.3000000e+01  -2.2213071e-01
   9.4000000e+01  -1.0144549e+02
   3.6600000e+02  -7.3525503e+00
   4.9600000e+02  -5.8114651e+01
   2.8600000e+02   5.8791115e+01
   1.8600000e+02  -8.9885860e+01
   2.8200000e+02  -3.0116053e+01
   4.6000000e+01  -8.7698517e+01
   4.8000000e+01   5.9797619e+01
   3.4400000e+02  -8.6756184e+01
   5.8700000e+02   2.9310946e+01
   1.0000000e+02  -5.6407708e+01
   2.9300000e+02  -1.0325906e+00
   4.2000000e+01  -1.1301310e+02
   2.0400000e+02   1.1159008e+01
   6.1000000e+02  -1.0676650e+02
   2.1000000e+01  -3.5672406e+01
   2.0000000e+01  -1.1241812e+02
   2.0000000e+01   5.9776981e+01
   2.1000000e+01  -7.2298617e+01
   6.4000000e+01   5.9714699e+01
   2.3000000e+01  -7.5575592e+01
   5.7000000e+01   5.9324303e+01
   2.5000000e+01  -5.9236284e+01
   2.2000000e+01  -2.0290397e+00
   2.7000000e+01   1.3830565e+01
   2.4000000e+01  -1.1792940e+02
   2.4000000e+01   5.4913194e+01
   2.0000000e+01  -5.1386420e+01
   2.0000000e+01  -1.1357239e+02
   2.4000000e+01  -1.2119727e+01
   2.1000000e+01   2.1793245e+01
   2.1000000e+01  -1.1188830e+02
   2.1000000e+01  -5.8062480e+01
   2.9000000e+01  -2.3451936e+01
   2.8000000e+01  -1.1924421e+02
   2.1000000e+01  -6.0328796e+01
   1.5700000e+02   5.3012335e+01
   6.2000000e+01  -9.5237990e+01
   2.0900000e+02   2.1879855e+01
   6.1000000e+01  -1.1843141e+02
   3.0000000e+01  -1.4952435e+01
   2.1000000e+01  -7.9158514e+01
   2.0000000e+01   9.8852098e+00
   2.0000000e+01  -1.1801456e+02
   2.1000000e+01  -5.7453325e+01
   2.1000000e+01   2.8798166e+01
   2.1000000e+01  -5.3063988e+01
   2.0000000e+01   3.9169142e+01
