   4.6200000e+02   2.8923247e+01
   5.5000000e+01  -1.1795734e+02
   3.7000000e+01  -1.8989682e+01
   4.9300000e+02   4.8283651e+01
   2.5200000e+02  -8.8936792e+01
   5.9000000e+01   3.2786811e+01
   8.6000000e+01  -7.5588986e+01
   2.7000000e+01  -1.0380376e+00
   2.9000000e+01  -1.0556799e+02
   5.4000000e+02   2.9999504e+01
   2.5900000e+02  -1.1498079e+02
   2.5000000e+01  -4.0868821e+01
   2.0000000e+01  -1.1447780e+02
   7.8000000e+01   5.9083975e+01
   1.7800000e+02  -8.6771300e+01
   8.1200000e+02   2.9900244e+01
   3.3000000e+01  -5.5275043e+01
   2.1000000e+01  -2.1551828e+00
   1.2000000e+02  -8.7386476e+01
   4.5000000e+01  -2.6900313e+01
   3.2000000e+01  -5.4377780e+01
   6.7000000e+01  -1.1059716e+02
   1.9400000e+02  -3.5881236e+01
   8.4000000e+01  -6.4999082e+01
   2.1000000e+01  -9.8755875e+01
   2.6000000e+01  -1.2122848e+01
   2.0000000e+01  -7.9039194e+01
   1.1100000e+02   5.9864162e+01
   2.5000000e+01  -1.1959410e+02
   2.0000000e+01   5.9858159e+01
   2.0000000e+01  -1.0222705e+02
   2.2300000e+02   2.9977376e+01
   9.7700000e+02  -5.5377353e+01
   2.0000000e+01  -1.1558528e+02
   2.6000000e+01  -9.6678527e+00
   2.1000000e+01  -9.8889396e+01
   8.0000000e+01   5.9217618e+01
   2.3000000e+01  -9.1190285e+01
   2.1000000e+01   5.7426191e+01
   2.0000000e+01  -1.1137571e+02
   2.1000000e+01  -1.1150039e+02
   2.0000000e+01  -5.1693347e+01
   2.0000000e+01  -5.1822334e+01
   2.1000000e+01  -2.0873440e+01
   2.0000000e+01  -5.2923696e+01
   5.3100000e+02   5.4138475e+01
   3.6000000e+01  -8.9428912e+01
   4.3200000e+02  -1.9981249e-01
   2.0000000e+01   4.9532977e+01
   2.1000000e+01  -1.0237980e+02
   2.0000000e+01   2.0869778e+01
