   6.7500000e+02   2.9985473e+01
   1.2200000e+02  -1.0728631e+02
   9.0900000e+02  -1.6572813e+01
   2.3000000e+01  -1.0078925e+02
   1.0800000e+02   5.9990803e+01
   1.9600000e+02  -8.9940625e+01
   2.6600000e+02   7.1110088e+00
   5.8000000e+01  -1.1076574e+02
   1.5400000e+02  -4.3042263e+01
   4.1000000e+02  -1.1549961e+02
   2.8100000e+02  -3.0140348e+01
   3.7300000e+02  -7.4097001e+01
   1.3700000e+02   5.9488361e+01
   6.6800000e+02  -5.9229367e+01
   2.5800000e+02  -1.7192986e+01
   2.9000000e+01  -8.9314532e+01
   1.0500000e+02   5.9987906e+01
   8.0000000e+01  -8.6776041e+01
   2.7000000e+01  -1.3433533e+01
   2.9000000e+01  -1.1979630e+02
   2.1000000e+01  -1.9379099e+00
   2.3000000e+01  -7.4453545e+01
   3.4300000e+02   2.1203227e+01
   3.2300000e+02  -3.4218462e+01
   6.5000000e+01   3.7746719e+01
   2.7000000e+01  -8.9732218e+01
   6.3000000e+01   5.2442990e+01
   2.1000000e+01  -1.2244319e+01
   2.1000000e+01  -5.9610557e+01
   2.0000000e+01   3.3849260e+01
   5.5000000e+01   5.3798756e+01
   2.3000000e+01  -1.0367320e+02
   2.0000000e+01   1.8620118e+01
   4.1500000e+02   2.9971213e+01
   2.1000000e+01  -9.2373672e+01
   1.7200000e+02  -2.9470782e+01
   5.2000000e+01  -9.7993487e+01
   6.4000000e+01  -5.3764497e+01
   9.4000000e+01  -6.1189031e+01
   1.2600000e+02   5.8292166e+01
   2.0000000e+01  -8.4969693e+01
   2.1000000e+01  -3.6869058e+00
   2.1000000e+01  -1.0183199e+02
   2.0000000e+01   1.1748200e+01
   2.0000000e+01   1.3010717e+01
   3.0000000e+01  -1.1199082e+02
   2.3000000e+01  -4.9658321e+00
   2.0000000e+01  -3.6269934e+01
   3.2000000e+01   4.9330447e+01
   2.4000000e+01  -1.1732404e+02
   3.3000000e+01   2.7667967e+01
