   6.4400000e+02   2.9000000e+01
   5.3000000e+01  -1.0900000e+02
   2.4000000e+01  -1.0000000e+00
   3.4000000e+01  -1.1800000e+02
   2.2100000e+02  -4.0000000e+00
   2.6800000e+02  -7.6000000e+01
   1.1300000e+02   6.0000000e+01
   3.4200000e+02  -9.0000000e+01
   2.4000000e+01  -4.5000000e+01
   4.4700000e+02   2.5000000e+01
   1.0500000e+02  -9.0000000e+01
   9.3000000e+01   5.9000000e+01
   2.1000000e+01  -5.1000000e+01
   2.5000000e+01  -9.9000000e+01
   3.1000000e+01  -1.0000000e+00
   8.7800000e+02  -4.7000000e+01
   2.5000000e+01  -1.0500000e+02
   3.3900000e+02  -4.3000000e+01
   1.1500000e+02   6.0000000e+01
   2.0000000e+01  -7.9000000e+01
   2.1000000e+01   2.6000000e+01
   2.5200000e+02  -6.0000000e+01
   2.9000000e+01  -1.0400000e+02
   2.0000000e+01   9.0000000e+00
   4.3000000e+01  -1.0400000e+02
   2.0000000e+01   2.3000000e+01
   4.7800000e+02  -6.9000000e+01
   4.4000000e+01  -2.6000000e+01
   2.0000000e+01  -1.1800000e+02
   2.6000000e+01  -4.5000000e+01
   7.4000000e+01   6.0000000e+01
   2.0000000e+01  -9.7000000e+01
   2.0000000e+01   6.0000000e+01
   1.0800000e+02   6.0000000e+01
   2.0000000e+01  -9.5000000e+01
   2.0000000e+01  -1.0000000e+00
   2.0000000e+01  -9.9000000e+01
   2.0000000e+01  -2.7000000e+01
   2.0000000e+01   9.0000000e+00
   2.0000000e+01  -4.7000000e+01
   2.0000000e+01  -1.1800000e+02
   2.0000000e+01  -2.2000000e+01
   5.1000000e+01  -1.2000000e+02
   2.0000000e+01   3.0000000e+01
   2.0000000e+01  -7.4000000e+01
   4.2000000e+02   5.4000000e+01
   8.3000000e+01  -9.0000000e+01
   1.7200000e+02  -4.7000000e+01
   2.0000000e+01   2.3000000e+01
   2.0000000e+01  -1.0100000e+02
   2.0000000e+01   2.0000000e+01
