   6.5200000e+02   2.9000000e+01
   5.6000000e+01  -1.0800000e+02
   4.3000000e+01  -1.7000000e+01
   2.0000000e+01  -1.0900000e+02
   1.0000000e+02   6.0000000e+01
   1.9500000e+02  -9.0000000e+01
   1.6900000e+02   2.9000000e+01
   2.7900000e+02  -8.7000000e+01
   2.1000000e+01  -7.0000000e+00
   2.0000000e+01  -1.1700000e+02
   2.0000000e+01  -3.2000000e+01
   2.0000000e+01  -7.9000000e+01
   1.5800000e+02   5.9000000e+01
   8.0000000e+01  -8.6000000e+01
   9.8000000e+01  -4.0000000e+00
   3.4000000e+01  -5.6000000e+01
   5.7000000e+01   6.0000000e+01
   1.0310000e+03  -6.0000000e+01
   1.1200000e+02  -1.0000000e+00
   2.1000000e+01  -4.6000000e+01
   2.0000000e+01  -9.1000000e+01
   2.0000000e+01  -3.8000000e+01
   2.1000000e+01  -8.8000000e+01
   2.0000000e+01   1.2000000e+01
   1.2100000e+02  -9.0000000e+01
   2.4300000e+02   4.3000000e+01
   1.1700000e+02  -1.0200000e+02
   3.1000000e+01   6.0000000e+01
   2.0000000e+01  -8.1000000e+01
   2.0000000e+01   1.7000000e+01
   2.0000000e+01   3.9000000e+01
   2.0000000e+01  -4.5000000e+01
   2.0000000e+01  -4.0000000e+00
   4.9000000e+01  -1.2000000e+02
   2.7000000e+01  -8.0000000e+00
   2.0000000e+01  -3.9000000e+01
   2.0600000e+02   6.0000000e+01
   2.2000000e+01  -9.6000000e+01
   7.5000000e+01   1.3000000e+01
   2.0000000e+01  -2.4000000e+01
   2.2000000e+01  -1.2000000e+02
   2.0000000e+01   3.6000000e+01
   2.0000000e+01  -1.0400000e+02
   2.0000000e+01  -4.2000000e+01
   2.0000000e+01   2.6000000e+01
   1.4000000e+02   6.0000000e+01
   2.0000000e+01  -9.5000000e+01
   2.1000000e+01   5.9000000e+01
   5.8000000e+01   6.0000000e+01
   2.0000000e+01  -9.5000000e+01
   2.0000000e+01  -2.4000000e+01
