   4.2000000e+02   2.9929116e+01
   4.9000000e+01  -1.0413425e+02
   5.3400000e+02  -6.6145567e-01
   7.6000000e+01  -8.4535057e+01
   1.2700000e+02   5.8003117e+01
   5.1400000e+02  -8.8911300e+01
   5.8200000e+02  -2.3194179e+00
   1.0200000e+02  -1.1959096e+02
   8.9000000e+01  -3.0625124e+01
   1.3000000e+02   5.8752249e+01
   2.3000000e+01  -1.1843212e+02
   2.2000000e+01  -2.6942232e+01
   4.3800000e+02   2.1558172e+01
   9.6000000e+01  -8.2529556e+01
   2.6000000e+01  -4.7882516e+01
   4.9600000e+02   3.3833034e+01
   3.0000000e+01  -5.6097506e+01
   2.1000000e+01   5.4807553e+01
   4.4000000e+01  -1.1842110e+02
   4.8000000e+01   4.8583619e+00
   4.5000000e+01  -5.6941455e+01
   3.8100000e+02   5.6650133e+01
   2.3000000e+01  -9.7844730e+01
   4.6600000e+02  -2.4684850e+01
   2.1000000e+01  -1.1952761e+02
   2.2000000e+01   4.3662204e+00
   2.0000000e+01  -9.8212774e+01
   2.1000000e+01  -6.9559855e+00
   2.0000000e+01  -1.1396244e+02
   2.0000000e+01  -3.7003836e+01
   2.8400000e+02  -7.7115037e+01
   1.5500000e+02  -7.5008988e+00
   5.1000000e+01  -8.5317604e+01
   2.4700000e+02   5.9064731e+01
   3.5000000e+01  -8.8916621e+01
   2.5000000e+01   6.8460762e-01
   2.5000000e+01  -1.0157851e+02
   5.0000000e+01  -2.6852164e+01
   2.2000000e+01  -4.6006528e+01
   2.9000000e+01  -1.1940973e+02
   5.4000000e+01   5.9146417e+01
   2.4000000e+01  -5.7913671e+01
   7.1000000e+01  -1.1675737e+02
   2.9000000e+01  -1.5347281e+01
   2.0000000e+01  -1.1040433e+02
   4.5000000e+01   5.9103214e+01
   2.9000000e+01  -8.9186508e+01
   2.0000000e+01  -4.7839420e+01
   1.1400000e+02   4.0380597e+01
   3.7000000e+01  -8.8181276e+01
   6.6000000e+01   4.3668306e+01
