   9.1600000e+02   2.6000000e+01
   1.7100000e+02  -1.0100000e+02
   3.5000000e+01  -1.5000000e+01
   2.6000000e+01  -1.1100000e+02
   1.1300000e+02   6.0000000e+01
   2.4300000e+02  -8.9000000e+01
   6.6000000e+01   2.5000000e+01
   4.9000000e+01  -1.1000000e+02
   4.5800000e+02  -3.3000000e+01
   3.8000000e+01   6.0000000e+01
   2.7000000e+01  -9.0000000e+01
   2.7000000e+01  -1.6000000e+01
   7.3000000e+01  -9.0000000e+01
   2.1000000e+01  -5.0000000e+00
   2.1000000e+01  -7.8000000e+01
   1.4000000e+02   5.9000000e+01
   4.5800000e+02  -5.5000000e+01
   5.4500000e+02  -2.0000000e+00
   5.9000000e+01  -1.2000000e+02
   2.3000000e+01  -3.4000000e+01
   2.0000000e+01  -7.9000000e+01
   4.7800000e+02   5.6000000e+01
   3.8000000e+01  -9.0000000e+01
   4.4400000e+02   2.8000000e+01
   4.1000000e+01  -1.1100000e+02
   2.1000000e+01   1.0000000e+00
   2.1000000e+01  -5.9000000e+01
   2.1000000e+01   2.5000000e+01
   5.3000000e+01  -1.1800000e+02
   2.3000000e+01  -3.0000000e+00
   2.6000000e+01  -9.5000000e+01
   1.5900000e+02   5.1000000e+01
   9.7000000e+01  -3.2000000e+01
   2.0000000e+01  -1.8000000e+01
   2.1000000e+01  -9.6000000e+01
   2.0000000e+01   5.2000000e+01
   3.1000000e+01  -1.2000000e+02
   2.6000000e+01   4.7000000e+01
   4.0000000e+01   2.8000000e+01
   1.6000000e+02   6.0000000e+01
   2.5000000e+01  -9.1000000e+01
   3.0500000e+02  -1.4000000e+01
   2.0000000e+01  -7.5000000e+01
   2.1000000e+01   2.8000000e+01
   2.1000000e+01   5.7000000e+01
   2.6500000e+02   2.4000000e+01
   2.3000000e+01  -8.0000000e+01
   2.9000000e+01   4.0000000e+01
   2.1000000e+01  -9.5000000e+01
   2.0000000e+01  -1.6000000e+01
   2.0000000e+01  -5.4000000e+01
