   6.4500000e+02   2.9000000e+01
   5.3000000e+01  -1.0900000e+02
   2.2000000e+01  -1.0000000e+00
   2.4000000e+01  -1.0300000e+02
   9.9000000e+01   6.0000000e+01
   1.9700000e+02  -9.0000000e+01
   2.6200000e+02   2.3000000e+01
   2.8000000e+02  -8.7000000e+01
   2.1000000e+01  -3.0000000e+00
   2.0000000e+01  -1.1800000e+02
   2.0000000e+01  -3.3000000e+01
   2.0000000e+01  -7.4000000e+01
   1.1300000e+02   6.0000000e+01
   2.4800000e+02  -6.0000000e+01
   2.1000000e+01  -5.0000000e+00
   7.2000000e+01  -9.0000000e+01
   1.9100000e+02   5.8000000e+01
   7.0000000e+01  -9.0000000e+01
   3.2000000e+01   4.9000000e+01
   3.7000000e+01  -1.1800000e+02
   3.7000000e+01  -4.0000000e+01
   2.9000000e+01  -9.0000000e+01
   2.0000000e+01  -5.9000000e+01
   2.0000000e+01   2.5000000e+01
   2.0000000e+01  -4.1000000e+01
   2.0000000e+01   4.8000000e+01
   2.0000000e+01  -1.0800000e+02
   1.0300000e+02   6.0000000e+01
   2.3000000e+01  -6.0000000e+01
   2.0000000e+01   1.2000000e+01
   1.7900000e+02  -5.0000000e+00
   7.4000000e+01  -9.7000000e+01
   1.2300000e+02   4.0000000e+00
   2.0000000e+01  -5.7000000e+01
   2.0000000e+01  -1.0800000e+02
   2.0000000e+01  -5.0000000e+00
   6.0000000e+01   6.0000000e+01
   2.0000000e+01  -9.5000000e+01
   2.0000000e+01  -1.1000000e+01
   5.8000000e+01  -1.2000000e+02
   2.6000000e+01  -5.0000000e+00
   2.0000000e+01  -7.1000000e+01
   2.1000000e+01  -8.5000000e+01
   2.2000000e+01  -1.1700000e+02
   2.0000000e+01   3.7000000e+01
   2.0000000e+01  -4.6000000e+01
   2.0000000e+01  -1.1600000e+02
   2.0000000e+01  -8.5000000e+01
   3.8400000e+02   4.1000000e+01
   6.0000000e+01  -9.9000000e+01
   5.3000000e+02  -1.4000000e+01
