   7.2100000e+02   2.9518873e+01
   1.5100000e+02  -1.0364375e+02
   4.0000000e+01   4.4337727e+01
   2.7000000e+01  -1.1960363e+02
   3.2600000e+02  -1.1513665e+01
   2.8000000e+01  -8.9330015e+01
   2.5400000e+02   4.7920864e+01
   1.2500000e+02  -8.9634805e+01
   2.2000000e+01  -7.3026792e+00
   4.1000000e+01  -1.0095112e+02
   2.0000000e+01   4.0976308e+00
   2.3000000e+01  -5.6357267e+01
   1.8500000e+02   5.8821137e+01
   2.8000000e+01  -8.9629732e+01
   6.1000000e+01  -1.5622078e+01
   2.8500000e+02  -5.9217011e+01
   6.2000000e+01  -1.1890563e+02
   2.7200000e+02  -3.0118000e+01
   3.7000000e+01   5.9754628e+01
   1.0300000e+02  -8.8691396e+01
   2.0000000e+01  -5.0871704e+00
   3.0300000e+02   2.9697803e+01
   6.0000000e+01  -7.0845565e+01
   3.2300000e+02  -1.0014813e+01
   1.3600000e+02  -5.8714781e+01
   8.1000000e+01   5.9999774e+01
   2.6000000e+01  -5.8620813e+01
   2.2000000e+01   2.6852951e+01
   2.3000000e+01  -1.1814648e+02
   2.0000000e+01  -5.8519900e+01
   4.2000000e+01   1.3729434e+01
   4.7000000e+01  -1.1968004e+02
   2.3000000e+01  -6.2733795e+01
   2.0000000e+01  -9.4189881e+01
   2.6000000e+01  -1.3880368e+01
   2.3000000e+01  -6.5405596e+01
   8.0000000e+01   5.9841445e+01
   2.0000000e+01  -9.2987091e+01
   2.0000000e+01   5.4208222e+01
   8.5000000e+01  -1.1331830e+02
   2.3600000e+02  -4.4985898e+01
   3.1000000e+02  -9.6756468e+01
   6.7000000e+01   5.7496214e+01
   2.3000000e+01  -9.5479975e+01
   2.7000000e+01   8.7345386e+00
   7.5000000e+01  -9.3315600e+01
   1.7500000e+02   5.3726893e+01
   5.5300000e+02  -1.2148820e+01
   2.0000000e+01   4.6222833e+01
   2.1000000e+01  -9.4028020e+01
   2.1000000e+01  -3.5153931e+00
