   6.4500000e+02   2.9000000e+01
   1.3800000e+02  -1.0400000e+02
   2.2000000e+01  -3.0000000e+00
   2.0000000e+01  -1.1900000e+02
   1.1200000e+02   6.0000000e+01
   1.9500000e+02  -9.0000000e+01
   1.5300000e+02  -3.0000000e+00
   3.4000000e+01  -1.1800000e+02
   5.4000000e+01  -3.1000000e+01
   3.3400000e+02   2.9000000e+01
   2.0000000e+01  -8.3000000e+01
   2.2000000e+01   2.0000000e+01
   9.2000000e+01  -9.0000000e+01
   1.0000000e+02   5.9000000e+01
   2.4600000e+02  -6.0000000e+01
   3.4000000e+01   5.4000000e+01
   2.1000000e+01  -9.5000000e+01
   4.5000000e+01  -2.2000000e+01
   3.1500000e+02  -6.0000000e+01
   4.6000000e+01  -1.2000000e+02
   2.0000000e+01  -5.1000000e+01
   2.0000000e+01   5.0000000e+00
   2.0000000e+01  -8.3000000e+01
   2.0000000e+01  -4.0000000e+00
   2.1500000e+02   5.9000000e+01
   3.2000000e+01  -8.9000000e+01
   2.0000000e+01   2.6000000e+01
   6.0000000e+01  -1.5000000e+01
   2.0000000e+01  -1.1900000e+02
   4.8000000e+01  -2.2000000e+01
   4.3000000e+01  -1.0600000e+02
   2.1000000e+01   2.7000000e+01
   2.0000000e+01  -7.8000000e+01
   2.0000000e+01   2.6000000e+01
   2.0000000e+01  -4.4000000e+01
   2.0000000e+01  -4.2000000e+01
   3.0000000e+01   6.0000000e+01
   2.2000000e+01  -9.7000000e+01
   2.0000000e+01   5.8000000e+01
   6.4000000e+01   6.0000000e+01
   2.3000000e+01  -6.0000000e+01
   2.0000000e+01   5.1000000e+01
   2.0000000e+01  -1.0900000e+02
   2.0000000e+01   1.0000000e+01
   2.0000000e+01  -7.3000000e+01
   2.5000000e+01  -1.0300000e+02
   2.3000000e+01  -4.7000000e+01
   2.3000000e+01   4.6000000e+01
   2.0000000e+01  -9.6000000e+01
   2.0000000e+01   1.5000000e+01
   2.0000000e+01   6.0000000e+00
