   6.9000000e+02   2.9787987e+01
   2.5000000e+02  -9.3999859e+01
   2.1000000e+01  -3.6760913e+00
   2.3000000e+01  -1.1909781e+02
   5.4700000e+02   5.9803742e+01
   2.3400000e+02  -8.9957998e+01
   4.0800000e+02  -6.8374440e+00
   5.0000000e+01  -1.1194185e+02
   3.2000000e+01  -4.1346859e+01
   3.5400000e+02   2.8812493e+01
   1.6900000e+02  -7.5609477e+01
   4.5600000e+02  -4.7762052e+01
   1.1100000e+02  -8.9594312e+01
   4.3700000e+02   1.2244680e+01
   5.0000000e+01  -7.9139465e+01
   1.0400000e+02   5.8774724e+01
   2.8600000e+02  -5.9432667e+01
   4.6000000e+01  -1.8888117e+01
   4.2000000e+01  -1.1317595e+02
   3.9000000e+01  -2.4261768e+01
   2.0000000e+01  -5.7915561e+01
   1.8900000e+02   4.8626486e+01
   4.5000000e+01  -8.8784213e+01
   2.7000000e+01   1.7733056e+01
   4.4000000e+01  -2.7151501e+01
   3.2000000e+02  -5.9993648e+01
   2.0000000e+01   1.0068213e+00
   5.6000000e+01  -1.1686681e+02
   2.4000000e+01  -1.2276518e+00
   2.2000000e+01  -7.7126109e+01
   1.4500000e+02   5.7089092e+01
   4.5000000e+01  -9.3443369e+01
   2.1000000e+01   3.0893254e+01
   5.8000000e+01   5.9162386e+01
   2.6000000e+01  -5.8673018e+01
   2.0000000e+01  -2.7859611e-01
   2.0000000e+01   7.9907142e+00
   2.0000000e+01  -9.7987034e+01
   2.1000000e+01  -1.4277721e+01
   8.9000000e+01  -4.7333638e+01
   2.0000000e+01  -1.1248442e+02
   3.4000000e+02  -4.9273336e+01
   9.0000000e+01  -1.3081166e+01
   5.1000000e+01  -9.0906720e+01
   5.4000000e+01   4.9468027e+01
   1.3500000e+02   5.9964647e+01
   2.1000000e+01  -9.4227300e+01
   4.3500000e+02   5.5137434e+01
   2.0000000e+01  -9.5463082e+01
   2.0000000e+01   2.8903047e+01
   2.0000000e+01  -7.6852833e+01
