   3.0000000e+01  -1.4000000e+01
   2.8000000e+01  -1.1600000e+02
   6.4100000e+02   2.9000000e+01
   6.1000000e+01  -1.1100000e+02
   1.1400000e+02   5.8000000e+01
   2.1800000e+02  -8.8000000e+01
   2.7000000e+01  -1.1000000e+01
   3.2000000e+01  -1.1800000e+02
   1.5600000e+02  -4.8000000e+01
   1.0900000e+02   6.0000000e+01
   2.6500000e+02  -6.0000000e+01
   2.6500000e+02  -8.6000000e+01
   4.7500000e+02   2.0000000e+01
   6.5000000e+01  -8.8000000e+01
   5.5600000e+02  -4.7000000e+01
   6.0000000e+01  -5.7000000e+01
   3.1000000e+01  -1.9000000e+01
   3.9600000e+02  -6.9000000e+01
   1.0800000e+02   6.0000000e+01
   2.0000000e+01  -2.5000000e+01
   2.0000000e+01  -9.6000000e+01
   5.2000000e+01   6.0000000e+01
   2.3000000e+01  -7.6000000e+01
   7.7000000e+01   2.6000000e+01
   2.7000000e+01  -1.1600000e+02
   2.5000000e+01  -8.0000000e+00
   2.0000000e+01  -3.6000000e+01
   2.1000000e+01  -1.1500000e+02
   2.4400000e+02   1.5000000e+01
   3.4000000e+02  -5.7000000e+01
   1.0100000e+02   6.0000000e+01
   2.6000000e+01  -5.9000000e+01
   7.2000000e+01   5.0000000e+01
   1.9200000e+02   6.0000000e+01
   3.0000000e+01  -9.0000000e+01
   2.1400000e+02  -8.0000000e+00
   2.0000000e+01  -2.7000000e+01
   2.0000000e+01  -1.1600000e+02
   2.0000000e+01   1.8000000e+01
   1.8600000e+02  -4.8000000e+01
   2.0000000e+01  -9.1000000e+01
   2.0000000e+01   5.9000000e+01
   1.1300000e+02   6.0000000e+01
   2.1000000e+01  -1.1200000e+02
   3.8000000e+01  -3.0000000e+01
   6.6000000e+01  -1.2000000e+02
   2.0000000e+01   3.0000000e+01
   2.0000000e+01  -6.7000000e+01
   2.2000000e+01  -5.5000000e+01
   2.0000000e+01   2.8000000e+01
   2.0000000e+01  -5.5000000e+01
