   6.9100000e+02   2.9905916e+01
   1.0300000e+02  -1.1033339e+02
   3.8300000e+02  -1.3402526e+01
   2.5000000e+01  -9.5066120e+01
   1.1400000e+02   5.9535320e+01
   2.0900000e+02  -8.9224869e+01
   2.3400000e+02   1.8903978e+01
   4.1000000e+01  -1.1970528e+02
   4.2000000e+01  -4.4891619e+01
   6.6600000e+02  -1.1316655e+02
   4.7000000e+01   5.9787676e+01
   1.0300000e+02  -8.6975474e+01
   1.7300000e+02   5.9861141e+01
   2.8000000e+01  -8.9644049e+01
   3.7000000e+01  -1.9228079e+01
   5.8200000e+02  -4.6345561e+01
   5.7000000e+01  -8.9437832e+01
   1.3200000e+02  -1.1730193e+01
   5.1000000e+01  -1.1810114e+02
   2.4000000e+01  -3.9491662e+01
   2.0000000e+01  -8.3183596e+01
   1.1800000e+02   5.9866874e+01
   3.0000000e+01  -5.7441982e+01
   2.3000000e+01   2.4338547e+00
   4.0000000e+01  -1.1954738e+02
   2.3000000e+01  -2.9970931e+00
   2.2000000e+01  -6.7446460e+01
   3.7000000e+01   5.7899215e+01
   2.4000000e+01  -9.4443267e+01
   2.0000000e+01   4.5926056e+01
   2.0000000e+01   7.7872302e+00
   2.3000000e+01  -9.0964644e+01
   2.2000000e+01   2.8722157e+01
   2.7300000e+02  -5.3252861e+01
   3.1400000e+02   3.1271595e+01
   1.5900000e+02  -5.8351550e+01
   2.0000000e+01  -9.4286825e+01
   2.1000000e+01  -3.0138016e+00
   2.0000000e+01  -1.0978065e+02
   2.9100000e+02   5.8720335e+01
   4.0000000e+01  -8.8723632e+01
   5.1000000e+01   4.1787493e+01
   3.9000000e+01  -2.3635553e+00
   2.8000000e+01  -1.1578862e+02
   2.0000000e+01  -5.2718331e+01
   2.0000000e+01  -1.0715424e+00
   2.1000000e+01  -9.6479891e+01
   2.0000000e+01  -4.8734027e+01
   2.0000000e+01  -2.5804869e+00
   2.1000000e+01  -7.6281908e+00
   2.1000000e+01  -4.9704125e+01
