   7.7200000e+02   2.9000000e+01
   3.5400000e+02  -8.8000000e+01
   1.7500000e+02  -7.0000000e+00
   2.1000000e+01  -1.1600000e+02
   2.5000000e+01  -4.1000000e+01
   2.0000000e+01  -9.4000000e+01
   6.6000000e+01   6.0000000e+01
   2.7000000e+01  -1.1200000e+02
   2.4000000e+01  -7.0000000e+00
   2.2000000e+01  -1.1200000e+02
   1.5000000e+02   5.7000000e+01
   2.4600000e+02  -8.7000000e+01
   3.4000000e+01   9.0000000e+00
   2.6000000e+01  -9.0000000e+01
   3.3300000e+02  -4.4000000e+01
   9.0300000e+02   2.1000000e+01
   6.4000000e+01  -5.5000000e+01
   1.0100000e+02  -6.0000000e+00
   2.4000000e+01  -7.5000000e+01
   6.5000000e+01   5.9000000e+01
   5.8600000e+02  -6.0000000e+01
   7.0800000e+02   2.8000000e+01
   4.3000000e+01  -1.1800000e+02
   2.1000000e+01  -1.6000000e+01
   1.6400000e+02  -8.8000000e+01
   9.8000000e+01  -2.3000000e+01
   3.3000000e+01  -8.6000000e+01
   1.2800000e+02   6.0000000e+01
   2.2000000e+01  -7.6000000e+01
   2.0000000e+01  -9.0000000e+00
   4.7000000e+01  -9.0000000e+01
   3.6000000e+01  -2.4000000e+01
   2.2000000e+01  -3.2000000e+01
   3.6000000e+01  -1.1600000e+02
   4.7000000e+01   9.0000000e+00
   2.8000000e+01  -6.0000000e+01
   1.2200000e+02  -1.1100000e+02
   1.7000000e+02  -2.0000000e+00
   2.0300000e+02  -4.1000000e+01
   1.9700000e+02   6.0000000e+01
   7.6000000e+01  -9.0000000e+01
   3.4500000e+02   2.0000000e+01
   5.9000000e+01  -9.7000000e+01
   2.4900000e+02  -5.0000000e+01
   2.5600000e+02  -4.0000000e+01
   4.4000000e+01  -1.1800000e+02
   1.0900000e+02   6.0000000e+01
   2.0000000e+01  -6.0000000e+00
   7.1800000e+02   5.6000000e+01
   3.5000000e+01  -9.2000000e+01
   3.1100000e+02   4.4000000e+01
