   7.6300000e+02   2.9266494e+01
   7.2000000e+01  -1.0611019e+02
   5.4700000e+02  -1.7056118e+01
   3.1000000e+01  -1.1935578e+02
   2.5000000e+01  -3.7808603e-02
   3.5700000e+02  -5.3297926e+01
   1.3400000e+02   5.9720149e+01
   2.3700000e+02  -8.8062835e+01
   2.0000000e+01  -3.8659517e+01
   2.2000000e+01   5.9585456e+01
   1.3200000e+02  -8.3836630e+01
   2.2000000e+01   2.1475715e+01
   9.2500000e+02   2.8952098e+01
   6.4000000e+02  -5.5768681e+01
   3.9800000e+02  -2.0453386e+01
   5.0000000e+01  -1.1931178e+02
   2.0000000e+01  -3.4192910e+01
   2.0000000e+01  -8.3220308e+01
   7.7000000e+01   5.7518623e+01
   2.2000000e+01  -6.2017721e+01
   2.6000000e+01   3.9281727e+01
   8.4000000e+01  -4.9972719e+01
   2.5000000e+01  -8.9182916e+01
   1.4100000e+02   6.8882091e+00
   2.1000000e+01  -1.1167208e+02
   3.9000000e+01  -2.4345253e+01
   2.1000000e+01  -5.6915622e+01
   8.5000000e+01   5.9721176e+01
   2.3000000e+01  -1.1966572e+02
   2.0000000e+01   1.7415722e+01
   2.1000000e+01  -1.1598845e+02
   5.1000000e+01   5.9358373e+01
   2.1000000e+01  -2.6148052e+01
   6.8000000e+01  -1.1986398e+02
   2.0000000e+01   3.1547249e+01
   3.8000000e+01  -9.5083765e+01
   2.5000000e+01  -1.0532095e+00
   2.0000000e+01   4.0637963e+01
   2.1000000e+01  -6.8322202e+01
   2.9200000e+02   5.6189384e+01
   5.1000000e+01  -8.8393406e+01
   2.5000000e+01   7.6634133e+00
   2.0000000e+01  -9.2049178e+01
   3.2300000e+02  -8.1884089e+00
   3.6500000e+02  -7.0287102e+00
   2.3000000e+01  -7.8563599e+01
   4.9000000e+01   5.9317789e+01
   2.0000000e+01  -2.9119055e+01
   8.0000000e+01  -3.1951103e+01
   6.4000000e+01  -9.8948396e+01
   2.8600000e+02  -4.6828106e+01
