   6.4700000e+02   2.9000000e+01
   5.9000000e+01  -1.0700000e+02
   2.9000000e+01  -9.0000000e+00
   3.1000000e+01  -9.6000000e+01
   9.9000000e+01   6.0000000e+01
   1.9700000e+02  -9.0000000e+01
   2.1000000e+01   1.9000000e+01
   1.5500000e+02  -9.0000000e+01
   2.8000000e+01  -1.5000000e+01
   2.0000000e+01  -1.1700000e+02
   2.2000000e+01  -3.7000000e+01
   2.1000000e+01  -6.7000000e+01
   1.3200000e+02   6.0000000e+01
   2.3800000e+02  -8.7000000e+01
   3.9000000e+01  -5.1000000e+01
   8.9200000e+02   2.9000000e+01
   3.2300000e+02  -5.7000000e+01
   2.5700000e+02  -6.0000000e+00
   1.2300000e+02  -7.6000000e+01
   2.0000000e+01   7.0000000e+00
   2.0000000e+01  -1.2000000e+02
   5.8000000e+01   6.0000000e+01
   2.0000000e+01  -9.7000000e+01
   2.0000000e+01   5.8000000e+01
   1.0500000e+02  -5.2000000e+01
   5.8000000e+01  -1.2000000e+02
   2.0000000e+01   4.8000000e+01
   3.8000000e+01  -9.0000000e+01
   8.8000000e+01  -4.8000000e+01
   3.3000000e+01  -3.7000000e+01
   2.7000000e+01  -4.1000000e+01
   7.1000000e+01   4.8000000e+01
   3.4000000e+01  -4.4000000e+01
   5.1000000e+01  -9.8000000e+01
   2.3800000e+02  -2.9000000e+01
   1.7400000e+02  -3.4000000e+01
   1.6500000e+02   6.0000000e+01
   2.0000000e+01  -9.5000000e+01
   2.0000000e+01  -0.0000000e+00
   2.0000000e+01  -1.0000000e+02
   2.0000000e+01  -2.3000000e+01
   2.0000000e+01   3.1000000e+01
   1.0700000e+02   6.0000000e+01
   2.0000000e+01  -9.5000000e+01
   2.0000000e+01  -1.0000000e+00
   5.9000000e+01   6.0000000e+01
   2.0000000e+01  -9.5000000e+01
   2.0000000e+01   5.9000000e+01
   2.0000000e+01  -1.1900000e+02
   2.0000000e+01  -7.0000000e+00
   2.0000000e+01  -9.3000000e+01
