   7.2300000e+02   2.9288841e+01
   2.0700000e+02  -9.7930984e+01
   1.3200000e+02  -6.5329866e+00
   5.5400000e+02  -1.1873149e+02
   1.2100000e+02   5.9835036e+01
   2.2400000e+02  -8.7563927e+01
   2.9000000e+01   5.5599713e+01
   2.8000000e+01  -9.0165096e+01
   2.5000000e+01  -7.4623698e+00
   6.9000000e+01  -8.9232998e+01
   2.3000000e+01   5.2322289e+00
   2.1000000e+01  -8.9290259e+01
   2.7500000e+02   4.8416438e+01
   9.8000000e+01  -8.7016866e+01
   2.2000000e+01  -4.2900957e+00
   2.0000000e+01  -7.7230027e+01
   4.8000000e+01   4.5073827e+01
   2.7000000e+01  -5.7460829e+01
   5.2000000e+01   5.9752286e+01
   2.8000000e+01  -5.7404035e+01
   2.2000000e+01  -1.5985395e+01
   9.9000000e+01  -1.1906880e+02
   9.5000000e+01  -3.0022414e+01
   3.2000000e+01  -6.5353926e+01
   1.2000000e+02   3.6025970e+01
   4.1000000e+01  -5.8215360e+01
   3.2000000e+01   1.5950280e+01
   2.0000000e+01  -4.3968832e+00
   2.0000000e+01  -1.1416225e+02
   2.0000000e+01  -6.7392737e+00
   2.1000000e+01  -9.7548021e+01
   1.0500000e+02  -3.0016453e+01
   6.0000000e+01  -8.2560914e+01
   1.4900000e+02   5.5277812e+01
   3.6000000e+01  -1.1035762e+02
   4.0900000e+02   1.5205351e+01
   2.1000000e+01  -1.1770963e+02
   2.0000000e+01  -4.1102388e+01
   2.0000000e+01  -4.2930367e+01
   3.4400000e+02   5.0942308e+01
   3.2000000e+01  -8.9108431e+01
   2.0000000e+01   2.8181785e+01
   6.9000000e+01  -1.1954805e+02
   3.2000000e+01  -1.8450244e+01
   2.0000000e+01  -1.0792550e+02
   1.6400000e+02   5.9996303e+01
   2.1000000e+01  -9.2822020e+01
   1.8300000e+02   5.8724820e+01
   4.0500000e+02   2.0456517e+01
   3.0000000e+01  -5.6406992e+01
   2.1000000e+01  -4.4230382e-01
