   6.4800000e+02   2.9000000e+01
   5.3000000e+01  -1.0900000e+02
   2.7000000e+01  -7.0000000e+00
   2.4000000e+01  -9.8000000e+01
   1.0500000e+02   5.9000000e+01
   1.9600000e+02  -9.0000000e+01
   1.7000000e+02   2.9000000e+01
   2.8000000e+02  -8.7000000e+01
   2.1000000e+01  -3.0000000e+00
   2.0000000e+01  -6.6000000e+01
   2.0000000e+01  -1.1600000e+02
   2.0000000e+01  -3.3000000e+01
   1.3200000e+02   6.0000000e+01
   6.9000000e+01  -8.7000000e+01
   2.1000000e+01  -2.0000000e+00
   3.1700000e+02  -6.0000000e+01
   2.0000000e+01  -1.2000000e+02
   2.1000000e+01  -3.3000000e+01
   5.1300000e+02   2.9000000e+01
   3.4000000e+01  -1.0600000e+02
   2.1000000e+01   5.8000000e+01
   5.3000000e+01  -9.0000000e+01
   8.0000000e+01   6.0000000e+01
   2.1000000e+01  -6.0000000e+01
   2.0000000e+01   5.4000000e+01
   2.0000000e+01  -1.1900000e+02
   2.0000000e+01   2.6000000e+01
   2.1000000e+01  -1.9000000e+01
   2.1000000e+01  -1.1600000e+02
   2.3000000e+01  -3.6000000e+01
   3.4000000e+01  -1.2000000e+02
   2.4000000e+01  -2.0000000e+00
   2.0000000e+01  -1.1500000e+02
   1.7900000e+02   6.0000000e+01
   2.0000000e+01  -9.5000000e+01
   2.0000000e+01   2.8000000e+01
   2.1000000e+01   6.0000000e+01
   2.1000000e+01  -7.8000000e+01
   2.0000000e+01  -1.2000000e+01
   4.2000000e+01  -1.1800000e+02
   1.5400000e+02  -1.8000000e+01
   6.3000000e+01  -6.2000000e+01
   5.0000000e+01   1.2000000e+01
   4.1000000e+01  -5.4000000e+01
   3.4000000e+01   3.7000000e+01
   1.5200000e+02   6.0000000e+01
   2.0000000e+01  -9.5000000e+01
   2.0000000e+01   6.0000000e+01
   2.0000000e+01  -1.0100000e+02
   2.0000000e+01  -2.6000000e+01
   2.0000000e+01  -3.3000000e+01
