   6.4700000e+02   2.9000000e+01
   5.6000000e+01  -1.0800000e+02
   2.6000000e+01  -3.0000000e+00
   3.3000000e+01  -1.1800000e+02
   2.8000000e+01  -5.0000000e+00
   2.1000000e+01  -8.6000000e+01
   1.0900000e+02   6.0000000e+01
   1.9600000e+02  -9.0000000e+01
   2.0000000e+01   2.2000000e+01
   3.4000000e+01  -7.9000000e+01
   5.5000000e+01   5.6000000e+01
   1.7700000e+02  -8.3000000e+01
   2.1000000e+01  -4.0000000e+01
   3.3000000e+01  -1.1900000e+02
   4.3000000e+01  -4.4000000e+01
   2.0000000e+01  -1.1800000e+02
   1.1200000e+02   6.0000000e+01
   2.4500000e+02  -6.0000000e+01
   7.8000000e+01   4.9000000e+01
   3.3000000e+01  -9.4000000e+01
   1.1800000e+02  -5.0000000e+00
   6.7000000e+01   6.0000000e+01
   2.1000000e+01  -7.9000000e+01
   2.1000000e+01   2.6000000e+01
   8.8000000e+01  -9.4000000e+01
   8.6000000e+01   2.0000000e+00
   6.6000000e+01  -4.3000000e+01
   2.9700000e+02   5.6000000e+01
   2.2100000e+02  -5.4000000e+01
   7.2000000e+01  -1.4000000e+01
   4.5000000e+01  -1.1700000e+02
   1.1300000e+02  -2.5000000e+01
   3.4000000e+01  -5.3000000e+01
   2.0000000e+01   3.0000000e+00
   2.9000000e+01  -1.2000000e+02
   2.0000000e+01  -5.0000000e+01
   2.0000000e+01   2.3000000e+01
   2.0000000e+01  -7.2000000e+01
   2.0000000e+01   2.4000000e+01
   2.0000000e+01  -4.5000000e+01
   2.0000000e+01  -1.1700000e+02
   2.0000000e+01  -6.4000000e+01
   3.1800000e+02   5.7000000e+01
   5.3000000e+01  -9.0000000e+01
   3.8500000e+02  -1.7000000e+01
   2.4000000e+01  -5.0000000e+00
   2.0000000e+01  -1.1700000e+02
   2.1000000e+01   4.2000000e+01
   1.3400000e+02   6.0000000e+01
   2.0000000e+01  -9.5000000e+01
   2.0000000e+01   6.0000000e+01
