   6.6100000e+02   2.9000000e+01
   1.0600000e+02  -1.0900000e+02
   2.3000000e+01  -4.0000000e+00
   2.1000000e+01  -1.1800000e+02
   1.1200000e+02   6.0000000e+01
   2.0600000e+02  -8.9000000e+01
   3.2000000e+01   1.9000000e+01
   3.6000000e+01  -1.1700000e+02
   7.5000000e+01  -3.6000000e+01
   4.9000000e+01   5.5000000e+01
   2.8100000e+02  -8.7000000e+01
   2.0000000e+01  -4.0000000e+00
   1.1600000e+02   5.9000000e+01
   5.6300000e+02  -6.0000000e+01
   2.0000000e+01  -6.0000000e+00
   2.0000000e+01  -1.2000000e+02
   1.1500000e+02   6.0000000e+01
   6.9000000e+01  -8.7000000e+01
   4.1100000e+02   2.9000000e+01
   6.7000000e+01  -1.2000000e+02
   2.0000000e+01  -5.1000000e+01
   8.5000000e+01   1.1000000e+01
   1.6600000e+02  -6.2000000e+01
   1.5000000e+02   1.2000000e+01
   1.1800000e+02   5.9000000e+01
   2.3000000e+01  -6.0000000e+01
   2.3000000e+01  -2.3000000e+01
   5.7400000e+02   3.8000000e+01
   8.4000000e+01  -9.0000000e+01
   2.4500000e+02   4.5000000e+01
   2.0000000e+01  -1.6000000e+01
   2.5000000e+01  -1.2000000e+02
   2.4000000e+01  -6.0000000e+00
   2.0000000e+01  -3.3000000e+01
   2.0000000e+01  -1.0400000e+02
   2.0000000e+01  -4.8000000e+01
   2.0000000e+01   5.6000000e+01
   2.0000000e+01  -4.1000000e+01
   2.0000000e+01  -6.5000000e+01
   4.7000000e+01  -1.2000000e+02
   2.4000000e+01  -3.0000000e+00
   2.1000000e+01  -8.1000000e+01
   6.6000000e+01   5.7000000e+01
   3.0000000e+01  -9.8000000e+01
   3.3000000e+01   1.5000000e+01
   3.1900000e+02   5.6000000e+01
   2.2000000e+01  -9.4000000e+01
   3.7200000e+02   2.0000000e+00
   2.0000000e+01  -9.7000000e+01
   2.0000000e+01  -1.0000000e+01
   2.0000000e+01  -5.0000000e+00
