   6.4400000e+02   2.9000000e+01
   5.3000000e+01  -1.0900000e+02
   2.5000000e+01  -3.0000000e+00
   2.9000000e+01  -1.2000000e+02
   8.4000000e+01  -1.8000000e+01
   8.8000000e+01  -7.7000000e+01
   1.1000000e+02   6.0000000e+01
   3.4000000e+02  -9.0000000e+01
   3.6000000e+01  -5.0000000e+01
   2.0000000e+01  -1.1800000e+02
   1.3200000e+02   6.0000000e+01
   2.4400000e+02  -8.7000000e+01
   2.3400000e+02   4.7000000e+01
   6.4000000e+02  -5.8000000e+01
   1.4900000e+02  -1.0000000e+01
   7.0000000e+01  -9.4000000e+01
   1.8700000e+02   2.8000000e+01
   3.4000000e+01  -6.7000000e+01
   5.1000000e+01   6.0000000e+01
   2.0000000e+01  -9.6000000e+01
   2.0000000e+01  -2.0000000e+00
   2.0000000e+01  -3.2000000e+01
   2.0000000e+01  -8.4000000e+01
   2.0000000e+01   2.3000000e+01
   2.5000000e+01  -1.0300000e+02
   8.1000000e+01   6.0000000e+01
   2.1000000e+01  -6.0000000e+01
   8.2000000e+01  -8.0000000e+00
   4.4000000e+01  -1.1700000e+02
   8.0000000e+01  -4.0000000e+01
   3.8000000e+01  -7.3000000e+01
   9.0000000e+01   1.0000000e+01
   8.9000000e+01  -4.8000000e+01
   2.0000000e+01  -1.1400000e+02
   2.0000000e+01  -1.2000000e+02
   2.0000000e+01  -4.9000000e+01
   2.5900000e+02   5.3000000e+01
   1.0300000e+02  -7.6000000e+01
   4.4000000e+02   9.0000000e+00
   1.8200000e+02   2.9000000e+01
   2.0000000e+01  -9.6000000e+01
   2.0000000e+01   4.2000000e+01
   2.0000000e+01  -1.1900000e+02
   2.3000000e+01  -1.0000000e+00
   2.0000000e+01  -8.8000000e+01
   2.0000000e+01  -1.1600000e+02
   2.0000000e+01  -4.1000000e+01
   2.0000000e+01  -9.7000000e+01
   1.6300000e+02   5.6000000e+01
   3.4000000e+01  -9.3000000e+01
   7.3000000e+01  -6.0000000e+00
