   1.1110000e+03   2.9000000e+01
   3.4400000e+02  -9.0000000e+01
   6.6000000e+01  -5.0000000e+00
   7.2000000e+01  -9.0000000e+01
   7.8900000e+02  -8.0000000e+00
   5.0000000e+01  -1.0700000e+02
   8.0000000e+01   5.9000000e+01
   7.9000000e+01  -1.0300000e+02
   2.4000000e+01  -4.3000000e+01
   1.7400000e+02   2.9000000e+01
   3.0000000e+01  -9.2000000e+01
   2.4000000e+01  -2.0000000e+00
   2.0300000e+02  -9.0000000e+01
   2.0000000e+01  -3.3000000e+01
   2.0000000e+01  -7.9000000e+01
   2.0900000e+02   5.9000000e+01
   7.6000000e+01  -9.0000000e+01
   3.3000000e+01  -1.7000000e+01
   6.3000000e+01  -9.0000000e+01
   7.4000000e+01   6.0000000e+01
   5.6100000e+02  -6.0000000e+01
   2.0000000e+01   4.0000000e+00
   2.0000000e+01  -6.0000000e+01
   2.0000000e+01   5.6000000e+01
   6.2000000e+01  -1.1700000e+02
   2.6000000e+01  -0.0000000e+00
   2.8000000e+01  -1.1200000e+02
   1.2000000e+02   6.0000000e+01
   2.3000000e+01  -6.0000000e+01
   2.1000000e+01  -6.0000000e+00
   6.6000000e+01  -1.7000000e+01
   6.1000000e+01  -9.0000000e+01
   4.3000000e+01  -8.0000000e+00
   3.1000000e+01   6.0000000e+01
   2.1000000e+01  -9.6000000e+01
   2.0000000e+01   2.1000000e+01
   5.9000000e+01  -1.2000000e+02
   3.2000000e+01  -1.6000000e+01
   2.0000000e+01  -1.0100000e+02
   8.8000000e+01   6.0000000e+01
   2.1000000e+01  -9.7000000e+01
   2.1000000e+01   4.8000000e+01
   3.9000000e+01  -1.1900000e+02
   2.0000000e+01   3.8000000e+01
   2.4000000e+01  -3.5000000e+01
   2.5500000e+02   6.0000000e+01
   2.3000000e+01  -9.8000000e+01
   2.6000000e+01   6.0000000e+00
   2.0000000e+01   1.7000000e+01
   2.0000000e+01  -1.0600000e+02
   2.0000000e+01  -4.3000000e+01
