   6.5800000e+02   2.9000000e+01
   7.8000000e+01  -1.0300000e+02
   4.1700000e+02   2.9000000e+01
   4.2300000e+02  -7.3000000e+01
   1.3200000e+02   5.8000000e+01
   2.0600000e+02  -9.0000000e+01
   2.0600000e+02  -7.0000000e+00
   5.3000000e+01  -1.1200000e+02
   3.8700000e+02  -1.8000000e+01
   2.0000000e+01  -1.1800000e+02
   3.3000000e+01  -4.6000000e+01
   2.0000000e+01  -9.0000000e+01
   5.4600000e+02   5.2000000e+01
   5.3600000e+02  -5.8000000e+01
   8.5900000e+02  -1.0000000e+00
   2.9100000e+02  -7.7000000e+01
   2.1000000e+01  -4.6000000e+01
   2.2000000e+01  -6.9000000e+01
   2.6000000e+01  -1.6000000e+01
   2.4000000e+01  -9.0000000e+01
   2.0000000e+01  -4.0000000e+01
   3.0000000e+01  -1.1700000e+02
   4.7000000e+01   5.6000000e+01
   2.2000000e+01  -9.6000000e+01
   8.1000000e+01   6.0000000e+01
   2.2000000e+01  -1.1500000e+02
   2.1000000e+01   2.0000000e+00
   2.0000000e+01  -5.1000000e+01
   2.1000000e+01  -9.7000000e+01
   2.0000000e+01   1.6000000e+01
   1.5700000e+02   6.0000000e+01
   2.8000000e+01  -9.0000000e+01
   2.0000000e+01  -3.0000000e+01
   2.4000000e+01   6.0000000e+01
   2.0000000e+01  -7.8000000e+01
   2.2000000e+01   3.0000000e+00
   2.0000000e+01  -7.0000000e+00
   2.0000000e+01  -9.3000000e+01
   2.0000000e+01   2.0000000e+00
   2.0000000e+01  -4.7000000e+01
   2.0000000e+01  -1.1800000e+02
   2.0000000e+01  -2.4000000e+01
   1.4400000e+02   5.1000000e+01
   3.9000000e+01  -9.4000000e+01
   3.2000000e+01   3.7000000e+01
   6.1000000e+01   5.9000000e+01
   2.0000000e+01  -7.5000000e+01
   2.0000000e+01  -2.7000000e+01
   2.1000000e+01  -1.1400000e+02
   2.0000000e+01  -2.3000000e+01
   2.0000000e+01  -5.5000000e+01
