   6.2100000e+02   2.9991418e+01
   7.7000000e+01  -1.0265513e+02
   2.5000000e+01  -2.2544046e-01
   2.8000000e+01  -9.8369240e+01
   1.2200000e+02   5.6992389e+01
   2.1800000e+02  -8.8781306e+01
   2.9000000e+01   2.7883871e+01
   1.6200000e+02  -8.9909929e+01
   2.5000000e+01  -6.1753646e+00
   9.2000000e+01  -1.1333779e+02
   8.7000000e+01   5.7076623e+01
   3.1800000e+02  -5.9923547e+01
   2.2800000e+02   5.8191408e+01
   8.3000000e+01  -8.9292143e+01
   9.5000000e+01  -2.9481908e+01
   6.4000000e+01  -8.8646990e+01
   5.7800000e+02  -1.4649318e+01
   2.0000000e+01  -1.0188316e+02
   6.8600000e+02   2.9992996e+01
   6.7000000e+01  -1.1970021e+02
   4.2000000e+01  -4.5308479e+01
   1.9200000e+02   5.4703333e+01
   3.3500000e+02  -5.8790215e+01
   3.2000000e+01   2.0210367e+01
   6.5100000e+02  -1.1063590e+02
   2.8500000e+02  -3.0068698e+01
   3.3000000e+02  -6.4447903e+01
   5.3000000e+01   5.0452856e+01
   1.9800000e+02  -4.4685809e+01
   1.8800000e+02  -6.4086113e+01
   8.1000000e+01   5.8701862e+01
   2.6000000e+01  -9.0809280e+01
   2.1000000e+01   4.4936464e+01
   2.0000000e+01  -2.0071587e+01
   2.1000000e+01  -1.1926913e+02
   2.0000000e+01  -4.0736940e+01
   8.6000000e+01   5.7816065e+01
   3.8000000e+01  -9.1675428e+01
   2.4000000e+01   2.6502915e+01
   2.0000000e+01  -9.7485314e+01
   2.0000000e+01  -2.5653359e+01
   2.1000000e+01  -1.0308121e+02
   1.0400000e+02   5.9750137e+01
   2.0000000e+01  -7.7235071e+01
   2.0000000e+01  -3.5891489e+00
   2.0000000e+01  -4.5529301e+01
   2.0000000e+01   3.5081858e+00
   2.0000000e+01  -4.7143361e+01
   6.1000000e+01   5.9798797e+01
   2.0000000e+01  -9.3194547e+01
   2.0000000e+01   3.8010927e+01
