   7.2500000e+02   2.9000000e+01
   2.0100000e+02  -9.8000000e+01
   2.4900000e+02  -2.2000000e+01
   1.0900000e+02   6.0000000e+01
   1.2000000e+02  -9.0000000e+01
   2.3000000e+01  -1.0000000e+01
   2.4000000e+01  -1.1500000e+02
   2.2000000e+01   6.0000000e+01
   1.6800000e+02  -7.8000000e+01
   3.5000000e+01  -2.5000000e+01
   2.4000000e+01  -1.1100000e+02
   3.4000000e+01  -4.8000000e+01
   2.2400000e+02  -6.9000000e+01
   3.1000000e+01  -1.1800000e+02
   3.1000000e+01  -4.7000000e+01
   1.9500000e+02   6.0000000e+01
   2.8000000e+01  -9.0000000e+01
   3.1000000e+01  -1.9000000e+01
   5.9400000e+02  -6.0000000e+01
   1.9500000e+02   2.2000000e+01
   3.2000000e+02  -9.0000000e+01
   1.2600000e+02   5.9000000e+01
   2.6700000e+02  -6.0000000e+01
   3.2000000e+01  -2.4000000e+01
   4.9000000e+01  -1.1100000e+02
   2.0000000e+01   2.2000000e+01
   2.0000000e+01  -3.6000000e+01
   3.2000000e+01  -1.1800000e+02
   3.7000000e+01  -2.5000000e+01
   2.2000000e+01  -1.0200000e+02
   1.1100000e+02   6.0000000e+01
   2.3000000e+01  -1.1400000e+02
   2.1000000e+01   1.8000000e+01
   2.2000000e+01  -5.8000000e+01
   6.7000000e+01   6.0000000e+01
   2.0000000e+01  -1.0000000e+01
   2.0000000e+01   1.4000000e+01
   2.1000000e+01  -9.3000000e+01
   2.0000000e+01   3.2000000e+01
   2.0000000e+01   5.5000000e+01
   2.3000000e+01  -1.0000000e+02
   2.0000000e+01   2.0000000e+01
   1.4600000e+02   4.7000000e+01
   2.8000000e+01  -1.1600000e+02
   1.9400000e+02  -6.0000000e+01
   3.9000000e+01  -1.2000000e+02
   2.4000000e+01  -1.0000000e+00
   2.2000000e+01  -8.8000000e+01
   7.1900000e+02   4.8000000e+01
   2.7000000e+01  -9.2000000e+01
   2.9000000e+01   5.9000000e+01
