   7.2600000e+02   2.9000000e+01
   1.1000000e+02  -1.0900000e+02
   2.2000000e+01  -2.0000000e+00
   2.3000000e+01  -1.1700000e+02
   1.1300000e+02   6.0000000e+01
   1.9600000e+02  -9.0000000e+01
   4.3000000e+01   1.5000000e+01
   3.6000000e+01  -1.1700000e+02
   3.5000000e+01  -3.9000000e+01
   3.3600000e+02   2.9000000e+01
   2.5000000e+01  -7.8000000e+01
   2.7000000e+01  -1.0000000e+01
   1.0500000e+02  -8.7000000e+01
   9.3000000e+01   6.0000000e+01
   5.6100000e+02  -6.0000000e+01
   1.6100000e+02   6.0000000e+01
   2.9000000e+01  -9.0000000e+01
   3.4000000e+01  -2.3000000e+01
   3.8000000e+01  -1.2000000e+02
   2.5000000e+01  -4.0000000e+00
   2.0000000e+01  -8.7000000e+01
   2.6000000e+01  -1.2000000e+02
   2.6000000e+01  -8.0000000e+00
   2.0000000e+01  -7.4000000e+01
   3.8000000e+01   6.0000000e+01
   2.0000000e+01  -6.0000000e+00
   2.0000000e+01  -1.1900000e+02
   1.0100000e+02   6.0000000e+01
   2.6000000e+01  -6.0000000e+01
   2.0000000e+01   6.0000000e+00
   2.0000000e+01  -3.0000000e+01
   2.6000000e+01  -1.1600000e+02
   2.3000000e+01  -4.0000000e+01
   5.2000000e+02   2.4000000e+01
   1.5300000e+02  -1.1600000e+02
   8.8000000e+01  -4.6000000e+01
   4.3000000e+01   5.2000000e+01
   3.6000000e+01  -3.4000000e+01
   4.1000000e+01  -3.3000000e+01
   2.0000000e+01   2.7000000e+01
   2.0000000e+01   5.9000000e+01
   2.0000000e+01  -4.0000000e+01
   4.4000000e+01   6.0000000e+01
   2.0000000e+01  -9.5000000e+01
   2.0000000e+01   5.9000000e+01
   2.0000000e+01  -1.0400000e+02
   2.0000000e+01  -1.2000000e+01
   2.0000000e+01  -1.0000000e+01
   1.0000000e+02   5.0000000e+01
   6.0000000e+01  -1.0000000e+02
   1.1900000e+02   2.5000000e+01
