   6.0200000e+02   2.9946779e+01
   1.1000000e+02  -9.5593268e+01
   2.9000000e+01  -5.8217910e+00
   6.2000000e+01  -7.7411241e+01
   1.0000000e+02   5.9936314e+01
   1.9900000e+02  -8.9800677e+01
   4.7000000e+01   1.2305940e+01
   3.6000000e+01  -1.1814115e+02
   3.0000000e+01  -1.6489851e+01
   2.2000000e+01  -1.1806522e+02
   2.9000000e+01  -4.4482157e+01
   2.0000000e+01  -7.8578288e+01
   3.6700000e+02   5.2119119e+01
   8.3000000e+01  -8.8823229e+01
   5.1000000e+01  -1.8634529e+01
   9.5000000e+01  -8.3466734e+01
   1.9500000e+02   4.9339273e+01
   1.0880000e+03  -5.9984782e+01
   2.9000000e+01   2.9890477e+01
   2.0000000e+01  -8.3976050e+01
   9.2000000e+01  -4.6781219e-01
   5.6000000e+01   5.9349921e+01
   2.2000000e+01  -4.5043929e+01
   2.0000000e+01  -1.0803752e+02
   7.0900000e+02   2.6735951e+01
   5.5000000e+01  -1.1321420e+02
   4.2000000e+01  -3.9708735e+01
   3.3000000e+01  -1.1790922e+02
   1.2600000e+02   4.2272758e+01
   1.2500000e+02  -4.8964699e+01
   5.1000000e+01   5.9330889e+01
   2.1000000e+01  -9.5153673e+01
   2.0000000e+01   5.7364196e+01
   7.6000000e+01   5.6346740e+01
   3.4000000e+01  -7.3605509e+01
   3.7000000e+01  -7.7720287e+00
   4.9000000e+01  -3.8246379e+01
   2.0000000e+01  -1.0465053e+02
   1.0100000e+02   6.6094692e-01
   2.0000000e+01  -3.1750736e-01
   2.1000000e+01  -9.3956746e+01
   2.0000000e+01  -5.2679037e+01
   2.3000000e+01  -1.1907390e+02
   1.1300000e+02  -2.5942602e+01
   4.1000000e+01  -5.8133031e+01
   2.7000000e+02   5.4198213e+01
   2.6000000e+01  -7.8086136e+01
   2.3000000e+01   3.7659651e+01
   3.7000000e+01  -1.0023569e+02
   2.6000000e+01  -7.3101210e+00
   2.1000000e+01   4.3559444e+01
