   8.3200000e+02   2.5969710e+01
   1.3300000e+02  -1.0651104e+02
   3.7600000e+02  -1.4374365e+01
   2.6000000e+01  -1.1893368e+02
   7.2700000e+02   5.8743228e+01
   2.6600000e+02  -8.8622745e+01
   2.0500000e+02  -1.3017029e+00
   3.2000000e+01  -1.1195628e+02
   5.8500000e+02  -5.1358657e+01
   8.6000000e+01   5.5472692e+01
   2.2500000e+02  -8.2807125e+01
   2.1000000e+01   2.8450686e+01
   2.2000000e+01  -6.2989580e+01
   3.8000000e+01  -1.1655046e+02
   2.5000000e+01  -4.3986895e+01
   1.2300000e+02   5.8744210e+01
   2.1000000e+01  -1.0607336e+02
   2.3000000e+01  -4.6323747e+00
   2.3000000e+02  -5.8955958e+01
   6.9400000e+02   2.8394745e+01
   1.6800000e+02  -5.7276781e+01
   2.5000000e+01   9.8642063e+00
   9.3000000e+01  -8.8616636e+01
   2.9000000e+01  -3.0119698e+01
   5.2000000e+01   5.9794352e+01
   2.1000000e+01  -9.8607257e+01
   2.1000000e+01   5.2948192e+01
   6.8000000e+01  -1.0559994e+02
   7.1500000e+02  -2.9115171e+01
   5.2000000e+01  -6.0075607e+01
   2.9000000e+01  -1.1821734e+02
   2.9000000e+01  -1.5262075e+01
   2.1000000e+01  -6.8947316e+01
   1.9600000e+02   5.5038541e+01
   3.9000000e+01  -7.2143644e+01
   4.1400000e+02  -3.2407656e+00
   2.3000000e+01  -4.8206369e+01
   4.2000000e+01  -1.1836469e+02
   3.4000000e+01   3.8327928e+01
   2.1000000e+01  -3.7613469e+01
   2.2000000e+01  -5.6645169e+01
   2.4000000e+01   3.3199428e+00
   3.3800000e+02   2.4410499e+01
   2.5400000e+02  -2.3993159e+00
   1.8600000e+02  -1.0325999e+02
   2.0000000e+01   3.2097968e+00
   2.3000000e+01  -1.1120650e+02
   2.0000000e+01  -8.9709252e+01
   7.5000000e+01   5.0450884e+01
   2.0000000e+01  -1.1449681e+02
   2.4000000e+01   7.5506172e+00
