   6.4300000e+02   2.9000000e+01
   5.3000000e+01  -1.0900000e+02
   2.5000000e+01  -1.0000000e+00
   2.1000000e+01  -1.1700000e+02
   2.0000000e+01   1.2000000e+01
   2.4000000e+01  -9.0000000e+01
   2.1000000e+02   5.6000000e+01
   2.1200000e+02  -9.0000000e+01
   1.0000000e+02  -4.4000000e+01
   2.3200000e+02   3.9000000e+01
   1.6600000e+02  -7.5000000e+01
   1.8100000e+02  -5.0000000e+00
   2.0000000e+01  -6.2000000e+01
   4.6000000e+01  -1.2000000e+02
   2.4000000e+01  -6.0000000e+00
   2.1000000e+01  -1.2000000e+02
   2.2000000e+01  -3.5000000e+01
   2.0000000e+01  -8.5000000e+01
   1.1400000e+02   6.0000000e+01
   2.4000000e+01  -6.0000000e+01
   2.0000000e+01  -3.0000000e+00
   2.2000000e+01  -1.0500000e+02
   5.0000000e+01   6.0000000e+01
   2.0000000e+01   1.7000000e+01
   3.9000000e+01  -1.0900000e+02
   3.7000000e+01   2.9000000e+01
   2.4000000e+01  -5.9000000e+01
   7.4000000e+01  -2.7000000e+01
   2.0000000e+01  -1.1900000e+02
   2.0000000e+01  -3.7000000e+01
   2.6600000e+02   5.4000000e+01
   8.4000000e+01  -5.5000000e+01
   1.5200000e+02  -1.3000000e+01
   2.0000000e+01  -1.0800000e+02
   2.0000000e+01   1.3000000e+01
   2.0000000e+01  -1.6000000e+01
   2.0000000e+01  -1.1900000e+02
   2.0000000e+01   3.5000000e+01
   2.0000000e+01  -6.5000000e+01
   2.0000000e+01   2.6000000e+01
   4.4000000e+01  -1.2000000e+02
   2.0000000e+01   5.0000000e+01
   5.1000000e+01  -4.6000000e+01
   9.8000000e+01   2.4000000e+01
   1.0100000e+02  -4.5000000e+01
   1.0400000e+02   5.8000000e+01
   3.7000000e+01  -9.4000000e+01
   6.1000000e+01  -4.7000000e+01
   2.4000000e+02   5.6000000e+01
   2.9000000e+01  -9.0000000e+01
   1.9200000e+02   1.4000000e+01
