   6.4500000e+02   2.9000000e+01
   6.2000000e+01  -1.0600000e+02
   2.8000000e+01  -1.3000000e+01
   4.5000000e+01  -9.0000000e+01
   1.0600000e+02   5.9000000e+01
   1.0900000e+02  -9.0000000e+01
   2.4000000e+01  -6.0000000e+00
   4.6000000e+01  -1.2000000e+02
   3.1000000e+01  -1.2000000e+01
   2.0000000e+01  -1.1800000e+02
   2.0000000e+01  -3.3000000e+01
   2.0000000e+01  -7.2000000e+01
   5.9000000e+01   5.5000000e+01
   9.2000000e+01  -9.0000000e+01
   3.1000000e+01  -4.9000000e+01
   3.2000000e+01  -1.1900000e+02
   1.0800000e+02   6.0000000e+01
   2.4500000e+02  -6.0000000e+01
   1.7600000e+02   5.7000000e+01
   5.6000000e+01  -9.0000000e+01
   6.5000000e+01  -1.3000000e+01
   2.0000000e+01  -2.8000000e+01
   3.3000000e+01  -1.2000000e+02
   2.0000000e+01   2.8000000e+01
   9.8000000e+01   6.0000000e+01
   2.5000000e+01  -5.9000000e+01
   2.0000000e+01   1.1000000e+01
   2.0000000e+01  -5.0000000e+00
   2.0000000e+01  -1.0700000e+02
   2.0000000e+01   2.4000000e+01
   3.6000000e+01  -4.7000000e+01
   6.9000000e+01  -9.0000000e+01
   4.1000000e+01   5.2000000e+01
   2.6000000e+01  -1.2000000e+02
   2.0000000e+01   2.9000000e+01
   2.0000000e+01  -4.2000000e+01
   2.0000000e+01  -9.5000000e+01
   2.0000000e+01   5.0000000e+00
   2.0000000e+01  -3.6000000e+01
   1.6500000e+02   6.0000000e+01
   2.0000000e+01  -9.5000000e+01
   2.0000000e+01   3.3000000e+01
   2.0000000e+01   3.9000000e+01
   2.0000000e+01  -1.2000000e+02
   2.0000000e+01  -4.5000000e+01
   1.9500000e+02  -6.6000000e+01
   4.6000000e+01  -1.1500000e+02
   1.2500000e+02  -3.5000000e+01
   2.0000000e+01  -1.4000000e+01
   2.0000000e+01  -7.1000000e+01
   2.0000000e+01  -3.4000000e+01
