   6.4400000e+02   2.9000000e+01
   5.3000000e+01  -1.0900000e+02
   2.5000000e+01  -2.0000000e+00
   3.2000000e+01  -1.1900000e+02
   1.0800000e+02   6.0000000e+01
   1.9500000e+02  -9.0000000e+01
   1.6900000e+02   2.9000000e+01
   2.7800000e+02  -8.7000000e+01
   2.5000000e+01  -1.5000000e+01
   2.0000000e+01  -1.1800000e+02
   2.0000000e+01  -3.3000000e+01
   2.0000000e+01  -7.9000000e+01
   1.9700000e+02   6.0000000e+01
   7.6000000e+01  -9.0000000e+01
   2.4000000e+01  -1.2000000e+01
   1.5200000e+02  -9.0000000e+01
   8.9000000e+01   1.1000000e+01
   1.5200000e+02  -5.5000000e+01
   9.4000000e+01   6.0000000e+01
   2.0000000e+01  -5.7000000e+01
   2.0000000e+01  -1.0100000e+02
   5.8300000e+02  -5.1000000e+01
   2.0000000e+01  -1.0600000e+02
   2.0000000e+01  -1.6000000e+01
   2.6800000e+02   4.8000000e+01
   8.4000000e+01  -5.7000000e+01
   4.2700000e+02  -5.0000000e+00
   8.4000000e+01  -9.5000000e+01
   1.3100000e+02   3.2000000e+01
   8.2000000e+01  -5.5000000e+01
   2.9000000e+01   5.0000000e+00
   2.6000000e+01  -1.1800000e+02
   3.0000000e+01  -3.6000000e+01
   1.6000000e+02   6.0000000e+01
   2.0000000e+01  -9.5000000e+01
   2.0000000e+01   2.9000000e+01
   3.3000000e+01  -9.7000000e+01
   2.0000000e+01   4.2000000e+01
   2.0000000e+01   3.5000000e+01
   3.5000000e+01  -1.2000000e+02
   2.0000000e+01   2.4000000e+01
   2.0000000e+01  -7.9000000e+01
   2.6000000e+01  -1.2000000e+02
   2.7000000e+01  -1.0000000e+00
   2.0000000e+01  -3.1000000e+01
   2.0000000e+01  -8.9000000e+01
   2.0000000e+01  -1.1600000e+02
   2.0000000e+01  -8.4000000e+01
   3.1600000e+02   5.5000000e+01
   2.5000000e+01  -9.4000000e+01
   9.7000000e+01   3.3000000e+01
