   1.1200000e+03   2.9384526e+01
   2.7400000e+02  -8.9534832e+01
   4.0500000e+02  -2.3361273e+01
   2.2000000e+01  -1.1500779e+02
   2.8000000e+01  -7.9493449e+00
   2.0000000e+01  -6.3892044e+01
   9.0000000e+01   5.4626870e+01
   4.2000000e+01  -9.9162790e+01
   2.0000000e+01   4.2491361e+01
   6.0000000e+01  -8.7365887e+01
   1.2900000e+02  -2.0273397e+01
   5.0000000e+01  -1.0593613e+02
   4.2300000e+02   4.1121731e+01
   1.5000000e+02  -1.1044166e+02
   4.2200000e+02  -3.4342756e+01
   2.2000000e+01  -1.1915085e+02
   1.1600000e+02   5.9930251e+01
   5.6200000e+02  -5.9980845e+01
   3.0500000e+02   2.7011677e+01
   1.5900000e+02  -8.9464941e+01
   1.0600000e+02   1.2473224e+01
   2.6000000e+01  -8.9876692e+01
   2.0000000e+01  -3.4444872e+01
   2.2000000e+01  -6.8385665e+01
   1.0400000e+02   5.9997246e+01
   3.5000000e+01  -5.6366112e+01
   2.2000000e+01  -9.9194815e+00
   2.2000000e+01  -1.1285651e+02
   2.6000000e+01  -9.9397952e+00
   2.1000000e+01  -4.5583751e+01
   2.0000000e+01  -1.1571402e+02
   2.1000000e+01  -3.5614131e+01
   2.0000000e+01   1.0303417e+01
   1.9500000e+02   5.8852857e+01
   3.2000000e+01  -8.8840740e+01
   4.8000000e+01   8.4534389e+00
   3.5000000e+01  -9.5812412e+01
   4.8000000e+01   5.9784188e+01
   2.1000000e+01  -2.5732316e+01
   3.3000000e+01  -3.2315889e+01
   3.2000000e+01  -1.1218565e+02
   2.8000000e+01   2.6637043e+01
   2.0000000e+01   3.3885196e+01
   2.0000000e+01  -7.9583771e+01
   2.0000000e+01   4.3916577e+01
   4.5000000e+01  -1.0486349e+02
   1.1900000e+02   7.6862028e+00
   1.6400000e+02  -3.7046388e+01
   3.3000000e+01  -7.9069922e+01
   2.1000000e+01  -1.0488141e+01
   2.0000000e+01  -8.5353763e+01
