   7.1900000e+02   2.9000000e+01
   1.3000000e+02  -1.0600000e+02
   4.4000000e+01  -1.0000000e+01
   2.0000000e+01  -7.0000000e+01
   1.0800000e+02   6.0000000e+01
   2.0600000e+02  -8.9000000e+01
   3.8000000e+01  -1.0000000e+00
   2.0000000e+01  -1.1200000e+02
   2.4000000e+01  -3.5000000e+01
   2.4000000e+02   2.9000000e+01
   3.6000000e+01  -8.8000000e+01
   2.0000000e+01  -3.2000000e+01
   2.2000000e+01  -1.1100000e+02
   1.1500000e+02   6.0000000e+01
   2.4300000e+02  -8.7000000e+01
   1.9500000e+02   2.9000000e+01
   5.6000000e+01  -1.1700000e+02
   2.0000000e+01  -3.2000000e+01
   2.9000000e+01  -1.2000000e+02
   6.8000000e+01   6.0000000e+01
   2.1000000e+01  -6.0000000e+01
   5.8000000e+01   6.0000000e+01
   3.9000000e+01  -5.5000000e+01
   2.0000000e+01   2.5000000e+01
   3.1000000e+01  -1.1200000e+02
   9.6000000e+01  -1.9000000e+01
   2.9000000e+02  -6.9000000e+01
   1.5000000e+02   6.0000000e+01
   2.0000000e+01  -1.1300000e+02
   3.2000000e+01  -1.9000000e+01
   2.0000000e+01  -9.2000000e+01
   2.1000000e+01   1.9000000e+01
   2.0000000e+01  -6.9000000e+01
   3.8000000e+01  -1.1300000e+02
   2.3000000e+01   2.4000000e+01
   2.0000000e+01  -5.3000000e+01
   3.8000000e+01  -1.1000000e+02
   1.1400000e+02  -2.0000000e+01
   2.4300000e+02  -9.7000000e+01
   3.6100000e+02   6.0000000e+01
   3.8000000e+01  -9.0000000e+01
   2.3700000e+02   3.2000000e+01
   2.4000000e+01  -4.0000000e+00
   2.7000000e+01  -1.1800000e+02
   3.3000000e+01   5.6000000e+01
   4.0000000e+01  -9.7000000e+01
   3.5000000e+01   5.7000000e+01
   2.0000000e+01  -3.8000000e+01
   4.6000000e+01   5.1000000e+01
   2.6000000e+01  -9.3000000e+01
   2.6000000e+01  -4.2000000e+01
