   8.4500000e+02   2.7000000e+01
   1.1100000e+02  -1.0900000e+02
   2.7600000e+02  -2.5000000e+01
   2.0000000e+01  -1.1500000e+02
   2.1300000e+02   6.0000000e+01
   2.3900000e+02  -8.9000000e+01
   3.4200000e+02   3.6000000e+01
   3.5200000e+02  -8.7000000e+01
   2.1500000e+02  -5.1000000e+01
   1.3900000e+02   2.9000000e+01
   4.3000000e+01  -1.1300000e+02
   2.1000000e+01  -5.3000000e+01
   1.6700000e+02   5.4000000e+01
   5.1000000e+02  -5.6000000e+01
   3.9200000e+02  -6.9000000e+01
   2.0900000e+02   2.9000000e+01
   2.1000000e+01  -1.1700000e+02
   4.2000000e+01  -2.3000000e+01
   1.5200000e+02  -9.0000000e+01
   2.5000000e+01  -1.4000000e+01
   2.0000000e+01  -7.1000000e+01
   3.2800000e+02   5.6000000e+01
   2.1000000e+01  -1.1300000e+02
   4.3000000e+01  -9.0000000e+00
   4.7900000e+02  -5.4000000e+01
   5.6000000e+01  -1.5000000e+01
   2.3000000e+01  -5.9000000e+01
   3.5000000e+01   2.9000000e+01
   2.0000000e+01  -7.7000000e+01
   2.3000000e+01   5.2000000e+01
   2.5000000e+01  -1.1900000e+02
   2.2000000e+01   1.0000000e+01
   2.0000000e+01   2.4000000e+01
   2.0000000e+01  -3.8000000e+01
   3.2000000e+01  -1.2000000e+02
   2.0000000e+01  -4.6000000e+01
   7.5700000e+02   4.8000000e+01
   2.7000000e+01  -9.6000000e+01
   4.4600000e+02   1.2000000e+01
   2.3000000e+01  -5.0000000e+00
   3.2000000e+01  -1.0000000e+02
   4.4000000e+01   5.7000000e+01
   8.1000000e+01   3.6000000e+01
   2.3000000e+01  -1.2000000e+02
   6.6000000e+01  -6.0000000e+01
   1.5600000e+02   4.5000000e+01
   2.5000000e+01  -1.1200000e+02
   4.5000000e+01   5.0000000e+00
   3.6000000e+01  -1.1900000e+02
   3.8000000e+01  -1.1200000e+02
   9.4000000e+01  -8.6000000e+01
