   6.3300000e+02   2.9507628e+01
   1.4000000e+02  -9.1404661e+01
   2.7000000e+01  -7.2109595e+00
   3.4000000e+01  -1.1707780e+02
   4.4000000e+01  -1.9119333e+01
   2.4000000e+01  -6.4108403e+01
   2.0300000e+02   5.5951409e+01
   1.3000000e+02  -8.9215525e+01
   3.3200000e+02  -3.0189213e+01
   4.0000000e+02  -3.0276186e+00
   2.6600000e+02  -8.7883413e+01
   1.1300000e+02  -4.2295453e+01
   2.0000000e+01  -9.6605115e+00
   2.1000000e+01  -1.1943212e+02
   2.0000000e+01  -4.8226044e+01
   7.1000000e+01   5.1643510e+01
   6.1000000e+01  -1.1141181e+02
   2.5000000e+01   4.8082322e+00
   5.4000000e+01  -8.7329886e+01
   3.9300000e+02   4.2295861e+01
   2.3800000e+02  -5.5341125e+01
   2.1000000e+01  -1.6690485e+01
   2.7000000e+01  -8.9800428e+01
   2.0000000e+01  -6.9183365e+00
   4.4000000e+02   2.9848916e+01
   2.0000000e+01  -1.0625925e+02
   6.0600000e+02   2.8037238e+01
   2.5000000e+01  -1.1937547e+02
   2.0000000e+01   5.0172296e+01
   2.1000000e+01  -3.1805432e+01
   2.2000000e+01  -1.0339355e+02
   2.0000000e+01   1.0645195e+01
   2.0000000e+01  -6.1898667e+01
   9.0000000e+01   5.9848660e+01
   2.6000000e+01  -5.8182301e+01
   2.0000000e+01  -3.2050067e+00
   2.0000000e+01  -9.6424184e+01
   2.2000000e+01   3.5738609e+01
   2.0000000e+01  -5.1608906e+01
   1.4400000e+02  -9.2501315e+01
   2.4000000e+02  -3.0116324e+01
   1.4200000e+02   2.2308233e+01
   2.0000000e+01  -5.6497336e+01
   2.1000000e+01  -1.0256053e+02
   2.0000000e+01  -2.6451185e+01
   2.0000000e+01   1.4179565e+01
   2.1000000e+01  -1.1397970e+02
   2.0000000e+01   3.7833030e+01
   6.5900000e+02  -1.4892743e+01
   6.8000000e+01  -1.1105414e+02
   5.9000000e+01  -8.7375845e+01
