   9.6100000e+02   2.5000000e+01
   1.2900000e+02  -1.0600000e+02
   1.5700000e+02  -2.2000000e+01
   2.0000000e+01  -9.6000000e+01
   1.0900000e+02   6.0000000e+01
   1.9500000e+02  -9.0000000e+01
   1.6900000e+02  -6.0000000e+00
   3.8000000e+01  -1.1500000e+02
   4.3400000e+02  -4.5000000e+01
   4.1000000e+01   5.8000000e+01
   1.0300000e+02  -8.7000000e+01
   2.0000000e+01   2.6000000e+01
   2.1800000e+02   4.8000000e+01
   3.1700000e+02  -5.7000000e+01
   3.1400000e+02  -4.0000000e+00
   2.9000000e+01  -5.4000000e+01
   6.6000000e+01  -9.0000000e+01
   2.4000000e+01   5.2000000e+01
   2.7000000e+01  -1.1600000e+02
   1.1300000e+02  -4.1000000e+01
   8.1000000e+01  -6.5000000e+01
   1.7700000e+02   6.0000000e+01
   2.8000000e+01  -9.0000000e+01
   2.3000000e+01   9.0000000e+00
   6.7000000e+01  -1.2000000e+02
   2.0000000e+01  -3.2000000e+01
   2.0000000e+01  -6.8000000e+01
   1.8000000e+02   6.0000000e+01
   2.0000000e+01  -9.5000000e+01
   2.0000000e+01  -3.0000000e+00
   4.3000000e+01  -9.2000000e+01
   6.0000000e+01   5.0000000e+00
   9.0000000e+01  -4.0000000e+00
   3.0000000e+01  -1.2000000e+02
   2.0000000e+01   1.2000000e+01
   2.0000000e+01  -6.5000000e+01
   2.4700000e+02  -1.0000000e+00
   4.4000000e+01  -1.1500000e+02
   3.0000000e+01  -1.7000000e+01
   8.0000000e+01   6.0000000e+01
   2.0000000e+01  -9.5000000e+01
   2.0000000e+01   5.8000000e+01
   2.0000000e+01   5.6000000e+01
   2.0000000e+01  -9.6000000e+01
   2.0000000e+01  -1.1000000e+01
   4.8000000e+01   6.0000000e+01
   2.3000000e+01  -6.0000000e+01
   2.0000000e+01   3.9000000e+01
   2.0000000e+01  -1.1700000e+02
   2.0000000e+01  -8.0000000e+00
   2.0000000e+01  -4.1000000e+01
