   6.4900000e+02   2.9000000e+01
   5.9000000e+01  -1.0700000e+02
   4.5000000e+01  -1.5000000e+01
   3.0000000e+01  -9.9000000e+01
   9.9000000e+01   6.0000000e+01
   1.9600000e+02  -9.0000000e+01
   2.0000000e+01   5.0000000e+00
   1.5300000e+02  -9.0000000e+01
   2.0000000e+01  -3.0000000e+00
   2.9000000e+01  -1.1700000e+02
   4.4000000e+01   6.0000000e+01
   2.0700000e+02  -8.0000000e+01
   1.7800000e+02   6.0000000e+01
   7.4000000e+01  -9.0000000e+01
   5.6000000e+01  -2.9000000e+01
   3.6200000e+02  -5.9000000e+01
   5.1000000e+01  -1.1700000e+02
   7.0000000e+01  -4.7000000e+01
   8.1000000e+01   6.0000000e+01
   2.1000000e+01  -1.1600000e+02
   2.1000000e+01  -3.6000000e+01
   8.7000000e+01   5.9000000e+01
   2.4000000e+01  -6.0000000e+01
   2.0000000e+01   1.2000000e+01
   2.0000000e+01  -2.5000000e+01
   6.7000000e+01  -1.2000000e+02
   2.0000000e+01  -4.9000000e+01
   2.1000000e+01  -1.1900000e+02
   2.7000000e+01  -1.0000000e+01
   2.0000000e+01  -7.1000000e+01
   4.0000000e+01   6.0000000e+01
   2.0000000e+01  -1.1700000e+02
   2.0000000e+01  -1.9000000e+01
   2.0000000e+01   1.5000000e+01
   2.0000000e+01  -4.8000000e+01
   2.0000000e+01  -8.2000000e+01
   3.1000000e+01   6.0000000e+01
   2.1000000e+01  -9.7000000e+01
   2.0000000e+01   2.6000000e+01
   2.7000000e+01   6.0000000e+01
   2.3000000e+01  -6.0000000e+01
   2.0000000e+01  -1.2000000e+01
   3.9000000e+01  -9.8000000e+01
   2.0000000e+01   5.7000000e+01
   2.0000000e+01  -5.1000000e+01
   1.7700000e+02   5.8000000e+01
   2.1000000e+01  -9.8000000e+01
   3.5000000e+01   4.4000000e+01
   1.7100000e+02   5.3000000e+01
   2.1000000e+01  -9.6000000e+01
   3.5000000e+01  -9.0000000e+00
