   7.1600000e+02   2.9712381e+01
   2.1100000e+02  -9.1641199e+01
   5.5000000e+01   2.5521823e+01
   1.4000000e+02  -1.1327999e+02
   9.4000000e+02  -1.2320046e-01
   2.5800000e+02  -8.9819723e+01
   1.1600000e+02   5.9921679e+01
   1.5300000e+02  -8.8457141e+01
   2.6000000e+01  -3.8430750e+00
   1.3200000e+02  -1.1252900e+02
   1.1900000e+02  -3.0077787e+01
   6.4000000e+01  -1.0938260e+02
   7.0000000e+01   5.4319115e+01
   3.1000000e+01  -8.9119101e+01
   2.0000000e+01   5.7771695e+01
   2.0000000e+01  -1.1218420e+02
   7.3700000e+02   2.9856839e+01
   2.8000000e+01  -5.6470818e+01
   8.9000000e+01   5.8722722e+01
   2.8000000e+01  -8.9837591e+01
   3.4000000e+01  -7.5176610e+00
   1.1200000e+02  -8.7035991e+01
   7.9000000e+01  -2.2156624e+01
   1.9400000e+02  -5.4192442e+01
   7.5100000e+02  -3.0145295e+01
   1.7400000e+02  -8.8116599e+01
   2.9800000e+02  -4.6318760e+01
   2.1000000e+01  -2.4341222e+01
   1.1100000e+02  -5.2679321e+01
   2.1000000e+01  -8.4705607e+01
   1.4900000e+02   5.6645464e+01
   2.0000000e+01  -1.1230105e+02
   2.0000000e+01   1.0504515e+01
   2.0000000e+01   4.3401363e+01
   3.1000000e+01  -1.1914151e+02
   2.4000000e+01  -1.6486733e+01
   1.0300000e+02   5.9928976e+01
   2.7000000e+01  -5.8148155e+01
   2.0000000e+01  -3.5037991e-01
   2.1000000e+01  -7.7018105e+01
   2.0000000e+01   3.4485512e+00
   2.0000000e+01  -3.2990981e+01
   2.1000000e+01  -5.1708184e+01
   2.9000000e+01  -1.1181608e+02
   2.3000000e+01  -4.6012447e+01
   2.0000000e+01  -1.1939169e+02
   2.0000000e+01   4.3218052e+01
   2.0000000e+01   6.2345733e+00
   1.1200000e+02   5.5428361e+01
   2.4000000e+01  -1.1411585e+02
   1.5300000e+02   4.9370349e+01
