   1.0820000e+03   2.9114361e+01
   3.7400000e+02  -8.8657038e+01
   6.3000000e+01  -1.9186534e+01
   2.1000000e+01  -1.1833918e+02
   6.7000000e+01   5.9830637e+01
   5.2000000e+01  -1.0915065e+02
   9.3000000e+01  -3.5179700e-02
   1.1300000e+02  -1.1001212e+02
   2.7000000e+01  -4.3320243e+01
   4.7000000e+01  -7.2562961e+01
   7.7000000e+01   5.8421199e+01
   1.9800000e+02  -8.6723834e+01
   2.8000000e+01   2.6463221e+01
   2.7000000e+01  -7.9565710e+01
   9.8000000e+01  -3.0092907e+01
   9.6000000e+01   5.9864430e+01
   6.0200000e+02  -5.7984875e+01
   3.7700000e+02  -1.7618265e+00
   8.4000000e+01  -5.9903714e+01
   2.1000000e+01  -1.1920745e+02
   2.1000000e+01  -1.2593662e+01
   9.7000000e+01   5.9839126e+01
   2.1000000e+01  -9.3300774e+01
   2.4000000e+01  -1.2569310e+01
   1.6800000e+02   5.9846187e+01
   4.0000000e+01  -8.8018754e+01
   2.0000000e+01   5.2273280e+01
   2.9000000e+01  -1.7440520e+01
   3.0000000e+01  -1.1468361e+02
   2.0000000e+01   1.6752531e+01
   3.4000000e+01  -7.6973848e+01
   8.7000000e+01   5.9978860e+01
   2.5000000e+01  -5.7859906e+01
   3.5000000e+01   1.8590793e+01
   2.5000000e+01  -1.0297704e+02
   2.7000000e+01   2.9745088e+01
   3.7000000e+01   3.2277162e+01
   3.0000000e+01  -1.0619624e+02
   3.5000000e+01   5.2211016e+01
   2.0000000e+01  -1.1380111e+02
   2.0000000e+01  -3.3918316e+01
   2.0000000e+01  -2.2084830e+01
   2.1000000e+01  -1.1378898e+02
   2.0000000e+01   3.6694542e+01
   2.0000000e+01   2.6382481e+01
   2.0000000e+01  -3.1949655e+01
   2.1000000e+01  -1.1362724e+02
   2.0000000e+01  -3.0294554e+01
   2.1000000e+01  -1.1881663e+02
   2.9000000e+01  -1.5346398e+01
   2.0000000e+01  -8.9145120e+01
