   8.1900000e+02   2.8000000e+01
   5.6000000e+01  -1.1000000e+02
   7.1000000e+01  -3.0000000e+00
   8.4000000e+01  -1.1200000e+02
   8.6300000e+02  -5.0000000e+00
   6.8000000e+01  -8.9000000e+01
   1.1100000e+02   6.0000000e+01
   1.3000000e+02  -9.0000000e+01
   2.0000000e+01   1.1000000e+01
   2.0000000e+01  -8.1000000e+01
   8.2000000e+01   6.0000000e+01
   5.6300000e+02  -6.0000000e+01
   4.0900000e+02  -3.0000000e+00
   2.1000000e+01  -1.1800000e+02
   3.1000000e+01  -4.3000000e+01
   2.1000000e+01  -2.4000000e+01
   3.6000000e+01  -1.1600000e+02
   2.4000000e+01  -4.1000000e+01
   2.1100000e+02   6.0000000e+01
   3.1000000e+01  -9.0000000e+01
   2.8000000e+01  -1.0000000e+01
   2.1000000e+01  -1.0800000e+02
   2.0000000e+01   3.5000000e+01
   2.1000000e+01  -7.7000000e+01
   2.0000000e+01   4.0000000e+00
   2.2000000e+01  -1.7000000e+01
   3.9200000e+02  -5.2000000e+01
   2.2000000e+01   6.0000000e+00
   2.8000000e+01  -1.1200000e+02
   2.0000000e+01   8.0000000e+00
   4.1800000e+02   5.6000000e+01
   2.0000000e+01  -9.8000000e+01
   4.0000000e+01  -4.0000000e+01
   2.1000000e+01   5.0000000e+00
   2.0000000e+01  -9.3000000e+01
   2.0000000e+01   5.2000000e+01
   4.6400000e+02  -1.1800000e+02
   4.2000000e+01   3.7000000e+01
   8.5000000e+01  -1.0100000e+02
   2.1000000e+01  -3.2000000e+01
   2.1000000e+01   2.8000000e+01
   2.1000000e+01  -7.1000000e+01
   2.7200000e+02   6.0000000e+01
   1.1200000e+02  -7.1000000e+01
   1.0400000e+03   3.0000000e+00
   2.0000000e+01  -9.4000000e+01
   2.0000000e+01  -1.3000000e+01
   2.2000000e+01  -7.1000000e+01
   2.1000000e+01  -7.9000000e+01
   2.0000000e+01  -1.2000000e+02
   2.2000000e+01  -3.0000000e+01
