   6.4200000e+02   2.9000000e+01
   1.0500000e+02  -1.0900000e+02
   2.4000000e+01  -4.0000000e+00
   2.1000000e+01  -1.1700000e+02
   1.1200000e+02   6.0000000e+01
   1.9500000e+02  -9.0000000e+01
   1.3000000e+02  -3.0000000e+00
   3.2000000e+01  -1.1900000e+02
   2.8000000e+01  -3.8000000e+01
   2.0000000e+01  -2.1000000e+01
   3.5000000e+01   6.0000000e+01
   1.0600000e+02  -8.7000000e+01
   1.2400000e+02   5.6000000e+01
   4.2000000e+01  -9.2000000e+01
   7.6000000e+01  -2.2000000e+01
   1.4300000e+02   6.0000000e+01
   7.6000000e+01  -9.0000000e+01
   3.6000000e+01  -4.2000000e+01
   5.4000000e+01   6.0000000e+01
   2.3000000e+01  -6.0000000e+01
   2.0000000e+01   1.6000000e+01
   4.3000000e+01  -1.1800000e+02
   2.0000000e+01   1.3000000e+01
   2.0000000e+01  -5.9000000e+01
   2.9000000e+01  -2.0000000e+00
   2.0000000e+01  -8.3000000e+01
   2.0000000e+01  -5.3000000e+01
   2.5000000e+01   6.0000000e+01
   2.0000000e+01  -8.0000000e+01
   2.0000000e+01   2.6000000e+01
   2.4000000e+01  -6.0000000e+01
   4.5000000e+01  -1.2000000e+02
   2.0000000e+01  -6.1000000e+01
   2.7900000e+02   4.8000000e+01
   7.1000000e+01  -9.3000000e+01
   1.0700000e+02  -1.6000000e+01
   5.3000000e+01  -1.2000000e+02
   2.3000000e+01  -1.0000000e+00
   2.0000000e+01  -6.9000000e+01
   2.7900000e+02   5.6000000e+01
   2.5000000e+01  -9.5000000e+01
   7.6000000e+01   5.3000000e+01
   2.0000000e+01  -1.6000000e+01
   2.6000000e+01  -1.1900000e+02
   2.0000000e+01  -4.8000000e+01
   1.9800000e+02   6.0000000e+01
   2.7000000e+01  -9.2000000e+01
   4.2000000e+01  -2.5000000e+01
   2.1000000e+01  -4.0000000e+00
   2.3000000e+01  -1.0400000e+02
   2.1000000e+01   2.0000000e+01
