   6.3100000e+02   2.9838057e+01
   5.1000000e+01  -1.1010217e+02
   6.6000000e+01  -8.6241418e+00
   2.0000000e+01  -1.0893461e+02
   1.1200000e+02   5.9986837e+01
   2.2500000e+02  -8.8013573e+01
   6.0300000e+02   2.4010325e+01
   4.6500000e+02  -8.6374008e+01
   1.0400000e+02  -2.4944227e+01
   2.0000000e+01  -1.1235712e+02
   3.0000000e+01  -4.5572727e+01
   2.2000000e+01  -6.1049297e+01
   2.0900000e+02   5.6626418e+01
   7.1300000e+02  -5.9059507e+01
   2.5100000e+02   5.0038421e+01
   5.6000000e+01  -9.3541631e+01
   1.0100000e+02  -2.3143816e+01
   4.6000000e+01  -1.0139203e+02
   2.1000000e+01  -3.0031273e+01
   2.0000000e+01  -1.1811667e+02
   2.2900000e+02  -3.0156277e+01
   2.0000000e+01  -2.7023563e+01
   2.4000000e+01  -8.4319006e+01
   2.0000000e+01   1.9084268e+01
   5.1000000e+01  -1.1925754e+02
   9.9000000e+01   4.7365582e+01
   3.5000000e+02  -8.3570740e+01
   2.1200000e+02   5.9970460e+01
   3.2000000e+01  -8.9955237e+01
   2.0000000e+01   2.8331012e+01
   4.2000000e+01  -9.2590433e+01
   4.3000000e+01  -5.0595759e-01
   4.1000000e+01  -4.8976385e+01
   4.5000000e+01   2.9969132e+01
   2.6000000e+01  -5.7529131e+01
   2.1000000e+01   4.4928770e+01
   7.0000000e+01   5.8763171e+01
   2.0000000e+01  -8.0383562e+01
   2.4000000e+01  -1.7777078e+01
   8.4000000e+01  -1.1696292e+02
   2.5000000e+01  -5.4101233e+00
   2.0000000e+01  -6.1594874e+01
   2.3400000e+02   4.0037676e+01
   3.5000000e+01  -1.1125957e+02
   1.0000000e+02  -5.1158163e+00
   2.9000000e+01   5.9298000e+01
   2.1000000e+01  -1.0057003e+02
   2.3000000e+01   1.9396718e+01
   2.2000000e+01  -1.1262567e+02
   7.2000000e+01   5.1985964e+01
   3.7000000e+01   1.5414808e+00
