   6.4400000e+02   2.9000000e+01
   1.0500000e+02  -1.0900000e+02
   2.2000000e+01  -2.0000000e+00
   2.0000000e+01  -9.8000000e+01
   1.0900000e+02   6.0000000e+01
   1.9500000e+02  -9.0000000e+01
   2.0000000e+01   6.0000000e+01
   4.1000000e+01  -9.0000000e+01
   2.1000000e+01  -3.0000000e+00
   2.1000000e+01  -1.0700000e+02
   2.1000000e+01   1.2000000e+01
   2.0000000e+01  -8.1000000e+01
   2.1000000e+01  -4.1000000e+01
   2.9000000e+01  -1.1800000e+02
   2.8000000e+01  -4.3000000e+01
   6.4800000e+02   5.4000000e+01
   8.4000000e+01  -9.0000000e+01
   8.8000000e+01  -3.0000000e+01
   3.3000000e+01  -5.7000000e+01
   8.1000000e+01  -8.3000000e+01
   5.1000000e+01   1.4000000e+01
   6.3100000e+02   2.9000000e+01
   6.8000000e+01  -1.2000000e+02
   2.5000000e+01  -8.0000000e+00
   2.0000000e+01  -8.7000000e+01
   1.0900000e+02   6.0000000e+01
   5.6200000e+02  -6.0000000e+01
   1.1600000e+02   5.5000000e+01
   2.8000000e+01  -5.8000000e+01
   2.0000000e+01  -1.2000000e+01
   3.5000000e+01  -9.6000000e+01
   2.0900000e+02   5.4000000e+01
   1.5400000e+02   7.0000000e+00
   6.4000000e+01  -1.0400000e+02
   4.9000000e+01  -2.7000000e+01
   2.0000000e+01  -4.2000000e+01
   2.0000000e+01   1.3000000e+01
   2.0000000e+01  -9.7000000e+01
   2.0000000e+01  -4.3000000e+01
   4.9000000e+01  -1.1600000e+02
   3.6000000e+01  -1.0000000e+01
   5.1000000e+01  -1.0600000e+02
   6.1000000e+01   3.0000000e+00
   3.7000000e+01  -1.2000000e+02
   2.1900000e+02  -8.5000000e+01
   6.7000000e+01   3.0000000e+01
   9.2000000e+01   9.0000000e+00
   1.4100000e+02  -5.0000000e+01
   1.2200000e+02   5.8000000e+01
   2.4000000e+01  -1.0200000e+02
   4.9000000e+01   1.5000000e+01
