   7.8700000e+02   2.8000000e+01
   1.0500000e+02  -1.1000000e+02
   5.6000000e+01  -1.4000000e+01
   2.3000000e+01  -9.1000000e+01
   1.0900000e+02   6.0000000e+01
   2.1500000e+02  -8.9000000e+01
   1.4900000e+02  -1.0000000e+00
   5.0000000e+01  -1.1000000e+02
   5.5000000e+01  -4.2000000e+01
   3.0000000e+02   2.9000000e+01
   3.0000000e+01  -8.9000000e+01
   2.0000000e+01  -2.3000000e+01
   2.5800000e+02   6.0000000e+01
   9.2000000e+01  -8.8000000e+01
   5.7000000e+01  -1.8000000e+01
   2.9000000e+01  -9.0000000e+01
   4.0800000e+02   3.3000000e+01
   5.6200000e+02  -6.0000000e+01
   1.5700000e+02   4.0000000e+00
   5.9000000e+01  -1.1600000e+02
   2.2000000e+01  -4.1000000e+01
   1.3800000e+02   1.0000000e+01
   1.9400000e+02  -7.9000000e+01
   2.0100000e+02  -6.2000000e+01
   1.2900000e+02   5.9000000e+01
   3.0000000e+01  -5.7000000e+01
   2.0000000e+01   2.3000000e+01
   2.0000000e+01   4.2000000e+01
   3.6000000e+01  -9.7000000e+01
   2.3000000e+01  -6.0000000e+00
   3.6000000e+01  -1.1600000e+02
   2.0000000e+01   1.0000000e+01
   2.0000000e+01  -4.3000000e+01
   4.8000000e+01  -6.5000000e+01
   2.2000000e+01   6.0000000e+01
   1.5500000e+02  -4.3000000e+01
   3.3600000e+02   5.6000000e+01
   3.8000000e+01  -9.1000000e+01
   4.6300000e+02   5.6000000e+01
   2.2000000e+01  -9.3000000e+01
   2.1000000e+01  -2.6000000e+01
   2.0000000e+01  -9.0000000e+00
   3.1000000e+01  -1.1500000e+02
   2.2000000e+01   2.2000000e+01
   2.8300000e+02   3.4000000e+01
   3.4000000e+01  -1.2000000e+02
   2.6000000e+01   4.8000000e+01
   2.7400000e+02  -3.1000000e+01
   3.9000000e+01  -1.2000000e+02
   4.1000000e+01  -1.3000000e+01
   2.2000000e+01  -7.5000000e+01
