   7.2300000e+02   2.9000000e+01
   6.4000000e+01  -1.0700000e+02
   2.3000000e+01  -4.0000000e+00
   5.5000000e+01  -1.0900000e+02
   5.5000000e+01  -7.0000000e+00
   2.3000000e+01  -9.1000000e+01
   1.1000000e+02   6.0000000e+01
   2.1000000e+01  -1.0000000e+01
   1.9600000e+02  -9.0000000e+01
   1.1300000e+02   6.0000000e+01
   6.9000000e+01  -8.7000000e+01
   2.0000000e+01  -3.0000000e+00
   3.2100000e+02  -6.0000000e+01
   2.0000000e+01   2.7000000e+01
   1.0800000e+02  -8.7000000e+01
   2.0200000e+02   2.9000000e+01
   2.0000000e+01  -1.1900000e+02
   3.3000000e+01  -3.6000000e+01
   1.4600000e+02  -9.0000000e+01
   2.1000000e+01  -3.9000000e+01
   2.0000000e+01  -7.3000000e+01
   1.5300000e+02   5.6000000e+01
   2.5000000e+01  -6.0000000e+01
   2.0000000e+01   2.2000000e+01
   3.5000000e+01  -1.1100000e+02
   2.6000000e+01  -1.0000000e+00
   2.0000000e+01  -4.7000000e+01
   5.0000000e+01   5.8000000e+01
   2.2000000e+01  -9.4000000e+01
   2.0000000e+01   5.8000000e+01
   2.0000000e+01  -4.1000000e+01
   3.3000000e+01  -1.2000000e+02
   2.1000000e+01   1.4000000e+01
   2.0000000e+01  -6.9000000e+01
   2.0000000e+01   4.7000000e+01
   2.0000000e+01  -7.6000000e+01
   4.1000000e+01  -1.1700000e+02
   4.7000000e+01  -2.0000000e+01
   3.0000000e+01  -8.4000000e+01
   2.9000000e+01  -8.5000000e+01
   7.0000000e+01   1.2000000e+01
   2.0000000e+01  -5.2000000e+01
   2.1700000e+02   5.8000000e+01
   2.0000000e+01  -8.2000000e+01
   1.6200000e+02   4.5000000e+01
   2.0000000e+01   5.3000000e+01
   2.0000000e+01  -9.6000000e+01
   2.0000000e+01  -7.0000000e+00
   2.4000000e+01  -1.1600000e+02
   7.6000000e+01   2.4000000e+01
   3.7500000e+02  -8.4000000e+01
