   7.4800000e+02   2.8000000e+01
   7.6000000e+01  -1.0400000e+02
   3.8000000e+01  -2.4000000e+01
   4.7000000e+01  -8.9000000e+01
   1.0820000e+03   6.0000000e+01
   4.1200000e+02  -8.9000000e+01
   4.1000000e+01  -1.0000000e+00
   2.0000000e+01  -1.1400000e+02
   1.2500000e+02  -4.3000000e+01
   4.8000000e+01   6.0000000e+01
   3.6000000e+01  -8.8000000e+01
   1.3100000e+02  -1.0000000e+00
   5.2000000e+01  -1.0000000e+02
   4.1000000e+01   2.6000000e+01
   1.0300000e+02  -8.2000000e+01
   4.1000000e+01  -5.1000000e+01
   3.3000000e+01  -1.1100000e+02
   2.0000000e+01   4.9000000e+01
   9.9000000e+01   6.0000000e+01
   2.3000000e+01  -6.0000000e+01
   2.2000000e+01  -1.2000000e+01
   4.7000000e+01  -8.9000000e+01
   5.6000000e+01   6.0000000e+01
   2.1000000e+01   2.7000000e+01
   2.5000000e+01  -1.1800000e+02
   8.7000000e+01   1.0000000e+01
   2.5100000e+02  -5.9000000e+01
   2.9500000e+02   5.1000000e+01
   6.0000000e+01  -5.6000000e+01
   5.2200000e+02  -1.1000000e+01
   2.0000000e+01  -1.1200000e+02
   2.0000000e+01  -2.5000000e+01
   2.1000000e+01   5.0000000e+01
   7.1000000e+01  -5.2000000e+01
   2.2000000e+01  -1.1400000e+02
   2.0000000e+01  -3.2000000e+01
   1.8900000e+02   3.9000000e+01
   2.5000000e+01  -1.1200000e+02
   6.7000000e+01   5.4000000e+01
   6.5000000e+01  -1.2000000e+02
   2.6000000e+01  -5.0000000e+00
   2.0000000e+01  -8.8000000e+01
   2.8200000e+02   5.4000000e+01
   2.5000000e+01  -9.2000000e+01
   9.6000000e+01   2.8000000e+01
   2.3000000e+01  -4.9000000e+01
   2.0000000e+01  -1.1500000e+02
   2.0000000e+01  -4.4000000e+01
   2.0000000e+01  -7.0000000e+01
   2.4000000e+01  -1.2000000e+02
   2.1000000e+01   2.7000000e+01
