   6.6100000e+02   2.9000000e+01
   6.0000000e+01  -1.0700000e+02
   5.7000000e+01  -1.5000000e+01
   3.0000000e+01  -9.5000000e+01
   9.8000000e+01   6.0000000e+01
   1.9700000e+02  -9.0000000e+01
   2.0000000e+01   6.0000000e+00
   1.5100000e+02  -9.0000000e+01
   2.3000000e+01  -9.0000000e+00
   2.1000000e+01  -1.1800000e+02
   4.1000000e+01   6.0000000e+01
   2.0000000e+01  -8.5000000e+01
   2.4800000e+02  -1.0000000e+00
   4.8000000e+01  -1.1900000e+02
   5.9000000e+01  -5.0000000e+01
   1.7600000e+02   5.7000000e+01
   4.1000000e+01  -9.0000000e+01
   2.8000000e+01  -1.4000000e+01
   4.5900000e+02  -5.9000000e+01
   2.5000000e+01   1.0000000e+01
   5.6000000e+01  -5.6000000e+01
   1.5400000e+02   4.7000000e+01
   4.7000000e+01  -1.1500000e+02
   5.1900000e+02  -5.0000000e+01
   1.0700000e+02   6.0000000e+01
   2.3000000e+01  -6.0000000e+01
   2.0000000e+01   3.0000000e+00
   2.0000000e+01  -7.0000000e+00
   2.0000000e+01  -1.0800000e+02
   2.0000000e+01  -3.0000000e+01
   5.6000000e+01  -1.2000000e+02
   2.0000000e+01  -3.2000000e+01
   2.0000000e+01  -7.8000000e+01
   8.3000000e+01   6.0000000e+01
   2.0000000e+01  -9.6000000e+01
   2.0000000e+01   3.8000000e+01
   8.4000000e+01  -9.0000000e+01
   2.9000000e+01   2.5000000e+01
   3.0000000e+01  -4.1000000e+01
   1.2600000e+02   3.7000000e+01
   2.4000000e+01  -1.0600000e+02
   3.4000000e+01   4.2000000e+01
   2.0000000e+01  -1.1700000e+02
   2.0000000e+01  -2.0000000e+00
   2.0000000e+01  -5.9000000e+01
   2.4700000e+02   5.7000000e+01
   7.7000000e+01  -9.3000000e+01
   1.2700000e+02  -4.8000000e+01
   1.3200000e+02   6.0000000e+01
   2.0000000e+01  -9.5000000e+01
   2.0000000e+01  -2.1000000e+01
