   6.9700000e+02   2.9944749e+01
   1.2300000e+02  -1.0808444e+02
   6.1300000e+02  -2.0621459e+01
   3.5000000e+01  -7.9026316e+01
   1.1200000e+02   5.9586294e+01
   2.4700000e+02  -8.8251447e+01
   5.3000000e+01   2.8834443e+01
   4.9000000e+01  -1.1146881e+02
   2.1000000e+01  -3.4163725e+01
   2.2000000e+01  -1.1389370e+02
   5.4000000e+01   5.5066511e+01
   1.0300000e+02  -8.6872150e+01
   2.4400000e+02   5.5569638e+01
   3.0000000e+01  -8.9260335e+01
   3.6000000e+01  -1.3024078e+01
   6.6600000e+02  -5.2672553e+01
   2.3000000e+01  -8.9394609e+01
   2.0000000e+01  -7.4236089e-01
   2.3000000e+01  -5.7094506e+01
   4.6000000e+01   2.9793855e+01
   2.1000000e+01  -1.1967112e+02
   2.6000000e+01  -7.9881434e+00
   3.7000000e+01  -1.1469844e+02
   2.0000000e+01  -5.3799978e+01
   1.0420000e+03   2.8982919e+01
   6.1900000e+02  -5.9736275e+01
   7.6000000e+01  -1.0663551e+02
   1.4600000e+02   5.8044512e+01
   3.4000000e+01  -1.1337206e+02
   1.2900000e+02   2.9087305e+01
   2.0000000e+01  -1.1622253e+02
   2.0000000e+01  -5.6748446e+01
   2.2000000e+01  -2.9648505e+00
   3.1000000e+01  -9.4295575e+01
   3.4000000e+01  -8.8123998e+00
   2.6000000e+01  -5.2453624e+01
   4.3000000e+01  -1.1256565e+02
   3.1000000e+01  -1.7105718e+01
   2.0000000e+01  -7.6879523e+01
   9.5000000e+01   5.9238866e+01
   2.6000000e+01  -9.7081424e+01
   5.9300000e+02   5.6113350e+01
   1.5400000e+02  -1.9702041e+01
   2.3000000e+01  -9.1194562e+01
   1.9700000e+02   5.0879848e+01
   3.6000000e+01  -1.0477433e+02
   4.6000000e+01   1.8396033e+01
   2.7000000e+01  -7.4351451e+00
   7.5000000e+01   5.9988182e+01
   3.1000000e+01  -7.3566319e+01
   2.1000000e+01   2.7936715e+01
