   6.4300000e+02   2.9000000e+01
   5.3000000e+01  -1.0900000e+02
   2.5000000e+01  -1.0000000e+00
   2.9000000e+01  -1.0000000e+02
   1.0000000e+02   6.0000000e+01
   1.9600000e+02  -9.0000000e+01
   1.7000000e+02   2.9000000e+01
   2.8000000e+02  -8.7000000e+01
   2.0000000e+01  -4.0000000e+00
   2.0000000e+01  -1.2000000e+02
   2.0000000e+01  -3.2000000e+01
   2.0000000e+01  -7.9000000e+01
   1.3500000e+02   6.0000000e+01
   7.0000000e+01  -8.7000000e+01
   2.2000000e+01  -2.0000000e+00
   4.2600000e+02  -5.5000000e+01
   5.5000000e+01   3.2000000e+01
   2.0800000e+02  -7.0000000e+01
   7.7000000e+01   5.8000000e+01
   6.4000000e+01  -1.1500000e+02
   2.6000000e+02  -3.6000000e+01
   9.7000000e+01  -8.3000000e+01
   5.2200000e+02   1.3000000e+01
   2.6000000e+02  -9.2000000e+01
   1.2100000e+02   6.0000000e+01
   2.8000000e+01  -5.9000000e+01
   2.0000000e+01   2.6000000e+01
   2.2000000e+01  -1.2000000e+02
   2.3000000e+01  -1.0000000e+00
   2.0000000e+01  -4.7000000e+01
   4.8000000e+01  -1.1900000e+02
   4.4000000e+01  -9.0000000e+00
   3.2000000e+01  -7.1000000e+01
   4.9000000e+01   6.0000000e+01
   2.3000000e+01  -9.9000000e+01
   2.2000000e+01   2.4000000e+01
   3.4300000e+02   5.0000000e+01
   8.1000000e+01  -7.2000000e+01
   3.6900000e+02  -9.0000000e+00
   2.5000000e+01  -1.0200000e+02
   2.2000000e+01   4.9000000e+01
   2.0000000e+01  -3.9000000e+01
   2.6000000e+01   5.5000000e+01
   2.5000000e+01  -9.4000000e+01
   5.1000000e+01  -2.1000000e+01
   3.3000000e+01  -1.0100000e+02
   4.1000000e+01  -4.4000000e+01
   2.4000000e+01  -6.9000000e+01
   2.4400000e+02   5.6000000e+01
   5.3000000e+01  -8.9000000e+01
   1.5100000e+02  -5.4000000e+01
