   6.7300000e+02   2.9989173e+01
   1.1900000e+02  -1.0754498e+02
   6.1900000e+02  -2.0861478e+01
   2.0000000e+01  -1.0294903e+02
   1.0900000e+02   5.9973513e+01
   2.0000000e+02  -8.9932511e+01
   3.9000000e+01   2.6128592e+01
   2.1000000e+01  -1.1745842e+02
   2.1000000e+01  -3.3560285e+01
   2.7000000e+01  -2.6123547e+01
   7.9000000e+01  -8.8159139e+01
   2.0000000e+01  -3.4816434e+01
   1.9400000e+02   5.9448993e+01
   2.8000000e+01  -8.9753855e+01
   3.0000000e+01  -2.0712195e+01
   2.6700000e+02  -5.9956026e+01
   2.0000000e+01  -5.0450185e+00
   1.0500000e+02  -7.8834693e+01
   2.0000000e+01   4.4724215e+01
   2.0000000e+01  -1.1305852e+02
   2.9000000e+01  -1.5276068e+01
   2.1000000e+01  -7.9844888e+01
   9.8000000e+01   5.9903163e+01
   3.0000000e+01  -5.9492679e+01
   2.0000000e+01   2.6954522e+01
   2.4000000e+01  -1.1285915e+02
   2.0000000e+01   1.0062928e+01
   1.9300000e+02  -5.8614216e+01
   2.0000000e+01   2.9588981e+01
   2.0000000e+01  -5.9939939e+01
   6.6000000e+01  -1.1249639e+02
   4.7000000e+01  -1.9018856e+01
   3.2000000e+01  -1.0903832e+02
   7.6000000e+01  -2.2815507e+01
   6.7000000e+01  -1.1302703e+02
   6.0000000e+01  -6.3981454e+01
   2.4000000e+01  -6.8500407e-01
   2.0000000e+01  -6.3178529e+01
   2.0000000e+01  -1.0023784e+02
   3.2800000e+02   4.7735493e+01
   3.7000000e+01  -1.1016115e+02
   5.2000000e+01  -3.8730896e+01
   1.7200000e+02   5.8309350e+01
   2.4000000e+01  -9.4313933e+01
   4.4000000e+01   4.3639544e+01
   2.0000000e+01  -1.0119527e+01
   2.4000000e+01  -1.1960798e+02
   2.1000000e+01   1.5060031e+01
   2.0000000e+01   5.8984776e+01
   2.0000000e+01  -1.1802432e+02
   2.0000000e+01  -4.4082159e+01
