   1.1380000e+03   2.9746621e+01
   2.4600000e+02  -8.9753473e+01
   2.6900000e+02  -1.2857397e+01
   8.4000000e+01  -9.0362202e+01
   2.2600000e+02   3.5939405e+01
   2.6300000e+02  -9.1289559e+01
   3.1000000e+01  -1.7798539e+01
   2.0000000e+01  -1.1484668e+02
   2.0000000e+01  -3.5509552e+01
   8.1000000e+01   4.9474737e+01
   5.3000000e+01  -8.9475018e+01
   4.2400000e+02  -4.6203407e+01
   4.6700000e+02   2.9973703e+01
   2.3000000e+01  -1.1179250e+02
   3.7000000e+01  -2.3097282e+01
   2.0000000e+01  -1.1933587e+02
   4.0700000e+02   2.9997094e+01
   1.8100000e+02  -8.6676707e+01
   1.6900000e+02   5.1439142e+01
   1.1900000e+02  -5.9877012e+01
   7.1800000e+02  -2.9941814e+01
   9.3000000e+02  -5.9973566e+01
   2.2000000e+01  -1.8853426e+01
   3.4700000e+02  -6.9865323e+01
   1.1900000e+02   5.9818058e+01
   2.3000000e+01  -5.9875381e+01
   2.1000000e+01  -5.7760818e+00
   3.1000000e+01  -1.1327769e+02
   4.0000000e+01   3.7479907e+01
   6.6000000e+01   4.6419611e+01
   1.5500000e+02   5.8437934e+01
   5.8000000e+01  -8.8341923e+01
   3.6000000e+01   1.0852132e+01
   5.8000000e+01  -9.7623775e+01
   1.0200000e+02   1.0477651e+01
   7.2000000e+01   4.9786408e+01
   2.0000000e+01  -1.1687900e+02
   2.7000000e+01  -1.0245887e+01
   2.0000000e+01  -3.3813702e+01
   2.0200000e+02   5.7215042e+01
   2.8000000e+01  -1.1440186e+02
   4.7000000e+01   3.9612949e+00
   2.5000000e+01  -1.1869264e+02
   2.4000000e+01  -5.9024664e+01
   2.0000000e+01   1.4354597e+01
   3.8000000e+01  -1.1570918e+02
   2.3000000e+01  -4.0714484e+00
   2.0000000e+01  -7.1732901e+01
   1.2700000e+02  -1.1090135e+02
   3.5000000e+01   4.2831490e+01
   2.4000000e+01  -4.8861913e+01
