   6.4400000e+02   2.9000000e+01
   5.3000000e+01  -1.0900000e+02
   2.4000000e+01  -1.0000000e+00
   3.4000000e+01  -1.1800000e+02
   1.0800000e+02   6.0000000e+01
   1.9500000e+02  -9.0000000e+01
   2.6000000e+01   1.2000000e+01
   1.5700000e+02  -9.0000000e+01
   2.1000000e+01  -2.0000000e+00
   2.0000000e+01  -1.1800000e+02
   2.3000000e+01  -3.8000000e+01
   2.0000000e+01  -8.4000000e+01
   1.3300000e+02   6.0000000e+01
   1.4200000e+02  -8.7000000e+01
   2.0000000e+01   5.5000000e+01
   2.0000000e+01  -7.9000000e+01
   1.5800000e+02   2.9000000e+01
   3.1600000e+02  -6.0000000e+01
   4.7000000e+01  -5.0000000e+00
   2.1000000e+01  -1.1600000e+02
   5.1000000e+01  -4.3000000e+01
   9.6000000e+01   6.0000000e+01
   2.5000000e+01  -5.9000000e+01
   2.0000000e+01  -1.3000000e+01
   2.0000000e+01  -9.4000000e+01
   2.0000000e+01  -5.1000000e+01
   3.0000000e+02   2.9000000e+01
   2.8000000e+01  -1.0000000e+02
   6.7000000e+01   6.0000000e+01
   4.1000000e+01  -1.7000000e+01
   4.2000000e+01  -1.2000000e+02
   2.0000000e+01   2.2000000e+01
   2.0000000e+01  -8.7000000e+01
   2.0000000e+01   3.6000000e+01
   2.1000000e+01  -6.0000000e+01
   2.0000000e+01   3.8000000e+01
   2.0000000e+01  -1.1800000e+02
   2.3000000e+01  -3.0000000e+00
   2.0000000e+01  -4.3000000e+01
   2.0000000e+01  -1.1800000e+02
   2.3000000e+01  -2.0000000e+00
   2.0000000e+01  -5.1000000e+01
   1.1600000e+02   6.0000000e+01
   2.3000000e+01  -6.0000000e+01
   2.0000000e+01   2.9000000e+01
   2.5000000e+01   2.8000000e+01
   2.3000000e+01  -1.1900000e+02
   2.6000000e+01  -1.1000000e+01
   2.0000000e+01  -1.1300000e+02
   2.0000000e+01   1.7000000e+01
   2.0000000e+01   4.3000000e+01
