   6.4500000e+02   2.9000000e+01
   5.3000000e+01  -1.0900000e+02
   2.2000000e+01  -1.0000000e+00
   2.0000000e+01  -1.0100000e+02
   9.8000000e+01   6.0000000e+01
   1.9600000e+02  -9.0000000e+01
   1.7100000e+02   2.9000000e+01
   2.8100000e+02  -8.7000000e+01
   2.0000000e+01  -1.0000000e+00
   2.0000000e+01  -1.1800000e+02
   2.1000000e+01  -3.2000000e+01
   2.0000000e+01  -7.0000000e+01
   1.3300000e+02   6.0000000e+01
   7.3000000e+01  -8.6000000e+01
   2.0000000e+01  -5.0000000e+00
   2.1000000e+01  -7.9000000e+01
   5.3000000e+01   6.0000000e+01
   5.6100000e+02  -6.0000000e+01
   2.0000000e+01  -7.0000000e+00
   2.0000000e+01  -1.1900000e+02
   2.1000000e+01  -3.5000000e+01
   2.0000000e+01  -6.2000000e+01
   1.9000000e+02   2.9000000e+01
   2.0000000e+01  -5.0000000e+01
   5.2000000e+01   6.0000000e+01
   2.6000000e+01  -9.4000000e+01
   2.8000000e+01   2.8000000e+01
   1.3300000e+02   4.8000000e+01
   2.6000000e+01  -1.1600000e+02
   2.8800000e+02  -4.9000000e+01
   4.2000000e+01  -1.2000000e+02
   2.5000000e+01  -4.0000000e+00
   2.0000000e+01  -4.2000000e+01
   1.1500000e+02   6.0000000e+01
   2.3000000e+01  -6.0000000e+01
   2.0000000e+01   1.2000000e+01
   2.0000000e+01  -9.9000000e+01
   2.0000000e+01  -5.0000000e+00
   2.0000000e+01   1.6000000e+01
   2.0000000e+01  -1.1800000e+02
   7.8000000e+01   6.0000000e+01
   2.0000000e+01  -5.0000000e+00
   2.2000000e+01  -1.2000000e+02
   2.0000000e+01  -3.7000000e+01
   2.0000000e+01   1.0000000e+00
   1.3300000e+02   6.0000000e+01
   2.0000000e+01  -9.5000000e+01
   2.0000000e+01   6.0000000e+01
   2.0000000e+01  -1.0100000e+02
   2.0000000e+01   1.1000000e+01
   2.0000000e+01  -6.8000000e+01
