   6.4600000e+02   2.9000000e+01
   5.3000000e+01  -1.0900000e+02
   2.2000000e+01  -3.0000000e+00
   2.0000000e+01  -8.8000000e+01
   9.6000000e+01   6.0000000e+01
   1.9700000e+02  -9.0000000e+01
   2.3000000e+01   1.0000000e+01
   3.0000000e+01  -1.2000000e+02
   2.5000000e+01  -4.0000000e+00
   2.0000000e+01  -1.1800000e+02
   2.3000000e+01  -3.8000000e+01
   2.1000000e+01  -8.4000000e+01
   1.2100000e+02   5.9000000e+01
   2.4600000e+02  -6.0000000e+01
   7.3000000e+01  -8.7000000e+01
   2.1600000e+02   5.8000000e+01
   8.0000000e+01  -9.0000000e+01
   6.7000000e+01  -4.0000000e+00
   2.0500000e+02  -6.8000000e+01
   2.1000000e+01  -1.1800000e+02
   2.0000000e+01   4.7000000e+01
   1.8700000e+02  -6.0000000e+01
   5.5000000e+01   6.0000000e+01
   2.1000000e+01  -1.0200000e+02
   2.0000000e+01   3.0000000e+00
   1.7700000e+02  -6.0000000e+01
   2.0000000e+01   5.0000000e+00
   8.1000000e+01   6.0000000e+01
   2.3000000e+01  -6.0000000e+01
   2.0000000e+01  -1.8000000e+01
   2.0000000e+01   1.6000000e+01
   2.0000000e+01  -9.9000000e+01
   2.0000000e+01   2.0000000e+01
   2.0000000e+01   5.6000000e+01
   2.0000000e+01  -9.7000000e+01
   2.0000000e+01  -2.3000000e+01
   2.0000000e+01   5.5000000e+01
   2.0000000e+01  -1.1900000e+02
   2.0000000e+01  -1.2000000e+01
   2.0000000e+01  -1.1900000e+02
   2.0000000e+01  -4.4000000e+01
   2.0000000e+01  -4.5000000e+01
   3.0800000e+02   5.7000000e+01
   8.1000000e+01  -7.3000000e+01
   1.0200000e+02   1.1000000e+01
   2.1000000e+01  -4.4000000e+01
   2.3000000e+01  -1.0400000e+02
   2.2000000e+01  -5.5000000e+01
   2.0000000e+01  -1.4000000e+01
   2.0000000e+01  -1.1700000e+02
   2.0000000e+01  -5.2000000e+01
