   7.4200000e+02   2.9165850e+01
   2.4000000e+02  -9.5035362e+01
   6.8000000e+01  -5.2255557e+00
   2.3000000e+01  -9.1109830e+01
   1.2300000e+02   5.8944083e+01
   2.3000000e+02  -8.9044590e+01
   4.6000000e+01   2.9790574e+01
   2.0000000e+01  -1.1301407e+02
   2.2000000e+01  -3.7125008e+01
   2.4000000e+01  -1.1055661e+02
   7.2000000e+01  -2.1728153e+01
   1.6800000e+02  -7.8737337e+01
   2.1000000e+01  -3.0919658e+01
   1.1100000e+02   5.9990211e+01
   5.7200000e+02  -5.9650666e+01
   2.8000000e+01  -4.7302741e+00
   2.0000000e+01  -7.9968893e+01
   2.1000000e+01   5.2505048e+01
   2.0000000e+01  -1.1747021e+02
   1.5400000e+02   2.9870988e+01
   2.0000000e+01  -8.6807034e+01
   1.5200000e+02   5.9825667e+01
   2.8000000e+01  -8.9519600e+01
   2.6700000e+02   2.9666894e+01
   2.9000000e+02  -5.8813660e+01
   1.8000000e+02  -1.9611007e+01
   7.2100000e+02  -5.2126014e+01
   4.0000000e+02   4.9127776e+01
   2.1000000e+01  -1.1439919e+02
   3.9000000e+01   7.9731349e+00
   6.4000000e+01  -8.9370918e+01
   4.4000000e+01  -1.3262874e+01
   3.8000000e+01  -4.8265138e+01
   3.2000000e+01  -2.7788900e+01
   2.5000000e+01  -1.1093732e+02
   2.0000000e+01  -1.3257749e+01
   9.5000000e+01   5.9003251e+01
   2.0000000e+01  -1.0530851e+02
   2.1000000e+01   5.5156551e+01
   4.6200000e+02  -1.1716546e+02
   2.1200000e+02  -3.0102016e+01
   2.3800000e+02  -6.7692247e+01
   2.1000000e+01  -1.4098755e+01
   2.0000000e+01  -1.1938555e+02
   2.1000000e+01  -2.3477575e+01
   1.9500000e+02   5.9412563e+01
   4.5000000e+01  -5.5220434e+01
   4.7700000e+02  -1.7248789e+01
   2.0000000e+01   4.5243415e+01
   2.0000000e+01  -1.1455831e+02
   2.2000000e+01  -3.3250148e+01
