   8.0200000e+02   2.6850811e+01
   5.2000000e+01  -1.1023503e+02
   3.9000000e+01  -8.8021851e+00
   2.0000000e+01  -1.1272916e+02
   1.1600000e+02   5.8710328e+01
   2.0100000e+02  -8.9804618e+01
   5.3400000e+02   1.3005094e+01
   8.7000000e+01  -8.9696116e+01
   2.0000000e+01  -3.8115289e+01
   1.2300000e+02   3.5021481e+01
   9.9000000e+01  -1.1791335e+02
   5.6500000e+02  -9.8711305e+00
   1.2300000e+02  -1.1168494e+02
   6.0800000e+02  -3.0015608e+01
   1.4400000e+02  -7.5833035e+01
   1.2000000e+02   5.9892169e+01
   3.3000000e+01  -9.2410928e+01
   4.2600000e+02  -2.9336649e+01
   1.5300000e+02  -7.2594729e+01
   4.0400000e+02   4.1839296e+01
   5.2700000e+02  -5.5185442e+01
   8.4000000e+01   2.5566792e+01
   1.6700000e+02  -5.8453227e+01
   6.3000000e+01  -2.1650081e+01
   1.4400000e+02   5.9845392e+01
   2.2900000e+02  -8.9485498e+01
   2.2000000e+01  -5.8155816e+01
   2.0000000e+01  -1.1012145e+01
   2.0000000e+01  -7.8515688e+01
   2.0000000e+01   1.8937033e+01
   3.1000000e+01  -1.1959435e+02
   6.7000000e+01   5.9791014e+01
   2.0000000e+01  -4.1664668e+01
   2.3000000e+01  -1.1422982e+02
   2.0000000e+01  -8.7195562e+00
   2.1000000e+01   4.2309503e+01
   1.3200000e+02   5.9979487e+01
   2.0000000e+01  -9.3488468e+01
   2.0000000e+01   2.6443306e+01
   2.0000000e+01  -2.3397005e+01
   4.8000000e+01  -8.9645688e+01
   1.9400000e+02  -4.7662394e+01
   2.0000000e+01  -1.1300492e+02
   2.1000000e+01   2.2061430e+00
   2.1000000e+01  -5.8853181e+01
   9.4000000e+01   5.5525974e+01
   2.0000000e+01  -1.0211343e+02
   2.9000000e+01   5.7257130e+01
   2.0000000e+01  -1.1517453e+02
   2.1000000e+01   2.8484349e+01
   2.0000000e+01   4.5633464e+01
