   7.5500000e+02   2.8000000e+01
   4.9000000e+01  -1.1400000e+02
   3.6700000e+02  -4.0000000e+00
   3.8000000e+01  -1.1600000e+02
   4.1000000e+01  -2.0000000e+00
   2.7000000e+01  -8.2000000e+01
   4.6500000e+02   5.5000000e+01
   3.7600000e+02  -9.0000000e+01
   1.7100000e+02  -3.6000000e+01
   2.2000000e+01  -1.1300000e+02
   6.6000000e+01   6.0000000e+01
   1.7600000e+02  -8.7000000e+01
   1.1000000e+02   3.7000000e+01
   4.7000000e+01  -1.2000000e+02
   2.3000000e+01  -5.2000000e+01
   1.5900000e+02   2.8000000e+01
   2.2000000e+01  -7.9000000e+01
   2.4000000e+01   4.0000000e+00
   9.7000000e+01   5.8000000e+01
   4.2000000e+01  -9.0000000e+01
   4.1000000e+01  -2.3000000e+01
   2.7000000e+01  -5.8000000e+01
   6.0000000e+01   5.9000000e+01
   5.3000000e+01  -5.5000000e+01
   3.0000000e+01  -1.1400000e+02
   2.4000000e+01  -7.0000000e+00
   2.0000000e+01  -5.8000000e+01
   1.3700000e+02   6.0000000e+01
   2.0000000e+01  -9.4000000e+01
   2.0000000e+01   2.8000000e+01
   2.3000000e+01  -2.4000000e+01
   2.1000000e+01  -1.1400000e+02
   2.0000000e+01   2.2000000e+01
   2.7000000e+01  -1.1800000e+02
   2.1000000e+01   1.5000000e+01
   2.0000000e+01  -6.1000000e+01
   6.7000000e+01   6.0000000e+01
   3.0000000e+01  -8.9000000e+01
   2.0000000e+01   6.0000000e+01
   2.1000000e+01  -4.7000000e+01
   2.0000000e+01  -1.1700000e+02
   2.0000000e+01   1.3000000e+01
   2.2000000e+01   2.0000000e+01
   2.7000000e+01  -1.1200000e+02
   2.1000000e+01   3.1000000e+01
   2.0000000e+01  -1.1700000e+02
   2.3000000e+01   3.9000000e+01
   2.1000000e+01  -4.4000000e+01
   9.6000000e+01   5.8000000e+01
   2.8000000e+01  -1.1300000e+02
   6.1000000e+01  -5.2000000e+01
