   7.1800000e+02   2.8973613e+01
   2.7000000e+02  -9.2723104e+01
   3.7000000e+01  -2.7564683e+00
   2.2000000e+01  -1.0648738e+02
   1.1300000e+02   5.9659785e+01
   2.0200000e+02  -8.9430937e+01
   4.9000000e+01  -1.5174303e+00
   3.6000000e+01  -1.1585174e+02
   3.6000000e+01  -4.8436358e+01
   1.3300000e+02   4.0962275e+01
   1.0500000e+02  -8.7070509e+01
   3.7000000e+01   5.7240656e+00
   2.1000000e+01  -8.6619816e+01
   1.7400000e+02   2.9936118e+01
   3.0000000e+01  -5.7056289e+01
   4.2000000e+01  -1.0237897e+02
   7.2700000e+02   3.6959926e+01
   9.2000000e+01  -8.4982605e+01
   2.0000000e+01   1.3847659e+01
   2.0000000e+01  -2.8638757e+01
   2.4000000e+01  -1.0895091e+02
   5.5000000e+01   5.9980504e+01
   2.2700000e+02   2.9973286e+01
   2.6800000e+02  -5.9974131e+01
   6.8000000e+01  -7.0466726e-01
   2.2000000e+01  -4.6144094e+01
   2.0000000e+01  -6.6066105e+01
   5.2000000e+01   5.9715734e+01
   7.2000000e+01  -1.1909629e+02
   2.2000000e+01  -4.6673806e+01
   2.0500000e+02  -1.5871042e+01
   2.0000000e+01  -4.2804939e+01
   2.5000000e+01  -7.4325616e+01
   1.8600000e+02   5.9991099e+01
   2.8000000e+01  -8.9566841e+01
   3.2000000e+01  -2.9703917e+01
   3.4000000e+01  -1.1124696e+02
   2.2000000e+01  -1.2447742e-01
   2.2000000e+01   1.6301514e+01
   3.9500000e+02   4.4056238e+01
   5.3000000e+01  -8.9570376e+01
   1.2600000e+02   9.1507680e+00
   2.3800000e+02   4.0137140e+01
   7.0000000e+01  -5.8605125e+01
   3.5500000e+02  -9.6190818e+00
   3.7000000e+01  -5.2587465e+01
   3.1000000e+01  -9.5761584e+01
   2.9000000e+01   5.4535110e+01
   3.6000000e+01  -1.0583632e+02
   2.6000000e+01  -5.1540610e+01
   2.2000000e+01   5.3077317e+01
