   6.4200000e+02   2.9000000e+01
   1.1700000e+02  -1.0700000e+02
   2.2000000e+01  -1.0000000e+00
   2.7000000e+01  -7.8000000e+01
   1.1200000e+02   6.0000000e+01
   2.0500000e+02  -9.0000000e+01
   1.8200000e+02   2.9000000e+01
   4.4000000e+01  -9.0000000e+01
   6.1000000e+01  -1.2000000e+01
   2.0000000e+01  -1.0400000e+02
   2.7000000e+01  -4.4000000e+01
   2.0000000e+01  -9.8000000e+01
   1.2600000e+02   5.9000000e+01
   7.7000000e+01  -8.5000000e+01
   2.0000000e+01  -4.0000000e+00
   3.4900000e+02  -8.7000000e+01
   3.0000000e+01  -1.5000000e+01
   2.0000000e+01  -1.0500000e+02
   1.1000000e+02   6.0000000e+01
   2.5700000e+02  -6.0000000e+01
   2.0000000e+01   5.4000000e+01
   8.0000000e+01  -1.1500000e+02
   2.0000000e+01  -3.2000000e+01
   2.0000000e+01  -8.7000000e+01
   1.1700000e+02   6.0000000e+01
   2.3000000e+01  -6.0000000e+01
   2.0000000e+01  -7.0000000e+00
   2.0000000e+01   2.7000000e+01
   2.0000000e+01  -1.0700000e+02
   2.0000000e+01   2.5000000e+01
   2.4000000e+01  -1.1100000e+02
   2.1000000e+01   3.6000000e+01
   2.0000000e+01  -4.9000000e+01
   1.6300000e+02  -3.0000000e+00
   1.8700000e+02  -5.4000000e+01
   3.1900000e+02   2.0000000e+00
   2.0000000e+01  -6.4000000e+01
   2.0000000e+01  -1.1700000e+02
   2.0000000e+01  -4.0000000e+01
   2.1400000e+02   5.9000000e+01
   2.4000000e+01  -9.5000000e+01
   9.9000000e+01   2.7000000e+01
   2.0000000e+01  -9.8000000e+01
   2.0000000e+01  -2.5000000e+01
   2.0000000e+01  -4.7000000e+01
   9.6000000e+01   6.0000000e+01
   2.0000000e+01  -9.5000000e+01
   2.0000000e+01   5.0000000e+01
   2.0000000e+01  -1.0700000e+02
   2.0000000e+01  -5.6000000e+01
   2.0000000e+01  -3.2000000e+01
