   6.2900000e+02   2.9707393e+01
   1.1400000e+02  -9.9082631e+01
   1.0110000e+03  -9.4144733e+00
   2.0000000e+01  -1.0442371e+02
   3.6400000e+02   4.9634747e+01
   2.2500000e+02  -8.9791390e+01
   3.8000000e+02   2.9956349e+01
   4.2100000e+02  -8.4051755e+01
   2.2000000e+01  -1.0657859e+01
   4.2000000e+01  -1.1123556e+02
   2.5300000e+02  -3.0139285e+01
   3.8000000e+01  -8.7300221e+01
   2.0300000e+02   5.4836159e+01
   6.8800000e+02  -5.9086257e+01
   2.9400000e+02  -2.7011569e+00
   6.4000000e+01  -1.1761485e+02
   4.3000000e+01   4.8184579e+01
   2.1000000e+01  -7.1523095e+01
   8.0200000e+02   2.9638821e+01
   9.2000000e+01  -7.3517018e+01
   6.0000000e+01  -2.3441890e+01
   6.1000000e+01  -9.6003116e+01
   4.1000000e+01   5.8819754e+01
   2.7200000e+02  -4.6958809e+01
   2.3000000e+01   1.1703033e+01
   2.9000000e+01  -1.1791556e+02
   2.2000000e+01  -3.4443112e+01
   3.9000000e+01  -1.1038858e+02
   3.6000000e+01   2.0317755e+00
   3.2000000e+01  -8.1460813e+01
   1.0800000e+02   5.9834892e+01
   4.7000000e+01  -9.0350183e+01
   2.5000000e+01  -5.1803962e+00
   2.1000000e+01  -5.1256208e+01
   5.7000000e+01  -1.1994854e+02
   2.0000000e+01  -1.8480445e+01
   2.0000000e+01   5.8911428e+01
   2.1000000e+01   7.2694733e+00
   2.1000000e+01  -4.2758671e+01
   1.5000000e+02   5.9976473e+01
   2.0000000e+01  -9.2882042e+01
   2.8000000e+01  -1.8231564e+01
   2.8000000e+01   1.8495914e+01
   3.8000000e+01  -9.4887460e+01
   4.4000000e+01   2.6366120e+01
   2.0000000e+01   5.6888726e+01
   2.0000000e+01  -9.4767824e+01
   2.0000000e+01   3.3002929e+01
   4.8000000e+01  -9.5498111e+01
   4.2000000e+01  -5.3136938e+01
   7.3000000e+01  -1.0311747e+02
