   2.7100000e+02   2.9586234e+01
   5.1000000e+01  -1.1285088e+02
   7.9000000e+01  -1.6884119e+01
   1.1390000e+03   2.9959234e+01
   8.9400000e+02  -8.8850373e+01
   1.8500000e+02  -3.0028220e+01
   2.4900000e+02   4.5108777e+01
   2.5000000e+01  -1.1122038e+02
   2.6500000e+02  -2.6447991e+01
   8.4000000e+01  -8.9951460e+01
   5.3000000e+01   4.8514917e+01
   1.1800000e+02  -8.6979316e+01
   2.0000000e+01   1.1954614e+01
   2.6000000e+01  -5.8779960e+01
   2.0000000e+01   6.3901227e+00
   3.1000000e+01  -1.1917554e+02
   4.0000000e+01  -1.2352259e+01
   3.9000000e+01  -1.0222167e+02
   7.0000000e+01   5.9773630e+01
   2.8000000e+01  -7.3610147e+01
   1.2900000e+02   5.4934520e+01
   2.5300000e+02  -5.8849444e+01
   2.6300000e+02  -8.2249553e+00
   1.0800000e+02  -5.9831683e+01
   3.4000000e+01  -1.1657447e+02
   5.3000000e+02  -2.5927033e+01
   7.2000000e+02  -6.4000856e+01
   1.5200000e+02   5.5776798e+01
   2.7000000e+01  -1.1591179e+02
   7.9500000e+02   2.6130050e+01
   2.0000000e+01  -1.1260349e+02
   2.2000000e+01  -3.3104393e+01
   2.0000000e+01  -1.1075011e+02
   5.1800000e+02   8.8120551e+00
   3.2000000e+01  -1.1197435e+02
   3.0400000e+02  -4.3196272e+01
   1.0300000e+02   5.9954208e+01
   2.3000000e+01  -5.8655456e+01
   2.0000000e+01  -6.9015917e-01
   3.2000000e+02   5.1437355e+01
   3.9000000e+01  -8.8652607e+01
   4.2900000e+02   1.5777747e+01
   2.1000000e+01   3.4203706e+01
   2.1000000e+01  -8.6767223e+01
   2.0000000e+01   8.9066526e+00
   1.4900000e+02   5.4251708e+01
   7.4000000e+01  -7.3541763e+01
   1.0100000e+02   5.5406418e+01
   2.1000000e+01  -9.4185118e+01
   2.1000000e+01  -3.1771395e+01
   2.9000000e+01  -8.0191272e+01
