   6.4400000e+02   2.9000000e+01
   1.0500000e+02  -1.0900000e+02
   2.2000000e+01  -2.0000000e+00
   2.0000000e+01  -1.2000000e+02
   1.1300000e+02   6.0000000e+01
   1.9600000e+02  -9.0000000e+01
   2.6000000e+01   2.2000000e+01
   3.4000000e+01  -1.1800000e+02
   2.7000000e+01  -4.0000000e+01
   2.9900000e+02   2.9000000e+01
   2.7700000e+02  -8.7000000e+01
   3.1000000e+01  -2.0000000e+01
   2.0000000e+01  -6.7000000e+01
   1.0800000e+02   6.0000000e+01
   5.6200000e+02  -6.0000000e+01
   1.9700000e+02   5.7000000e+01
   9.0000000e+01  -9.0000000e+01
   9.1000000e+01  -1.5000000e+01
   4.8000000e+01  -9.0000000e+01
   2.8000000e+01  -1.0000000e+00
   2.0000000e+01  -3.4000000e+01
   9.0000000e+01   5.4000000e+01
   4.1000000e+01  -1.0600000e+02
   5.3000000e+01   1.4000000e+01
   8.0000000e+01   6.0000000e+01
   3.1000000e+01  -5.7000000e+01
   2.0000000e+01  -2.0000000e+01
   2.0000000e+01  -9.4000000e+01
   2.6300000e+02   2.9000000e+01
   2.0000000e+01  -1.5000000e+01
   2.3000000e+01  -1.0300000e+02
   2.1000000e+01  -3.8000000e+01
   2.0000000e+01   1.0000000e+00
   3.2000000e+01  -1.2000000e+02
   2.0000000e+01   3.1000000e+01
   2.0000000e+01  -7.8000000e+01
   2.3900000e+02   4.0000000e+00
   2.7100000e+02  -1.1700000e+02
   1.4100000e+02  -4.7000000e+01
   2.0000000e+01   5.3000000e+01
   2.0000000e+01  -4.4000000e+01
   2.0000000e+01   1.6000000e+01
   7.8000000e+01   6.0000000e+01
   2.0000000e+01  -9.5000000e+01
   2.0000000e+01   5.7000000e+01
   2.0000000e+01   4.1000000e+01
   2.0000000e+01  -1.1700000e+02
   2.0000000e+01  -4.5000000e+01
   5.8400000e+02   5.0000000e+01
   2.0000000e+01  -9.5000000e+01
   2.1300000e+02   2.4000000e+01
