   7.2000000e+02   2.9000000e+01
   2.7700000e+02  -9.2000000e+01
   2.1000000e+01  -2.0000000e+00
   2.4000000e+01  -9.2000000e+01
   7.8500000e+02   5.6000000e+01
   6.4600000e+02  -8.9000000e+01
   3.1000000e+01  -4.9000000e+01
   2.0000000e+02   4.5000000e+01
   1.7700000e+02  -8.7000000e+01
   6.5000000e+01   1.0000000e+01
   2.3000000e+01  -1.1800000e+02
   2.0000000e+01  -2.4000000e+01
   5.7000000e+01  -8.9000000e+01
   3.0000000e+01  -1.3000000e+01
   2.3000000e+01  -8.0000000e+01
   4.2000000e+01   5.9000000e+01
   2.4000000e+01  -1.1100000e+02
   3.9000000e+01  -2.4000000e+01
   2.4000000e+01  -7.9000000e+01
   1.2100000e+02   5.6000000e+01
   2.4800000e+02  -6.0000000e+01
   1.1400000e+02   2.0000000e+01
   5.2000000e+01  -9.0000000e+01
   3.1000000e+01  -2.1000000e+01
   1.1900000e+02  -5.9000000e+01
   2.0000000e+01  -1.1600000e+02
   3.3000000e+01  -4.4000000e+01
   1.0100000e+02   6.0000000e+01
   2.5000000e+01  -6.0000000e+01
   2.0000000e+01  -1.0000000e+01
   2.0000000e+01  -1.0600000e+02
   4.8000000e+01   6.0000000e+01
   2.1000000e+01   2.3000000e+01
   2.5000000e+01  -1.1800000e+02
   2.1000000e+01   5.0000000e+00
   2.0000000e+01  -3.5000000e+01
   2.1000000e+01  -1.1600000e+02
   2.1000000e+01   8.0000000e+00
   2.0000000e+01  -4.5000000e+01
   4.8000000e+02  -1.1100000e+02
   2.6300000e+02  -1.9000000e+01
   6.3000000e+01  -1.1100000e+02
   1.4200000e+02   6.0000000e+01
   2.2000000e+01  -7.9000000e+01
   2.4000000e+01   1.6000000e+01
   4.1000000e+01  -1.9000000e+01
   2.8000000e+01  -1.1500000e+02
   3.3000000e+01   4.4000000e+01
   2.3000000e+01  -1.2000000e+02
   2.0000000e+01   5.6000000e+01
   2.1000000e+01  -1.0500000e+02
