   7.2100000e+02   2.9000000e+01
   1.7900000e+02  -1.0000000e+02
   2.2000000e+01  -3.0000000e+00
   2.0000000e+01  -1.1700000e+02
   1.1200000e+02   6.0000000e+01
   1.9600000e+02  -9.0000000e+01
   9.1000000e+01   3.8000000e+01
   7.9000000e+01  -9.1000000e+01
   4.5000000e+01  -4.8000000e+01
   1.7100000e+02   2.9000000e+01
   4.2000000e+01  -9.0000000e+01
   2.0000000e+01  -1.0000000e+00
   2.3800000e+02  -6.0000000e+01
   3.0000000e+01  -1.2000000e+02
   2.0000000e+01  -3.3000000e+01
   3.0200000e+02   5.9000000e+01
   8.3000000e+01  -9.0000000e+01
   1.1500000e+02  -1.8000000e+01
   3.4500000e+02  -8.7000000e+01
   2.0000000e+01   1.0000000e+00
   2.0000000e+01  -6.9000000e+01
   1.0800000e+02   6.0000000e+01
   2.4700000e+02  -6.0000000e+01
   2.0000000e+01   2.2000000e+01
   2.0000000e+01  -1.0000000e+02
   2.1000000e+01  -2.0000000e+00
   2.0000000e+01  -5.3000000e+01
   2.8400000e+02   5.2000000e+01
   2.2000000e+01  -9.5000000e+01
   2.2500000e+02   2.9000000e+01
   7.3000000e+01  -6.0000000e+01
   2.0000000e+01   5.7000000e+01
   2.0000000e+01  -1.4000000e+01
   2.0000000e+01   2.1000000e+01
   2.0000000e+01  -1.1100000e+02
   2.0000000e+01   5.2000000e+01
   6.1000000e+01  -1.2000000e+02
   2.5000000e+01  -5.0000000e+00
   2.0000000e+01  -8.6000000e+01
   2.2000000e+01   6.0000000e+01
   2.3000000e+01  -9.7000000e+01
   2.2000000e+01   1.8000000e+01
   2.0000000e+01  -9.6000000e+01
   2.0000000e+01  -1.0000000e+00
   2.0000000e+01  -4.1000000e+01
   2.0000000e+01  -1.1800000e+02
   2.0000000e+01  -4.9000000e+01
   2.0000000e+01  -3.6000000e+01
   4.5000000e+01  -1.1300000e+02
   3.5000000e+01  -9.0000000e+01
   4.3000000e+01  -6.5000000e+01
