   6.6200000e+02   2.9000000e+01
   5.4000000e+01  -1.0900000e+02
   2.2000000e+01  -2.0000000e+00
   4.3000000e+01  -9.0000000e+01
   9.9000000e+01   6.0000000e+01
   1.1000000e+02  -9.0000000e+01
   2.1000000e+01   5.0000000e+00
   4.6000000e+01  -1.2000000e+02
   3.0000000e+01  -1.2000000e+01
   2.0000000e+01  -1.1800000e+02
   2.1000000e+01  -3.4000000e+01
   2.0000000e+01  -6.6000000e+01
   1.3300000e+02   6.0000000e+01
   7.3000000e+01  -8.6000000e+01
   2.0000000e+01  -4.0000000e+00
   2.4700000e+02  -5.9000000e+01
   1.7900000e+02  -1.6000000e+01
   2.3200000e+02  -7.0000000e+01
   2.0500000e+02  -5.1000000e+01
   2.0000000e+01  -1.1800000e+02
   2.0000000e+01   1.1000000e+01
   1.1900000e+02   5.9000000e+01
   2.7000000e+01  -5.9000000e+01
   2.0000000e+01   1.5000000e+01
   3.3000000e+01  -9.7000000e+01
   4.7000000e+01   6.0000000e+01
   2.2000000e+01  -1.2000000e+01
   2.0000000e+01   1.8000000e+01
   3.2000000e+01  -1.1300000e+02
   2.0000000e+01   4.7000000e+01
   2.4000000e+01  -6.0000000e+01
   2.6000000e+01  -1.1500000e+02
   7.5000000e+01  -4.4000000e+01
   2.1000000e+01   6.0000000e+01
   2.0000000e+01  -1.1700000e+02
   2.1000000e+01  -2.7000000e+01
   3.0000000e+01  -1.2000000e+02
   3.3000000e+01   4.9000000e+01
   2.9000000e+01  -4.0000000e+01
   2.0000000e+01  -6.3000000e+01
   2.0000000e+01  -7.0000000e+00
   2.0000000e+01  -6.8000000e+01
   2.2100000e+02   5.5000000e+01
   2.8000000e+01  -1.1600000e+02
   9.4000000e+01   2.5000000e+01
   1.3100000e+02   6.0000000e+01
   2.0000000e+01  -9.5000000e+01
   2.0000000e+01  -4.0000000e+00
   2.3000000e+01  -1.0300000e+02
   2.2000000e+01  -4.8000000e+01
   2.0000000e+01  -3.6000000e+01
