   4.3000000e+02   2.9770066e+01
   8.6000000e+01  -1.0973725e+02
   3.2000000e+01  -7.5730072e+00
   3.0000000e+01  -8.8702500e+01
   2.9700000e+02   5.8096437e+01
   2.3000000e+02  -8.9988814e+01
   9.8000000e+01   5.9580961e+01
   3.0000000e+01  -1.1372028e+02
   2.4000000e+01  -3.4455599e+01
   4.0400000e+02   2.5319572e+01
   6.2300000e+02  -7.6914918e+01
   1.2700000e+02  -4.0851823e+01
   2.1000000e+01   5.9378392e+01
   2.5000000e+01  -9.2446464e+01
   2.3000000e+01  -1.7266834e+00
   3.8000000e+01  -1.1624540e+02
   7.0900000e+02  -3.0083949e+01
   4.2200000e+02  -9.9928363e+01
   5.7000000e+01   5.9897274e+01
   2.7000000e+01  -8.9635716e+01
   2.4000000e+01  -1.1220708e+01
   4.6800000e+02  -5.9960932e+01
   2.1000000e+01   1.2381727e+01
   2.0000000e+01  -6.9834519e+01
   9.8000000e+01   5.9710732e+01
   2.3000000e+01  -5.9710095e+01
   1.0100000e+02   1.8059874e+01
   4.1000000e+01  -2.9368836e+01
   9.9000000e+01  -7.7717164e+01
   6.6300000e+02   4.0638044e+01
   2.0000000e+01  -1.0330777e+02
   2.3000000e+01  -2.9246017e+00
   2.0000000e+01  -4.6004028e+01
   2.0000000e+01  -1.1956362e+02
   2.2000000e+01   3.0866143e+00
   2.0000000e+01  -4.7756430e+01
   8.1000000e+01   5.5610068e+01
   2.9000000e+01  -9.5792007e+01
   1.1600000e+02   4.7640056e+00
   6.7000000e+01   5.9475258e+01
   2.0000000e+01  -7.7890625e+01
   2.3000000e+01   4.7197914e+01
   2.2000000e+01  -5.9984813e+01
   4.4000000e+01  -1.1780975e+02
   2.0000000e+01   2.1933952e+01
   3.7000000e+01  -5.4255868e+01
   2.9000000e+01  -1.1303133e+02
   7.8000000e+01  -1.1645803e+01
   2.1000000e+01  -1.0929146e+02
   3.2000000e+01  -1.6820833e+01
   2.0000000e+01  -6.4924039e+01
