   2.6400000e+02   2.9353117e+01
   4.2000000e+01  -1.1589401e+02
   2.2000000e+01  -4.5277807e-01
   8.8000000e+01   5.5041489e+01
   2.5000000e+01  -1.1181367e+02
   2.4000000e+01  -3.2316033e+00
   1.6200000e+02  -8.3937506e+01
   4.6500000e+02   2.9952591e+01
   1.7700000e+02  -8.7796526e+01
   1.3500000e+02   5.8765041e+01
   5.7000000e+01  -8.9781433e+01
   3.0100000e+02  -3.0144667e+01
   2.7600000e+02  -8.9813230e+01
   2.0000000e+01  -3.0184091e+01
   1.0000000e+02  -6.0751169e+01
   5.0000000e+01  -1.0718231e+01
   2.0000000e+01  -1.1406066e+02
   2.2000000e+01  -3.7495830e+01
   1.1800000e+02   5.9685473e+01
   2.0000000e+01  -1.1606897e+02
   3.2000000e+01  -1.8907928e+01
   1.5900000e+02   5.5533559e+01
   4.4400000e+02  -5.4975696e+01
   6.5300000e+02  -2.0976201e+01
   2.3000000e+01  -1.0462360e+02
   2.0000000e+01  -5.7637448e+01
   2.4000000e+01   9.3612594e+00
   2.2000000e+01  -4.3645809e+01
   2.1000000e+01  -1.1602920e+02
   2.1000000e+01  -3.6084844e+00
   2.4000000e+01  -1.1645804e+02
   1.5000000e+02   3.5043063e+00
   1.5700000e+02  -4.6167553e+01
   2.6800000e+02   5.1143980e+01
   5.3000000e+01  -8.4578423e+01
   4.1000000e+02   2.5936411e+01
   4.7000000e+01  -9.6801702e+01
   2.0000000e+01   5.9265184e+01
   2.0000000e+01   1.5495524e+01
   3.3000000e+01  -1.1792001e+02
   2.3000000e+01   1.2179576e+01
   1.1800000e+02  -4.1184609e+01
   2.3800000e+02   5.7158007e+01
   3.3000000e+01  -8.8544667e+01
   5.9000000e+01  -1.8257455e+01
   2.0000000e+01   3.5722738e+01
   7.1000000e+01  -1.1895125e+02
   2.0000000e+01   4.3821874e+01
   8.9000000e+01  -8.9587776e+01
   2.0000000e+01   1.1034114e+00
   2.0000000e+01  -7.7751701e+01
