   5.6300000e+02   2.9957439e+01
   4.3600000e+02             NaN
   2.0000000e+01  -1.1059664e+02
   1.6200000e+02             NaN
   2.3000000e+01   3.7493214e+01
   1.6500000e+02   5.9952095e+01
   2.4000000e+01             NaN
   4.0000000e+01  -8.9959328e+01
   4.3800000e+02             NaN
   2.3000000e+01  -2.9656471e+01
   3.7000000e+01  -9.4891784e+01
   2.1000000e+01             NaN
   4.4100000e+02   3.0465679e+01
   2.4000000e+01             NaN
   3.5000000e+01  -1.0897431e+02
   3.1300000e+02   2.9886787e+01
   1.3600000e+02             NaN
   6.2000000e+01  -1.1378446e+02
   2.0000000e+01             NaN
   2.2000000e+01  -3.9966427e+00
   2.2000000e+01  -9.9733860e+01
   1.3400000e+02             NaN
   3.4000000e+01   2.6731158e+01
   2.5000000e+01             NaN
   2.0000000e+01  -9.6148791e+01
   1.6800000e+02   5.4605619e+01
   2.3000000e+01             NaN
   2.3000000e+01  -5.8820810e+01
   2.0000000e+01             NaN
   2.3000000e+01   5.2913910e+01
   6.6000000e+01  -9.4739652e+01
   2.0000000e+01             NaN
   3.5000000e+01   4.5001889e+01
   2.0000000e+01             NaN
   2.4000000e+01  -9.8292181e+01
   4.1000000e+01   5.3910973e+01
   2.1000000e+01             NaN
   2.0000000e+01  -6.7963681e+01
   2.0000000e+01             NaN
   2.1000000e+01  -2.3396086e+01
   2.2000000e+01  -1.1064274e+02
   2.2000000e+01             NaN
   3.7000000e+01   1.3581133e+01
   2.0000000e+01             NaN
   2.0000000e+01  -7.8926330e+01
   2.1000000e+01   5.3817703e+01
   2.2000000e+01             NaN
   2.9000000e+01  -1.0818092e+02
   6.8000000e+01             NaN
   2.0000000e+01   8.7111091e+00
   3.0000000e+01  -1.1930358e+02
   2.4000000e+01             NaN
   2.1000000e+01   1.1353181e+01
   2.0000000e+01             NaN
   2.1000000e+01  -1.0214507e+02
   2.1000000e+01  -1.1397359e+01
   2.0000000e+01             NaN
   2.1000000e+01  -4.9701251e+01
   2.1000000e+01             NaN
   2.1000000e+01  -7.7600761e+01
