   7.0800000e+02   2.9667256e+01
   1.4300000e+02             NaN
   3.2000000e+01  -1.0574242e+02
   1.4100000e+02             NaN
   1.3200000e+02  -1.3959176e-01
   1.2500000e+02  -9.1789475e+01
   9.4000000e+01             NaN
   1.6200000e+02   5.9930938e+01
   2.2000000e+01             NaN
   2.1900000e+02  -8.9921175e+01
   3.8800000e+02   1.6758327e+01
   2.1300000e+02             NaN
   2.1000000e+01  -1.0705979e+02
   4.3200000e+02             NaN
   3.6000000e+01  -6.9636392e+01
   1.2600000e+02   5.9572529e+01
   2.1000000e+01             NaN
   2.6300000e+02  -5.9859337e+01
   2.0000000e+01             NaN
   2.1000000e+01   4.8683452e+01
   4.7000000e+01  -1.0656391e+02
   2.0000000e+01             NaN
   2.7000000e+01  -8.5758888e+00
   2.8000000e+01             NaN
   2.6000000e+01   3.5772450e+01
   2.4000000e+01  -1.1657087e+02
   2.2000000e+01             NaN
   2.1000000e+01   7.7032958e+00
   2.2000000e+01             NaN
   2.0000000e+01  -7.9131867e+01
   2.0000000e+01   4.1283756e+01
   2.6500000e+02             NaN
   2.0000000e+01   1.9647438e+00
   3.0000000e+01             NaN
   2.1000000e+01  -1.0293664e+02
   1.1300000e+02   5.9777788e+01
   2.0000000e+01             NaN
   2.2000000e+01  -7.7544555e+01
   2.0000000e+01             NaN
   2.2000000e+01   1.6582084e+01
   8.3000000e+01  -1.1778103e+02
   2.0000000e+01             NaN
   2.0000000e+01   2.2253283e+01
   2.1000000e+01             NaN
   3.1600000e+02  -1.1099854e+02
   2.1000000e+01  -2.7044160e+00
   2.0000000e+01             NaN
   4.5000000e+01   5.1735263e+01
   2.5000000e+01             NaN
   2.0000000e+01  -8.1106846e+01
   2.0000000e+01   2.2321155e+01
   2.0000000e+01             NaN
   3.3000000e+01   4.7393781e+01
   2.1000000e+01             NaN
   2.1000000e+01  -9.1394342e+01
   2.1000000e+01  -1.0156825e+01
   2.0000000e+01             NaN
   3.2000000e+01   5.8549794e+01
   2.5000000e+01             NaN
   2.1000000e+01  -1.0344617e+02
