   6.0200000e+02   2.9957443e+01
   3.9000000e+01             NaN
   8.6000000e+01  -1.0793502e+02
   1.1400000e+02             NaN
   2.1000000e+01  -5.5748428e+00
   7.1000000e+01  -1.0968858e+02
   2.4000000e+01             NaN
   1.1200000e+02   5.9917269e+01
   8.1000000e+01             NaN
   1.3500000e+02  -8.5385470e+01
   2.3000000e+01   1.2656967e+01
   2.6000000e+01             NaN
   2.3000000e+01  -9.8216534e+01
   2.0000000e+01             NaN
   2.5000000e+01   3.3711487e+01
   2.0000000e+01  -1.1359200e+02
   2.1000000e+01             NaN
   2.1000000e+01   3.8862351e+01
   2.3000000e+01             NaN
   2.1000000e+01  -5.9971855e+01
   1.0100000e+02   5.9729914e+01
   2.6300000e+02             NaN
   2.0000000e+01  -9.2637646e+01
   2.2000000e+01             NaN
   2.0000000e+01  -2.0302421e+01
   3.2000000e+01  -1.1538738e+02
   2.1000000e+01             NaN
   2.6200000e+02  -2.4760495e+01
   2.2000000e+01             NaN
   2.2000000e+01  -9.1036146e+01
   4.2000000e+01   5.7799418e+01
   2.6500000e+02             NaN
   7.9000000e+01  -1.0553162e+02
   2.0000000e+01             NaN
   1.5700000e+02  -6.6150342e+01
   2.0700000e+02  -6.0376441e+01
   5.1000000e+01             NaN
   5.6000000e+01  -2.4348697e+01
   3.1000000e+01             NaN
   2.3000000e+01  -6.2068574e+01
   2.7400000e+02   4.5677583e+01
   3.5000000e+01             NaN
   5.5000000e+01  -6.4040018e+01
   2.0000000e+01             NaN
   5.9000000e+01   2.2196688e-01
   2.2000000e+01  -1.0102102e+02
   2.0000000e+01             NaN
   2.0000000e+01  -7.9249297e+01
   2.1000000e+01             NaN
   2.1000000e+01   2.1420245e+01
   2.1000000e+01  -7.5445871e+01
   2.1000000e+01             NaN
   2.5000000e+01   1.0326526e+00
   2.0000000e+01             NaN
   2.0000000e+01   2.5603076e+00
   8.6000000e+01   5.9734203e+01
   2.0000000e+01             NaN
   3.1000000e+01  -6.0973393e+01
   2.2000000e+01             NaN
   2.2000000e+01   3.6614037e+01
