   6.2700000e+02   2.9945373e+01
   2.1000000e+01             NaN
   5.3000000e+01  -1.0803216e+02
   2.0000000e+01             NaN
   2.5000000e+01   3.8564737e+01
   1.6300000e+02  -9.0458479e+01
   1.0000000e+02             NaN
   1.4100000e+02   5.5587014e+01
   4.1000000e+01             NaN
   4.9700000e+02  -8.7026310e+01
   5.6000000e+01   5.4178068e+01
   2.0000000e+01             NaN
   8.2000000e+01  -8.1769292e+01
   2.2000000e+01             NaN
   2.1000000e+01   2.0489735e+01
   3.0700000e+02  -8.8721711e+01
   5.5000000e+01             NaN
   2.4100000e+02   1.9492679e+01
   4.5000000e+01             NaN
   3.3000000e+01  -1.1088677e+02
   5.8000000e+01   5.7032846e+01
   2.1000000e+02             NaN
   2.1000000e+01  -8.1772667e+01
   2.2000000e+01             NaN
   2.1000000e+01   5.8557026e+01
   6.2000000e+01  -1.1421981e+02
   1.7200000e+02             NaN
   5.2000000e+01   3.8299229e+01
   3.5000000e+01             NaN
   2.2000000e+01  -8.8978447e+01
   1.0700000e+02   5.9541137e+01
   2.2400000e+02             NaN
   2.0000000e+01  -7.3365922e+01
   2.5000000e+01             NaN
   2.1000000e+01   2.1713118e+00
   7.0000000e+01  -1.1882239e+02
   2.3000000e+01             NaN
   2.5000000e+01   1.9729748e+00
   2.1000000e+01             NaN
   2.5000000e+01  -1.1879824e+02
   2.1000000e+01  -2.1260566e+01
   2.2000000e+01             NaN
   2.3000000e+01   3.4840142e+01
   2.0000000e+01             NaN
   2.0000000e+01  -1.1245542e+01
   1.7100000e+02  -1.1145508e+02
   3.5900000e+02             NaN
   1.4100000e+02   5.4991210e+01
   6.7000000e+01             NaN
   7.3000000e+01  -8.9169326e+01
   2.0000000e+01   4.1662389e+01
   2.2000000e+01             NaN
   2.3000000e+01  -5.3130227e+01
   2.0000000e+01             NaN
   2.0000000e+01   4.5986944e+01
   2.1000000e+01  -9.0479592e+01
   2.0000000e+01             NaN
   2.1000000e+01  -7.1359528e+01
   2.2000000e+01             NaN
   2.0000000e+01  -8.3110250e+00
