   7.1700000e+02   2.8738947e+01
   1.5100000e+02             NaN
   4.5000000e+01  -1.0751176e+02
   3.8800000e+02             NaN
   8.8000000e+01   1.9139334e+01
   5.9000000e+01  -9.6109729e+01
   2.5000000e+01             NaN
   2.8000000e+01   4.9803443e+01
   4.3000000e+02             NaN
   2.1000000e+01  -9.0825685e+01
   3.5300000e+02   4.4253049e+01
   7.4000000e+01             NaN
   4.0000000e+01  -9.3264326e+01
   2.1000000e+01             NaN
   3.6500000e+02   4.6594637e+01
   1.2500000e+02  -8.9378626e+01
   1.1700000e+02             NaN
   2.0000000e+01   2.1000903e+01
   2.1000000e+01             NaN
   1.8200000e+02  -1.1014705e+02
   2.0000000e+01  -8.1829213e-01
   2.0000000e+01             NaN
   2.0000000e+01  -1.0804188e+02
   2.0000000e+01             NaN
   2.1000000e+01   3.5430862e+01
   1.1800000e+02   3.5075097e+01
   2.3000000e+01             NaN
   7.8000000e+01  -7.9243285e+01
   1.3200000e+02             NaN
   8.7000000e+01   5.0635236e+01
   7.2100000e+02   3.3208761e+01
   1.9300000e+02             NaN
   2.3000000e+01  -7.4366883e+01
   3.7000000e+01             NaN
   3.5000000e+01   3.8074982e+01
   3.7000000e+01  -9.8067774e+01
   3.2000000e+01             NaN
   6.0000000e+01  -7.5746198e+01
   3.4000000e+01             NaN
   5.5000000e+01   6.8953645e+00
   2.6000000e+01  -9.1853079e+01
   2.1000000e+01             NaN
   2.1000000e+01  -9.8622332e+01
   2.1000000e+01             NaN
   2.0000000e+01   4.7642091e+01
   3.4000000e+01  -9.3545569e+01
   2.0000000e+01             NaN
   2.2000000e+01  -2.8331952e+00
   2.1000000e+01             NaN
   2.0000000e+01  -3.1483951e+01
   1.2300000e+02  -6.2913245e+01
   2.0000000e+01             NaN
   2.9600000e+02   4.1690052e+01
   2.2000000e+01             NaN
   1.1700000e+02  -8.7271946e+01
   2.1000000e+01   5.0234755e+00
   2.1000000e+01             NaN
   2.1000000e+01  -2.3476351e+01
   2.5000000e+01             NaN
   2.0000000e+01  -1.8582169e+01
