   4.1700000e+02   2.7356580e+01
   3.5700000e+02             NaN
   7.5900000e+02  -9.0568209e+01
   1.4600000e+02             NaN
   5.8800000e+02   2.9882892e+01
   1.5700000e+02  -8.9061887e+01
   1.6400000e+02             NaN
   1.0900000e+02   5.5468044e+01
   7.8000000e+01             NaN
   6.1000000e+01  -1.0833562e+02
   1.6400000e+02   5.9900975e+01
   2.1000000e+01             NaN
   2.5000000e+01  -8.9783688e+01
   2.1000000e+01             NaN
   2.1000000e+01  -1.1619924e+02
   3.9800000e+02   2.6272790e+01
   2.3000000e+01             NaN
   2.9000000e+01  -1.0166982e+02
   2.4000000e+01             NaN
   9.7000000e+01   5.8012627e+01
   4.8100000e+02   3.3088046e+01
   2.2500000e+02             NaN
   1.2100000e+02  -7.6215403e+01
   2.2000000e+01             NaN
   1.6700000e+02   1.6976640e+01
   8.8000000e+01  -1.0890853e+02
   2.2000000e+01             NaN
   2.0000000e+01   5.9732243e+01
   2.0000000e+01             NaN
   2.0000000e+01  -9.0174561e+01
   2.9000000e+01   4.2551418e+01
   1.7400000e+02             NaN
   2.0000000e+01  -6.3464252e+01
   2.0000000e+01             NaN
   2.2000000e+01   2.7966722e+01
   8.1000000e+01  -1.0951973e+02
   2.0000000e+01             NaN
   2.2000000e+01   3.8005692e+01
   2.2000000e+01             NaN
   2.1000000e+01  -6.5145844e+01
   3.8000000e+01  -9.8707902e+01
   2.2000000e+01             NaN
   2.2000000e+01  -2.1024319e+01
   2.2000000e+01             NaN
   2.0000000e+01  -1.1202437e+02
   1.8300000e+02   5.9994170e+01
   2.3000000e+01             NaN
   2.0000000e+01  -8.9749540e+01
   2.2000000e+01             NaN
   2.1000000e+01   1.1148950e+01
   2.0000000e+01  -4.6072046e+01
   2.2000000e+01             NaN
   2.0000000e+01   2.8060556e+01
   2.7000000e+01             NaN
   2.0000000e+01  -2.4859043e+01
   2.1000000e+01   3.8023814e+01
   2.1000000e+01             NaN
   2.7000000e+01  -6.6309335e+01
   2.2000000e+01             NaN
   2.0000000e+01  -6.8637407e+01
