   5.6900000e+02   2.9996765e+01
   3.2000000e+02             NaN
   1.1300000e+02  -9.0208223e+01
   2.7000000e+01             NaN
   2.9000000e+01  -5.8039285e+00
   3.6000000e+01  -1.0953308e+02
   1.0700000e+02             NaN
   9.8000000e+01   5.9857818e+01
   2.3000000e+01             NaN
   1.1600000e+02  -8.9781002e+01
   3.2100000e+02   4.7748205e+01
   3.9000000e+01             NaN
   1.1500000e+02  -8.9998132e+01
   1.4000000e+02             NaN
   2.0000000e+01   3.3896587e+01
   4.6000000e+01  -1.0781627e+02
   1.5000000e+02             NaN
   3.9000000e+01   3.3818135e+01
   4.5000000e+01             NaN
   2.2000000e+01  -8.7342309e+01
   9.2000000e+01   5.4121817e+01
   2.7300000e+02             NaN
   2.5000000e+01  -1.1697718e+02
   9.9000000e+01             NaN
   2.0000000e+01  -4.0604957e+01
   2.3000000e+01  -1.1949171e+02
   2.7000000e+01             NaN
   2.4000000e+01   1.7968520e+01
   2.0000000e+01             NaN
   2.1000000e+01  -6.9037117e+01
   4.1000000e+01  -1.1165444e+02
   2.0000000e+01             NaN
   2.2000000e+01   4.7159163e+01
   2.2000000e+01             NaN
   2.9000000e+01  -6.0175271e+01
   3.2700000e+02   2.6961702e+01
   2.1000000e+01             NaN
   1.1300000e+02  -9.0394183e+01
   4.0000000e+01             NaN
   2.9000000e+01  -1.1430454e+02
   1.7700000e+02   5.6353628e+01
   4.4000000e+01             NaN
   3.9000000e+01  -6.8297581e+01
   2.1000000e+01             NaN
   5.9900000e+02   5.1105698e+01
   2.7000000e+01  -1.1903186e+02
   2.0000000e+01             NaN
   1.9300000e+02   2.8865335e+01
   2.1000000e+01             NaN
   3.1000000e+01  -1.8582976e+01
   2.1000000e+01  -1.5617781e+01
   2.1000000e+01             NaN
   2.1000000e+01  -6.5889647e+01
   2.3000000e+01             NaN
   2.0000000e+01   3.2085933e+01
   2.6000000e+01  -1.0320505e+01
   1.2200000e+02             NaN
   3.5000000e+01  -8.5152560e+01
   4.4000000e+01             NaN
   4.4000000e+01  -2.7253413e+01
