   7.9000000e+01   5.8791384e+01
   6.3300000e+02             NaN
   2.4000000e+01  -1.1056334e+02
   1.5700000e+02             NaN
   2.6500000e+02   2.9949677e+01
   4.7000000e+01  -9.3049343e+00
   6.6000000e+01             NaN
   2.4900000e+02  -1.1929186e+02
   2.0000000e+01             NaN
   3.1400000e+02   2.7301355e+01
   2.0000000e+01  -8.2346928e+01
   2.0000000e+01             NaN
   1.8400000e+02   5.9951125e+01
   2.4000000e+01             NaN
   6.7000000e+01  -8.8787308e+01
   2.6000000e+01   5.8761281e+01
   2.0000000e+01             NaN
   1.9900000e+02  -7.5812540e+01
   9.9000000e+01             NaN
   2.0000000e+01   3.0574034e+01
   8.7000000e+01  -9.5446912e+01
   2.0000000e+01             NaN
   2.0000000e+01   3.1391146e+01
   2.4000000e+01             NaN
   3.4200000e+02  -1.0140390e+02
   5.5000000e+01   3.1235671e+00
   1.7300000e+02             NaN
   2.6000000e+01   4.5809848e+00
   2.2000000e+01             NaN
   8.9000000e+01  -1.1093400e+02
   2.0000000e+01  -1.3864260e+01
   2.0000000e+01             NaN
   9.6000000e+01   5.9844193e+01
   3.6300000e+02             NaN
   2.2000000e+01  -1.0265021e+02
   5.5000000e+02   5.9204408e+01
   2.6000000e+01             NaN
   8.9000000e+01  -6.2845654e+01
   2.5100000e+02             NaN
   1.3700000e+02  -1.3182400e+01
   4.8000000e+01  -1.1409536e+02
   2.0000000e+01             NaN
   2.3700000e+02  -2.1196026e+01
   2.0000000e+01             NaN
   2.4000000e+01  -1.0409834e+02
   9.1000000e+01   4.3000926e+01
   1.0100000e+02             NaN
   3.3000000e+01  -6.6212729e+01
   2.8800000e+02             NaN
   3.0500000e+02   8.1880814e+00
   9.5000000e+01  -7.4692443e+01
   9.2000000e+01             NaN
   6.4000000e+01   1.3553894e+01
   2.1000000e+01             NaN
   4.8500000e+02  -1.0803399e+02
   2.2000000e+01  -7.1010705e+01
   2.1000000e+01             NaN
   2.0000000e+01  -8.1212149e+01
   2.0000000e+01             NaN
   2.0000000e+01  -8.0090078e+01
