   5.6500000e+02   2.9964159e+01
   3.6300000e+02             NaN
   8.0000000e+01  -9.1939141e+01
   2.1000000e+01             NaN
   2.3000000e+01   5.7472135e+01
   3.0000000e+01  -9.5150736e+01
   3.3400000e+02             NaN
   2.7000000e+01   5.9975551e+01
   4.0100000e+02             NaN
   2.5000000e+01  -9.0065143e+01
   3.3600000e+02   5.5185902e+01
   2.0000000e+01             NaN
   3.7500000e+02  -8.9706584e+01
   6.0000000e+01             NaN
   2.1000000e+01   8.6600814e+00
   2.0000000e+01  -9.3286979e+01
   1.4800000e+02             NaN
   2.2000000e+01   3.0757004e+01
   2.9000000e+01             NaN
   3.2000000e+01  -1.0251576e+02
   1.4900000e+02   5.4618434e+01
   2.4500000e+02             NaN
   3.1000000e+01  -8.5813563e+01
   2.1000000e+01             NaN
   2.3000000e+01  -1.6762691e+01
   2.1000000e+01  -1.0779933e+02
   2.2000000e+01             NaN
   2.0000000e+01   1.0044335e+01
   2.1000000e+01             NaN
   2.9000000e+01  -1.1482315e+02
   2.3000000e+01   7.1354264e+00
   2.0000000e+01             NaN
   2.3000000e+01  -5.4895480e+01
   2.3000000e+01             NaN
   2.7000000e+01  -8.9813606e+01
   8.0000000e+01   5.7566579e+01
   2.1000000e+01             NaN
   2.7000000e+01  -1.0187015e+02
   2.0000000e+01             NaN
   2.2000000e+01   4.6828517e+00
   2.0000000e+01  -8.8650865e+01
   2.0000000e+01             NaN
   2.0000000e+01  -1.3935492e+01
   2.2000000e+01             NaN
   2.1000000e+01  -1.0012732e+02
   1.5900000e+02   5.2713397e+01
   4.3000000e+01             NaN
   7.6000000e+01  -4.2487162e+01
   1.1900000e+02             NaN
   9.8000000e+01   1.2840836e+01
   1.3400000e+02  -1.0699840e+02
   2.1000000e+01             NaN
   2.2000000e+01  -4.4227067e+00
   2.3000000e+01             NaN
   2.3000000e+01  -7.3609167e+01
   2.5000000e+01  -1.6815818e+01
   2.1000000e+01             NaN
   2.1000000e+01   2.5971711e+01
   2.0000000e+01             NaN
   2.1000000e+01  -2.3994772e+00
