   6.7600000e+02   2.8384901e+01
   1.0900000e+02             NaN
   9.3000000e+01  -1.0388022e+02
   2.1400000e+02             NaN
   1.8800000e+02   1.1404078e+01
   2.4000000e+01  -1.1106944e+02
   2.6000000e+01             NaN
   5.6600000e+02   5.9625949e+01
   3.1800000e+02             NaN
   1.4500000e+02  -8.7169606e+01
   3.5000000e+01   2.2701604e+01
   1.0300000e+02             NaN
   2.3000000e+01  -1.1353772e+02
   2.0000000e+01             NaN
   2.1000000e+01  -1.9841364e+01
   2.5500000e+02   3.6538857e+01
   8.6000000e+01             NaN
   2.1000000e+01  -8.2902984e+01
   2.1000000e+01             NaN
   2.2000000e+01   4.7230121e+01
   4.0000000e+01  -1.1981514e+02
   1.4600000e+02             NaN
   2.0000000e+01   1.1931507e+01
   2.1000000e+01             NaN
   3.7400000e+02  -1.1806910e+02
   1.2400000e+02   5.9549437e+01
   2.1000000e+01             NaN
   5.0000000e+01  -1.0299396e+02
   2.1000000e+01             NaN
   2.1000000e+01  -2.4086869e-02
   2.0000000e+01  -9.2084944e+01
   2.9000000e+01             NaN
   2.3000000e+01   5.6568689e+01
   2.0700000e+02             NaN
   2.2000000e+01  -6.3468624e+01
   2.0000000e+01   5.5096154e+01
   2.1000000e+01             NaN
   2.1000000e+01  -6.3877904e+01
   2.2000000e+01             NaN
   2.0000000e+01  -9.8058718e+00
   5.6000000e+01  -1.0767320e+02
   2.1000000e+01             NaN
   2.0000000e+01  -2.7216929e+01
   2.0000000e+01             NaN
   2.2000000e+01  -1.0970559e+02
   3.9000000e+01   5.5782607e+01
   2.4000000e+01             NaN
   2.0000000e+01  -5.2691394e+01
   2.1000000e+01             NaN
   2.0000000e+01  -1.1274783e+01
   2.2000000e+01  -7.8226622e+01
   2.0000000e+01             NaN
   2.1000000e+01  -2.9899095e+01
   2.1000000e+01             NaN
   2.3000000e+01  -3.6055259e+01
   3.1000000e+01   5.4511879e+01
   2.5100000e+02             NaN
   1.1400000e+02   5.7247197e+01
   3.0000000e+01             NaN
   2.1700000e+02  -8.7856019e+01
