   5.9400000e+02   2.9957064e+01
   7.0000000e+01             NaN
   3.1000000e+01  -1.1167621e+02
   2.7900000e+02             NaN
   2.3000000e+01  -1.3177692e+01
   2.0000000e+01  -7.8172090e+01
   2.0000000e+01             NaN
   1.0600000e+02   5.9645643e+01
   3.2000000e+01             NaN
   1.5200000e+02  -8.9855215e+01
   2.9000000e+01  -2.1145881e+01
   4.3000000e+01             NaN
   2.0000000e+01  -1.1256543e+02
   2.3000000e+01             NaN
   3.5000000e+02   8.8672503e-01
   2.0000000e+01  -9.6422044e+01
   6.3000000e+01             NaN
   1.1200000e+02   5.9002232e+01
   8.5000000e+01             NaN
   2.0000000e+01  -1.1682312e+02
   1.3700000e+02   3.7456710e+01
   1.8800000e+02             NaN
   3.0000000e+01  -7.8477836e+01
   2.1000000e+01             NaN
   3.0000000e+01   3.5507827e+01
   3.9000000e+01  -1.0804566e+02
   3.3000000e+01             NaN
   3.4000000e+01  -2.0018553e+01
   2.2000000e+01             NaN
   3.9000000e+01  -9.0680087e+01
   1.1600000e+02   5.9484369e+01
   2.2000000e+01             NaN
   2.0000000e+01  -6.9791595e+01
   2.3000000e+01             NaN
   2.3000000e+01   1.4595060e+01
   1.6100000e+02  -1.0498301e+02
   1.2700000e+02             NaN
   1.2100000e+02   5.6762406e+00
   2.3000000e+01             NaN
   7.5000000e+01  -1.0452638e+02
   2.0000000e+01  -2.2972600e+01
   2.0000000e+01             NaN
   2.9000000e+01   3.8309946e+01
   2.0000000e+01             NaN
   2.1000000e+01  -8.4455292e+01
   2.4000000e+01   4.0320539e+01
   2.0000000e+01             NaN
   2.0000000e+01  -9.8940493e+00
   2.0000000e+01             NaN
   2.3000000e+01  -3.9671112e+01
   1.2900000e+02  -9.8511962e+01
   2.2000000e+01             NaN
   4.6000000e+01   4.5944319e+01
   2.2000000e+01             NaN
   4.6000000e+01   1.1684865e+01
   2.0000000e+01  -1.0201212e+02
   2.1000000e+01             NaN
   2.0000000e+01  -7.0411819e+01
   2.2000000e+01             NaN
   2.0000000e+01  -8.9429922e+01
